"Time (s)","Gyroscope x (rad/s)","Gyroscope y (rad/s)","Gyroscope z (rad/s)"
4.074823600E-2,-5.499265194E-1,3.957340717E-1,4.226312041E-1
4.324099600E-2,-6.681674123E-1,1.720351279E-1,7.070484161E-1
4.573380900E-2,-6.979939342E-1,3.675054014E-2,7.453967929E-1
4.822656900E-2,-6.926677823E-1,2.077204362E-2,7.549839020E-1
5.071933000E-2,-7.001243830E-1,-2.822867595E-2,7.901365757E-1
5.321214200E-2,-7.075810432E-1,-8.468602598E-2,8.348763585E-1
5.570490300E-2,-7.107767463E-1,-1.358172148E-1,8.710942864E-1
5.819771500E-2,-7.161028981E-1,-1.805569977E-1,8.987903595E-1
6.069047600E-2,-7.182333469E-1,-2.125139832E-1,9.222254753E-1
6.318323600E-2,-7.182333469E-1,-2.295577228E-1,9.382039905E-1
6.567599600E-2,-7.203638554E-1,-2.284924835E-1,9.445953965E-1
6.816880900E-2,-7.310161591E-1,-2.476666719E-1,9.477910995E-1
7.062886100E-2,-7.544512749E-1,-3.041240275E-1,9.392692447E-1
7.312162100E-2,-7.821473479E-1,-3.243634701E-1,9.307473302E-1
7.561438200E-2,-7.959953547E-1,-3.051892519E-1,9.179645777E-1
7.810719400E-2,-8.066477180E-1,-2.657756507E-1,9.019860625E-1
8.059995500E-2,-8.151695728E-1,-2.263620198E-1,8.849423528E-1
8.309271500E-2,-8.215609789E-1,-1.965354979E-1,8.796161413E-1
8.558552800E-2,-8.204957247E-1,-1.709699035E-1,8.806813955E-1
8.807828800E-2,-8.162348270E-1,-1.539261788E-1,8.838770986E-1
9.057104900E-2,-8.109086156E-1,-1.496652365E-1,8.977251053E-1
9.306386100E-2,-8.055824637E-1,-1.432738453E-1,9.168993235E-1
9.555662100E-2,-7.959953547E-1,-1.251648813E-1,9.392692447E-1
9.804938200E-2,-7.917344570E-1,-1.038602218E-1,9.648348093E-1
1.005546420E-1,-7.885387540E-1,-7.829462737E-2,9.904004335E-1
1.030474030E-1,-7.874734998E-1,-4.740286991E-2,1.015965939E0
1.055401630E-1,-7.885387540E-1,-1.225017942E-2,1.046857715E0
1.080329760E-1,-7.896040082E-1,2.929390781E-2,1.074553847E0
1.105257360E-1,-7.874734998E-1,7.190322876E-2,1.101184607E0
1.130184960E-1,-7.874734998E-1,1.134473160E-1,1.129945874E0
1.155113090E-1,-7.864083052E-1,1.486000121E-1,1.160837650E0
1.180040690E-1,-7.821473479E-1,1.762960702E-1,1.186403275E0
1.204968300E-1,-7.800168991E-1,2.039921284E-1,1.206642747E0
1.229896420E-1,-7.704297900E-1,2.231663167E-1,1.224751711E0
1.254824030E-1,-7.555165291E-1,2.412752807E-1,1.243925810E0
1.279751630E-1,-7.416685224E-1,2.551233172E-1,1.256708622E0
1.304549030E-1,-7.320814133E-1,2.583190203E-1,1.265230536E0
1.329476630E-1,-7.161028981E-1,2.476666719E-1,1.269491434E0
1.354404240E-1,-6.979939342E-1,2.252967805E-1,1.270556688E0
1.379332360E-1,-6.820154190E-1,1.954702586E-1,1.269491434E0
1.404259960E-1,-6.639064550E-1,1.645784974E-1,1.258839130E0
1.429187570E-1,-6.468627453E-1,1.240996495E-1,1.247121572E0
1.454115690E-1,-6.298190355E-1,7.722939551E-2,1.229012609E0
1.479043300E-1,-6.127753258E-1,3.248960897E-2,1.208773136E0
1.503970900E-1,-5.914706588E-1,-7.989247330E-3,1.189599037E0
1.528899030E-1,-5.712311864E-1,-3.888100386E-2,1.162968159E0
1.553826630E-1,-5.456656218E-1,-5.485950038E-2,1.134206891E0
1.578754240E-1,-5.243609548E-1,-6.444659829E-2,1.104380369E0
1.603731320E-1,-5.030562878E-1,-7.296846062E-2,1.073488593E0
1.628658920E-1,-4.828168750E-1,-7.935985923E-2,1.042596817E0
1.653586530E-1,-4.625774324E-1,-8.575125784E-2,1.010639787E0
1.678514650E-1,-4.444684684E-1,-8.468602598E-2,9.733566642E-1
1.703442260E-1,-4.231638312E-1,-8.042509109E-2,9.392692447E-1
1.728369860E-1,-4.039896131E-1,-7.935985923E-2,9.073122144E-1
1.753297990E-1,-3.816197217E-1,-6.977276504E-2,8.785509467E-1
1.778225590E-1,-3.613803089E-1,-5.166380107E-2,8.519201279E-1
1.803153190E-1,-3.390104175E-1,-2.929390781E-2,8.295502067E-1
1.828081320E-1,-3.155752718E-1,-2.663082443E-3,8.082455397E-1
1.853008920E-1,-2.910749316E-1,1.757634431E-2,7.943975329E-1
1.877936530E-1,-2.655093372E-1,4.101147130E-2,7.816147208E-1
1.902788610E-1,-2.335523367E-1,6.444659829E-2,7.741581202E-1
1.927716210E-1,-1.994648874E-1,8.149032295E-2,7.741581202E-1
1.952643820E-1,-1.653774232E-1,9.640359133E-2,7.720276117E-1
1.977571940E-1,-1.323551983E-1,1.155777797E-1,7.752233148E-1
2.002499550E-1,-9.613727778E-2,1.390129030E-1,7.794842720E-1
2.027427150E-1,-6.204982474E-2,1.635132730E-1,7.826799750E-1
2.052355280E-1,-2.370143496E-2,1.794917583E-1,7.912018299E-1
2.077282880E-1,1.677742042E-2,1.720351279E-1,8.050498366E-1
2.102210490E-1,5.406057462E-2,1.411433816E-1,8.220936060E-1
2.127138610E-1,9.666989744E-2,9.640359133E-2,8.316806555E-1
2.152066210E-1,1.318225861E-1,5.805519968E-2,8.295502067E-1
2.176993820E-1,1.669752747E-1,3.248960897E-2,8.316806555E-1
2.202109960E-1,2.042584270E-1,1.438064594E-2,8.263545036E-1
2.227037570E-1,2.426068187E-1,4.793548491E-3,8.178326488E-1
2.251965170E-1,2.820204496E-1,5.858781748E-3,8.093107939E-1
2.276893300E-1,3.182383776E-1,1.544587873E-2,7.943975329E-1
2.301820900E-1,3.597824574E-1,2.822867595E-2,7.805495262E-1
2.326748510E-1,4.034570158E-1,5.059856921E-2,7.635057569E-1
2.351676630E-1,4.450010955E-1,7.403369248E-2,7.517881989E-1
2.376604240E-1,4.865451753E-1,9.640359133E-2,7.411358953E-1
2.401531840E-1,5.323501825E-1,1.134473160E-1,7.262226343E-1
2.426459960E-1,5.781552196E-1,1.251648813E-1,7.123745680E-1
2.451387570E-1,6.303516626E-1,1.379476786E-1,6.963961124E-1
2.476315170E-1,6.836133003E-1,1.454043090E-1,6.793523431E-1
2.501085490E-1,7.336792350E-1,1.475347728E-1,6.495258212E-1
2.526013090E-1,7.794842720E-1,1.113168523E-1,6.186341047E-1
2.550940690E-1,8.188979030E-1,3.355484083E-2,5.834813714E-1
2.575868820E-1,8.519201279E-1,-6.977276504E-2,5.440677404E-1
2.600796420E-1,8.849423528E-1,-1.699046642E-1,4.982627332E-1
2.625724030E-1,9.083774686E-1,-2.604494691E-1,4.450010955E-1
2.650652150E-1,9.254211783E-1,-3.446028829E-1,3.853480518E-1
2.675579760E-1,9.392692447E-1,-4.159734845E-1,3.214340508E-1
2.700507360E-1,9.360735416E-1,-4.745613039E-1,2.607157826E-1
2.725435490E-1,9.307473302E-1,-5.352795720E-1,1.925408691E-1
2.750363090E-1,9.200950265E-1,-5.917369723E-1,1.286268830E-1
2.775290690E-1,9.019860625E-1,-6.449986100E-1,6.577813625E-2
2.800137570E-1,8.806813955E-1,-6.844122410E-1,-2.663082560E-4
2.825065170E-1,8.593767285E-1,-7.195649147E-1,-5.352795869E-2
2.849992780E-1,8.327459097E-1,-7.472609878E-1,-1.067896113E-1
2.874920900E-1,8.050498366E-1,-7.568480372E-1,-1.536598653E-1
2.899848510E-1,7.698971629E-1,-7.504566908E-1,-1.952039450E-1
2.924776110E-1,5.525896549E-1,-6.396724582E-1,-2.431394309E-1
2.949704240E-1,1.360835135E-1,-4.426043332E-1,-3.315537870E-1
2.974631840E-1,-6.737598777E-2,-4.287562966E-1,-3.730978668E-1
2.999559440E-1,-1.142462417E-1,-5.267577171E-1,-3.560541272E-1
3.024487570E-1,-1.568555683E-1,-5.959978700E-1,-3.209014535E-1
3.049415170E-1,-2.122476846E-1,-6.162372828E-1,-2.772268951E-1
3.074342780E-1,-2.708354890E-1,-5.853455663E-1,-2.239652425E-1
3.099416210E-1,-3.209014535E-1,-5.129097104E-1,-1.696383655E-1
3.124343820E-1,-3.592498302E-1,-4.106473327E-1,-1.121157780E-1
3.149271420E-1,-3.922720551E-1,-2.934716940E-1,-5.139749497E-2
3.174199550E-1,-4.199681282E-1,-1.709699035E-1,6.125089712E-3
3.199127150E-1,-4.370118380E-1,-5.805519968E-2,6.471290439E-2
3.224054760E-1,-4.423380196E-1,3.994623944E-2,1.222354919E-1
3.248982880E-1,-4.348813891E-1,1.155777797E-1,1.818885356E-1
3.273910490E-1,-4.135767221E-1,1.762960702E-1,2.372806519E-1
3.298838090E-1,-3.773587942E-1,2.263620198E-1,2.926727831E-1
3.323766210E-1,-3.262276053E-1,2.689713240E-1,3.448691964E-1
3.348693820E-1,-2.697702646E-1,3.019935489E-1,3.960003853E-1
3.373621420E-1,-2.058562785E-1,3.275591433E-1,4.396749437E-1
3.398439650E-1,-1.376813650E-1,3.456681073E-1,4.812190235E-1
3.423367260E-1,-6.311506033E-2,3.584509194E-1,5.174369216E-1
3.448294860E-1,8.255556226E-3,3.531247377E-1,5.483286977E-1
3.473222990E-1,8.175663650E-2,3.382114768E-1,5.728290677E-1
3.498150590E-1,1.531272531E-1,3.105154335E-1,5.951989293E-1
3.523078190E-1,2.213021666E-1,2.711018026E-1,6.069164872E-1
3.548006320E-1,2.852161527E-1,2.284924835E-1,6.111774445E-1
3.572933920E-1,3.416734934E-1,1.762960702E-1,6.101121902E-1
3.597861530E-1,3.970656097E-1,1.240996495E-1,5.994598866E-1
3.622789650E-1,4.428706169E-1,7.083799690E-2,5.760247707E-1
3.647717260E-1,4.844147265E-1,1.970681176E-2,5.440677404E-1
3.672644860E-1,5.185021758E-1,-2.822867595E-2,5.089150667E-1
3.697679240E-1,5.493939519E-1,-7.403369248E-2,4.705666900E-1
3.722606840E-1,5.717638135E-1,-1.209039465E-1,4.215659797E-1
3.747534440E-1,5.845466256E-1,-1.688394397E-1,3.693695366E-1
3.772462570E-1,6.005251408E-1,-2.157096863E-1,3.214340508E-1
3.797390170E-1,6.143731475E-1,-2.615146935E-1,2.703028917E-1
3.822317780E-1,6.250254512E-1,-3.062545061E-1,2.191716880E-1
3.847245900E-1,6.367430687E-1,-3.573856652E-1,1.733666807E-1
3.872173510E-1,6.505910754E-1,-4.095821083E-1,1.243659556E-1
3.897101110E-1,6.665695906E-1,-4.575175941E-1,8.601756394E-2
3.922029240E-1,6.857437491E-1,-5.065183043E-1,4.553871229E-2
3.946956840E-1,7.038527131E-1,-5.544537902E-1,7.190322969E-3
3.971884440E-1,7.230269313E-1,-5.928021669E-1,-2.050573565E-2
3.996827670E-1,7.400706410E-1,-6.236939430E-1,-4.500609636E-2
4.021755280E-1,7.571143508E-1,-6.503247619E-1,-6.737598777E-2
4.046682880E-1,7.667014599E-1,-6.652380228E-1,-8.228924870E-2
4.071611010E-1,7.752233148E-1,-6.726946831E-1,-8.868064731E-2
4.096538610E-1,7.794842720E-1,-6.769555807E-1,-8.228924870E-2
4.121466210E-1,7.762885690E-1,-6.822817326E-1,-7.057169080E-2
4.146394340E-1,7.741581202E-1,-6.812165380E-1,-5.246272683E-2
4.171321940E-1,7.688319087E-1,-6.790860295E-1,-2.796236612E-2
4.196249550E-1,7.464620471E-1,-6.663032770E-1,-1.331541222E-3
4.221177670E-1,6.836133003E-1,-6.279548407E-1,2.210358530E-2
4.246105280E-1,5.983946323E-1,-5.864107609E-1,4.234301299E-2
4.271032880E-1,5.121107697E-1,-5.629756451E-1,6.151720881E-2
4.295840170E-1,4.481967986E-1,-5.608451962E-1,8.282186836E-2
4.320767780E-1,3.906742036E-1,-5.672366023E-1,1.126483902E-1
4.345695380E-1,3.406082690E-1,-5.746932030E-1,1.382139921E-1
4.370623510E-1,2.841508985E-1,-5.725627542E-1,1.573881805E-1
4.395551110E-1,2.244978547E-1,-5.619103909E-1,1.680405140E-1
4.420478710E-1,1.541924775E-1,-5.406057835E-1,1.733666807E-1
4.445406840E-1,8.495233208E-2,-5.224968195E-1,1.765623689E-1
4.470334440E-1,1.571218669E-2,-5.107792616E-1,1.712362021E-1
4.495262050E-1,-4.926702753E-2,-4.873441160E-1,1.573881805E-1
4.520190170E-1,-1.110505462E-1,-4.585828185E-1,1.435401440E-1
4.545117780E-1,-1.675078869E-1,-4.191691875E-1,1.296921223E-1
4.570045380E-1,-2.165086120E-1,-3.818860352E-1,1.126483902E-1
4.594969860E-1,-2.655093372E-1,-3.456681073E-1,9.347419441E-2
4.619897460E-1,-3.134448230E-1,-3.115806580E-1,7.430000603E-2
4.644825070E-1,-3.539236784E-1,-2.870802879E-1,5.512581021E-2
4.669753190E-1,-3.901416063E-1,-2.668408751E-1,3.914731368E-2
4.694680800E-1,-4.242290556E-1,-2.551233172E-1,2.316881903E-2
4.719608400E-1,-4.529903531E-1,-2.508623898E-1,1.251648832E-2
4.744536530E-1,-4.774906933E-1,-2.540580630E-1,5.059856921E-3
4.769464130E-1,-4.977301359E-1,-2.583190203E-1,2.929390874E-3
4.794391740E-1,-5.179695487E-1,-2.668408751E-1,9.320789017E-3
4.819319860E-1,-5.339480639E-1,-2.817541361E-1,1.145125460E-2
4.844247460E-1,-5.339480639E-1,-2.966673970E-1,2.210358530E-2
4.869175070E-1,-5.296871066E-1,-3.094501793E-1,3.914731368E-2
4.894115170E-1,-5.158390999E-1,-3.211677670E-1,5.832150951E-2
4.919042780E-1,-4.934692085E-1,-3.275591433E-1,7.856093347E-2
4.943970380E-1,-4.583165050E-1,-3.286243975E-1,1.041265279E-1
4.968898510E-1,-4.220985770E-1,-3.264939189E-1,1.328878254E-1
4.993826110E-1,-3.816197217E-1,-3.062545061E-1,1.595186442E-1
5.018753710E-1,-3.272928596E-1,-2.561885417E-1,1.882799417E-1
5.043681840E-1,-2.623136342E-1,-1.741656065E-1,2.138455361E-1
5.068609440E-1,-1.866820902E-1,-6.338136643E-2,2.319544852E-1
5.093537050E-1,-1.003982127E-1,6.018566713E-2,2.489982247E-1
5.118465170E-1,-1.304910425E-2,1.837527007E-1,2.724333405E-1
5.143392780E-1,6.577813625E-2,3.019935489E-1,3.022598624E-1
5.168320380E-1,1.371487528E-1,4.074516296E-1,3.395430148E-1
5.193382360E-1,1.936061084E-1,5.033226013E-1,3.885437548E-1
5.218309960E-1,2.276935577E-1,6.130415797E-1,4.428706169E-1
5.243237570E-1,2.404763550E-1,7.376738787E-1,4.982627332E-1
5.268165690E-1,2.330197245E-1,8.623061180E-1,5.483286977E-1
5.293093300E-1,2.117150575E-1,9.858731627E-1,5.973294377E-1
5.318020900E-1,1.701709777E-1,1.076417923E0,6.367430687E-1
5.342949030E-1,1.094526947E-1,1.061504722E0,6.687000394E-1
5.367876630E-1,3.595161438E-2,9.752208591E-1,6.932004094E-1
5.392804240E-1,-4.394086078E-2,8.931978941E-1,7.027874589E-1
5.417732360E-1,-1.302247345E-1,8.356752992E-1,6.995918155E-1
5.442659960E-1,-2.122476846E-1,7.888050675E-1,6.953308582E-1
5.467587570E-1,-3.017272651E-1,7.472609878E-1,6.921351552E-1
5.492371420E-1,-3.890763521E-1,7.067821026E-1,6.761566401E-1
5.517298510E-1,-4.753602445E-1,6.567161679E-1,6.559172273E-1
5.542226110E-1,-5.627093315E-1,6.002588272E-1,6.314168572E-1
5.567153190E-1,-6.468627453E-1,5.331491232E-1,6.026555896E-1
5.592080800E-1,-7.224943042E-1,4.617785215E-1,5.717638135E-1
5.617008400E-1,-7.906692028E-1,3.850817382E-1,5.366111398E-1
5.641935490E-1,-8.577789068E-1,3.030588031E-1,4.993279874E-1
5.666863090E-1,-9.195623994E-1,2.316881865E-1,4.599143565E-1
5.691790690E-1,-9.770849943E-1,1.773612946E-1,4.173050225E-1
5.716717780E-1,-1.048455596E0,1.667089611E-1,3.693695366E-1
5.741645380E-1,-1.127282858E0,1.752308309E-1,3.171731234E-1
5.766572990E-1,-1.199718714E0,1.688394397E-1,2.671071887E-1
5.791525070E-1,-1.258306503E0,1.283605844E-1,2.223673910E-1
5.816452150E-1,-1.308372498E0,7.722939551E-2,1.786928326E-1
5.841379760E-1,-1.352046967E0,3.675054014E-2,1.382139921E-1
5.866307360E-1,-1.394656301E0,4.793548491E-3,1.041265279E-1
5.891234440E-1,-1.461766005E0,8.468602598E-2,6.897383928E-2
5.916162050E-1,-1.601311564E0,3.552552164E-1,1.784265228E-2
5.941089130E-1,-1.704639196E0,3.957340717E-1,-1.731003635E-2
5.966016740E-1,-1.735530853E0,1.336867511E-1,-2.370143496E-2
5.990944340E-1,-1.751509428E0,-1.443390697E-1,-1.731003635E-2
6.015871420E-1,-1.783466339E0,-3.286243975E-1,-1.198387146E-2
6.040799030E-1,-1.800510168E0,-4.660394490E-1,-1.304910425E-2
6.065726630E-1,-1.786662102E0,-5.778889060E-1,-1.944050193E-2
6.090662050E-1,-1.728074312E0,-6.641727686E-1,-2.902759984E-2
6.115589130E-1,-1.631138086E0,-7.099778056E-1,-3.967992961E-2
6.140516740E-1,-1.506505847E0,-7.014559507E-1,-4.394086078E-2
6.165444340E-1,-1.370155931E0,-6.513900161E-1,-5.352795869E-2
6.190371420E-1,-1.229545236E0,-5.874760151E-1,-6.098458916E-2
6.215299030E-1,-1.101717234E0,-5.438014865E-1,-7.589785010E-2
6.240226110E-1,-9.973244071E-1,-5.406057835E-1,-1.003982127E-1
6.265153710E-1,-9.270190597E-1,-5.810846090E-1,-1.355509013E-1
6.290081320E-1,-8.790835738E-1,-6.492595077E-1,-1.760297567E-1
6.315008400E-1,-8.439308405E-1,-7.227606177E-1,-2.133129090E-1
6.339936010E-1,-8.087781668E-1,-7.941312194E-1,-2.452699095E-1
6.364863090E-1,-7.736254930E-1,-8.420667052E-1,-2.633788586E-1
6.389814650E-1,-7.310161591E-1,-8.761541843E-1,-2.655093372E-1
6.414741740E-1,-6.798849702E-1,-8.974588513E-1,-2.516613007E-1
6.439669340E-1,-6.351451874E-1,-8.708279729E-1,-2.165086120E-1
6.464596940E-1,-6.074491143E-1,-7.920007706E-1,-1.717688292E-1
6.489524030E-1,-6.117100716E-1,-6.684337258E-1,-1.078548431E-1
6.514451630E-1,-6.457974911E-1,-5.320838690E-1,-2.370143496E-2
6.539378710E-1,-7.022548914E-1,-4.181039631E-1,7.216953486E-2
6.564306320E-1,-7.661688328E-1,-3.573856652E-1,1.744319052E-1
6.589233400E-1,-8.407351375E-1,-3.296896219E-1,2.820204496E-1
6.614161010E-1,-9.195623994E-1,-3.105154335E-1,3.874785006E-1
6.639088610E-1,-9.941287041E-1,-2.892107666E-1,4.950670600E-1
6.664016210E-1,-1.055912256E0,-2.636451721E-1,6.079817414E-1
6.688856320E-1,-1.104912996E0,-2.370143533E-1,7.251573801E-1
6.713783400E-1,-1.140065670E0,-1.965354979E-1,8.402025700E-1
6.738711010E-1,-1.158174634E0,-1.432738453E-1,9.573782086E-1
6.763638090E-1,-1.156044126E0,-1.091863886E-1,1.074553847E0
6.788565690E-1,-1.117695808E0,-1.358172148E-1,1.211968899E0
6.813493300E-1,-1.071890712E0,-1.390129030E-1,1.353644848E0
6.838420380E-1,-1.028216124E0,-1.038602218E-1,1.489994645E0
6.863347990E-1,-9.824111462E-1,-8.362079412E-2,1.623148799E0
6.888275590E-1,-9.429975152E-1,-9.320788831E-2,1.740324497E0
6.913202670E-1,-9.153015018E-1,-1.240996495E-1,1.838325858E0
6.938130280E-1,-9.003882408E-1,-1.880136281E-1,1.920348883E0
6.963057880E-1,-8.876054287E-1,-2.636451721E-1,1.984262824E0
6.988025070E-1,-8.801487684E-1,-3.286243975E-1,2.040853262E0
7.012952670E-1,-8.705616593E-1,-3.786903322E-1,2.096245527E0
7.037880280E-1,-8.545832038E-1,-3.957340717E-1,2.155898571E0
7.062807360E-1,-8.396699429E-1,-3.904078901E-1,2.212355852E0
7.087734960E-1,-8.130391240E-1,-3.744294047E-1,2.256030321E0
7.112662570E-1,-7.821473479E-1,-3.509942889E-1,2.300770283E0
7.137589650E-1,-7.491251230E-1,-3.275591433E-1,2.334857702E0
7.162517260E-1,-7.182333469E-1,-3.094501793E-1,2.358292818E0
7.187444860E-1,-6.809502244E-1,-2.934716940E-1,2.371075630E0
7.212371940E-1,-6.553846002E-1,-2.774932086E-1,2.377466917E0
7.237299550E-1,-6.287537813E-1,-2.679060996E-1,2.368945122E0
7.262226630E-1,-6.063839197E-1,-2.572537661E-1,2.347640514E0
7.287272460E-1,-5.946663618E-1,-2.380795777E-1,2.314618111E0
7.312200070E-1,-5.861444473E-1,-2.274272442E-1,2.267747879E0
7.337127670E-1,-5.840139985E-1,-2.167749256E-1,2.211290598E0
7.362055280E-1,-5.914706588E-1,-2.050573528E-1,2.137789488E0
7.386982360E-1,-5.978620052E-1,-1.997311860E-1,2.041918516E0
7.411909960E-1,-6.095796227E-1,-2.061225921E-1,1.919283628E0
7.436837050E-1,-6.212971807E-1,-2.125139832E-1,1.782933831E0
7.461764650E-1,-6.340799332E-1,-2.082530558E-1,1.623148799E0
7.486692260E-1,-6.521888971E-1,-1.944050342E-1,1.449515820E0
7.511619340E-1,-6.713631153E-1,-1.720351279E-1,1.266295791E0
7.536546940E-1,-6.820154190E-1,-1.464695334E-1,1.075619102E0
7.561474550E-1,-6.852111220E-1,-1.187734827E-1,8.881380558E-1
7.586276110E-1,-6.916025281E-1,-8.894696087E-2,7.081136703E-1
7.611203190E-1,-7.022548914E-1,-5.485950038E-2,5.461982489E-1
7.636130800E-1,-7.161028981E-1,-1.651111245E-2,3.970656097E-1
7.661057880E-1,-7.352771163E-1,1.864157803E-2,2.649767101E-1
7.685985490E-1,-7.651036382E-1,4.953333735E-2,1.499315500E-1
7.710913090E-1,-7.959953547E-1,7.935985923E-2,5.406057462E-2
7.735840170E-1,-8.290175796E-1,1.070559174E-1,-2.157096937E-2
7.760767780E-1,-8.758878708E-1,1.368824393E-1,-7.483261824E-2
7.785695380E-1,-9.280842543E-1,1.635132730E-1,-1.057243794E-1
7.810622460E-1,-9.834764004E-1,1.922745556E-1,-1.174419373E-1
7.835550070E-1,-1.045259953E0,2.125139832E-1,-1.099853069E-1
7.860477670E-1,-1.105978131E0,2.252967805E-1,-9.826774895E-2
7.885393820E-1,-1.160305023E0,2.412752807E-1,-7.589785010E-2
7.910320900E-1,-1.203979611E0,2.519276142E-1,-5.246272683E-2
7.935248510E-1,-1.237001896E0,2.593842447E-1,-3.222329915E-2
7.960175590E-1,-1.265763164E0,2.689713240E-1,-1.517957076E-2
7.985103190E-1,-1.278545976E0,2.774932086E-1,-2.663082560E-4
8.010030800E-1,-1.288133025E0,2.828193605E-1,8.255556226E-3
8.034957880E-1,-1.281741619E0,2.892107666E-1,6.125089712E-3
8.059885490E-1,-1.272154570E0,2.945369184E-1,-4.527240526E-3
8.084813090E-1,-1.257241249E0,2.966673970E-1,-2.050573565E-2
8.109740170E-1,-1.233806133E0,2.934716940E-1,-4.287562892E-2
8.134667780E-1,-1.203979611E0,2.764279842E-1,-6.950645149E-2
8.159595380E-1,-1.168826938E0,2.508623898E-1,-9.294158220E-2
8.184524550E-1,-1.130478501E0,2.242315561E-1,-1.121157780E-1
8.209451630E-1,-1.091064930E0,1.965354979E-1,-1.270290315E-1
8.234379240E-1,-1.050586104E0,1.635132730E-1,-1.355509013E-1
8.259306840E-1,-1.013302922E0,1.272953451E-1,-1.419423074E-1
8.284233920E-1,-9.792154431E-1,8.681648970E-2,-1.515294015E-1
8.309161530E-1,-9.461932182E-1,4.527240247E-2,-1.589860320E-1
8.334088610E-1,-9.121057987E-1,1.011971384E-2,-1.653774232E-1
8.359016210E-1,-8.844097257E-1,-2.503297664E-2,-1.717688292E-1
8.383943820E-1,-8.535179496E-1,-4.740286991E-2,-1.707035899E-1
8.408870900E-1,-8.311480880E-1,-6.125089899E-2,-1.600512564E-1
8.433798510E-1,-8.055824637E-1,-6.657706201E-2,-1.440727711E-1
8.458725590E-1,-7.874734998E-1,-6.338136643E-2,-1.248985752E-1
8.483662050E-1,-7.682993412E-1,-5.379426852E-2,-9.933298081E-2
8.508589130E-1,-7.565817833E-1,-5.805519968E-2,-8.441971987E-2
8.533516740E-1,-7.512555718E-1,-7.190322876E-2,-7.589785010E-2
8.558443820E-1,-7.555165291E-1,-9.107742459E-2,-7.589785010E-2
8.583371420E-1,-7.661688328E-1,-1.134473160E-1,-8.655018359E-2
8.608299030E-1,-7.821473479E-1,-1.432738453E-1,-9.720251709E-2
8.633226110E-1,-7.938649058E-1,-1.731003672E-1,-1.014634445E-1
8.658153710E-1,-8.034520149E-1,-2.061225921E-1,-9.826774895E-2
8.683080800E-1,-8.055824637E-1,-2.327534109E-1,-8.548495173E-2
8.708008400E-1,-7.970606089E-1,-2.593842447E-1,-5.565842614E-2
8.732936010E-1,-7.789516449E-1,-2.753627300E-1,-2.263620123E-2
8.757863090E-1,-7.523208261E-1,-2.870802879E-1,1.145125460E-2
8.782774030E-1,-7.161028981E-1,-2.945369184E-1,3.488638252E-2
8.807701110E-1,-6.820154190E-1,-3.030588031E-1,5.299534276E-2
8.832628710E-1,-6.457974911E-1,-3.126458824E-1,7.003907114E-2
8.857556320E-1,-6.138405204E-1,-3.275591433E-1,8.175663650E-2
8.882483400E-1,-5.882749557E-1,-3.467333615E-1,8.921326697E-2
8.907411010E-1,-5.659050345E-1,-3.776251078E-1,9.666989744E-2
8.932338090E-1,-5.477960706E-1,-4.191691875E-1,9.560466558E-2
8.957265690E-1,-5.424699187E-1,-4.734960794E-1,9.027849883E-2
8.982193300E-1,-5.403394699E-1,-5.406057835E-1,9.134373069E-2
9.007120380E-1,-5.403394699E-1,-6.119763851E-1,1.030612960E-1
9.032047990E-1,-5.360785127E-1,-6.716294289E-1,1.222354919E-1
9.056975590E-1,-5.296871066E-1,-7.270215154E-1,1.488663107E-1
9.081906840E-1,-5.328828096E-1,-7.813484073E-1,1.861494780E-1
9.106833920E-1,-5.318176150E-1,-8.271534443E-1,2.287587970E-1
9.131761530E-1,-5.350132585E-1,-8.612409234E-1,2.692376375E-1
9.156688610E-1,-5.360785127E-1,-8.846760392E-1,3.118469715E-1
9.181616210E-1,-5.382089615E-1,-8.942631483E-1,3.555215299E-1
9.206543820E-1,-5.424699187E-1,-8.963935971E-1,4.077179432E-1
9.231470900E-1,-5.435351729E-1,-8.985240459E-1,4.684362113E-1
9.256398510E-1,-5.424699187E-1,-8.910674453E-1,5.366111398E-1
9.281326110E-1,-5.328828096E-1,-8.804150820E-1,6.154384017E-1
9.306253190E-1,-5.200999975E-1,-8.655018210E-1,7.017222643E-1
9.331180800E-1,-5.094476938E-1,-8.484581113E-1,7.922670841E-1
9.356107880E-1,-5.019910336E-1,-8.324795961E-1,8.902685046E-1
9.381139130E-1,-4.913387299E-1,-8.090444803E-1,9.808133245E-1
9.406066210E-1,-4.828168750E-1,-7.802832127E-1,1.068162441E0
9.430993820E-1,-4.679036140E-1,-7.621742487E-1,1.148054838E0
9.455921420E-1,-4.593817294E-1,-7.589785457E-1,1.225816846E0
9.480848510E-1,-4.487294257E-1,-7.728265524E-1,1.302513719E0
9.505776110E-1,-4.391423166E-1,-8.015878797E-1,1.373884320E0
9.530703190E-1,-4.274247587E-1,-8.410014510E-1,1.443124413E0
9.555630800E-1,-4.167724252E-1,-9.017197490E-1,1.504907966E0
9.580558400E-1,-4.103810191E-1,-9.773513079E-1,1.560300112E0
9.605485490E-1,-4.082505703E-1,-1.074287534E0,1.609300733E0
9.630413090E-1,-4.103810191E-1,-1.197854519E0,1.642323017E0
9.655340690E-1,-4.146419466E-1,-1.327812910E0,1.662562490E0
9.680233920E-1,-4.199681282E-1,-1.463097572E0,1.667888641E0
9.705161010E-1,-4.210333526E-1,-1.593055964E0,1.672149539E0
9.730088610E-1,-4.157072008E-1,-1.704905510E0,1.670019031E0
9.755015690E-1,-4.050548673E-1,-1.806102633E0,1.671084285E0
9.779943300E-1,-3.965329826E-1,-1.891321182E0,1.673214793E0
9.804870900E-1,-3.975982368E-1,-1.962691903E0,1.674280047E0
9.829797990E-1,-3.954677582E-1,-2.020214319E0,1.674280047E0
9.854725590E-1,-3.986634612E-1,-2.073476076E0,1.668953896E0
9.879653190E-1,-4.220985770E-1,-2.115020275E0,1.660431981E0
9.904580280E-1,-4.497946501E-1,-2.134194374E0,1.660431981E0
9.929507880E-1,-4.860125780E-1,-2.139520645E0,1.668953896E0
9.954434960E-1,-5.243609548E-1,-2.124607325E0,1.682801843E0
9.979349550E-1,-5.691007376E-1,-2.097976446E0,1.704106569E0
1.000427663E0,-6.095796227E-1,-2.060693264E0,1.733933091E0
1.002920424E0,-6.351451874E-1,-2.020214319E0,1.776542425E0
1.005413132E0,-6.543194056E-1,-1.978670359E0,1.824477911E0
1.007905892E0,-6.607108116E-1,-1.919017315E0,1.857500076E0
1.010398653E0,-6.830806732E-1,-1.847646713E0,1.864956737E0
1.012891361E0,-7.320814133E-1,-1.787993670E0,1.848978162E0
1.015384121E0,-7.981258631E-1,-1.747514725E0,1.822347403E0
1.017876882E0,-8.918663263E-1,-1.715557814E0,1.797847033E0
1.020369590E0,-1.000520110E0,-1.691057444E0,1.783998966E0
1.022862351E0,-1.107043386E0,-1.674013734E0,1.787194729E0
1.025355111E0,-1.198653460E0,-1.656970024E0,1.808499336E0
1.027846465E0,-1.279611111E0,-1.622882485E0,1.834064960E0
1.030339174E0,-1.354177475E0,-1.563229442E0,1.854304433E0
1.032831934E0,-1.433004737E0,-1.499315500E0,1.859630585E0
1.035324642E0,-1.515027642E0,-1.435401559E0,1.855369568E0
1.037817403E0,-1.603441954E0,-1.383205056E0,1.850043416E0
1.040310163E0,-1.696117282E0,-1.349117637E0,1.841521621E0
1.042802871E0,-1.787727356E0,-1.326747775E0,1.839391112E0
1.045295632E0,-1.874011159E0,-1.309703946E0,1.837260604E0
1.047788392E0,-1.957099319E0,-1.286268830E0,1.829804063E0
1.050281101E0,-2.030600548E0,-1.270290375E0,1.805303693E0
1.052773861E0,-2.092383862E0,-1.262833714E0,1.772281408E0
1.055266569E0,-2.148841381E0,-1.263898969E0,1.726476431E0
1.057760684E0,-2.203168154E0,-1.295855999E0,1.670019031E0
1.060253392E0,-2.251103640E0,-1.359769940E0,1.614627004E0
1.062746153E0,-2.297973871E0,-1.446053863E0,1.559234858E0
1.065238913E0,-2.350170374E0,-1.538729072E0,1.503842711E0
1.067731621E0,-2.405562401E0,-1.622882485E0,1.442059159E0
1.070224382E0,-2.454563141E0,-1.704905510E0,1.383471370E0
1.072717142E0,-2.493976831E0,-1.780537009E0,1.325948834E0
1.075209903E0,-2.522738218E0,-1.839124799E0,1.275882840E0
1.077702611E0,-2.538849831E0,-1.892386436E0,1.226882100E0
1.080195371E0,-2.544175863E0,-1.959496140E0,1.185338020E0
1.082688132E0,-2.532325268E0,-2.040453911E0,1.151250601E0
1.085180840E0,-2.518477201E0,-2.106498241E0,1.131011128E0
1.087671413E0,-2.505694389E0,-2.155498981E0,1.116097927E0
1.090164121E0,-2.497172594E0,-2.190651655E0,1.106510758E0
1.092656882E0,-2.483324528E0,-2.222608805E0,1.112902164E0
1.095149642E0,-2.470541716E0,-2.263087511E0,1.131011128E0
1.097642351E0,-2.465215445E0,-2.308892488E0,1.157642007E0
1.100135111E0,-2.458824158E0,-2.333392859E0,1.177881360E0
1.102627871E0,-2.440715075E0,-2.328066826E0,1.178946614E0
1.105120580E0,-2.422606230E0,-2.340849638E0,1.150185347E0
1.107613340E0,-2.400236368E0,-2.421807289E0,1.093728065E0
1.110106101E0,-2.336322308E0,-2.643375635E0,1.004248381E0
1.112598861E0,-2.256429911E0,-2.918205976E0,8.828118443E-1
1.115091569E0,-2.206363916E0,-3.137643814E0,7.315487862E-1
1.117591205E0,-2.139254332E0,-3.272928476E0,6.282211542E-1
1.120083913E0,-2.023143768E0,-3.367734194E0,6.143731475E-1
1.122576674E0,-1.897446275E0,-3.403952122E0,6.591129303E-1
1.125069434E0,-1.809031963E0,-3.362407923E0,7.123745680E-1
1.127562142E0,-1.748313665E0,-3.301689863E0,7.485924959E-1
1.130054903E0,-1.728074312E0,-3.289972305E0,7.581796050E-1
1.132547663E0,-1.748313665E0,-3.331516266E0,7.336792350E-1
1.135040424E0,-1.805836320E0,-3.418865442E0,6.665695906E-1
1.137533132E0,-1.887859225E0,-3.491434336E0,5.685681105E-1
1.140025892E0,-1.941120863E0,-3.524456501E0,4.961322844E-1
1.142518653E0,-1.926207662E0,-3.556413651E0,4.993279874E-1
1.145011361E0,-1.880402565E0,-3.563870192E0,5.621767044E-1
1.147511517E0,-1.852706552E0,-3.514869452E0,6.537867785E-1
1.150004226E0,-1.861228347E0,-3.475455999E0,7.368749380E-1
1.152496986E0,-1.902772546E0,-3.471194983E0,8.071803451E-1
1.154989746E0,-1.982664943E0,-3.483977795E0,8.668333888E-1
1.157482455E0,-2.071079254E0,-3.493564844E0,9.413996935E-1
1.159975215E0,-2.153102160E0,-3.477586269E0,1.048988223E0
1.162467976E0,-2.229799032E0,-3.434977055E0,1.166163802E0
1.164960684E0,-2.305430651E0,-3.380517006E0,1.268426180E0
1.167453444E0,-2.392779589E0,-3.328320503E0,1.332340240E0
1.169946205E0,-2.485455036E0,-3.300624609E0,1.384536624E0
1.172438965E0,-2.556958675E0,-3.266536951E0,1.460168123E0
1.174931674E0,-2.600633383E0,-3.218601465E0,1.565626264E0
1.177417663E0,-2.644307852E0,-3.132317781E0,1.687062860E0
1.179910371E0,-2.703960896E0,-3.016207218E0,1.793586135E0
1.182403132E0,-2.783853292E0,-2.891575098E0,1.885196090E0
1.184895892E0,-2.869071960E0,-2.770138502E0,1.966153860E0
1.187388601E0,-2.966008186E0,-2.644440889E0,2.038722754E0
1.189881361E0,-3.050161600E0,-2.497438908E0,2.101571560E0
1.192374121E0,-3.128988743E0,-2.340849638E0,2.131398201E0
1.194866830E0,-3.193968058E0,-2.188521147E0,2.122876167E0
1.197359590E0,-3.239773035E0,-2.053236723E0,2.081332207E0
1.199852351E0,-3.260012627E0,-1.934995770E0,2.022744417E0
1.202345111E0,-3.265338659E0,-1.848711967E0,1.946979642E0
1.204837819E0,-3.267469168E0,-1.772015095E0,1.864956737E0
1.207329486E0,-3.279186726E0,-1.698514104E0,1.783998966E0
1.209822194E0,-3.299426079E0,-1.629273891E0,1.699845552E0
1.212314955E0,-3.322861195E0,-1.568555593E0,1.615692139E0
1.214807715E0,-3.347361565E0,-1.512098312E0,1.536864996E0
1.217300424E0,-3.367601156E0,-1.452445269E0,1.454841971E0
1.219793184E0,-3.377188206E0,-1.397053123E0,1.379210472E0
1.222285944E0,-3.380383730E0,-1.350182891E0,1.313166022E0
1.224778653E0,-3.382514238E0,-1.320356369E0,1.256708622E0
1.227271413E0,-3.380383730E0,-1.305443048E0,1.210903645E0
1.229764174E0,-3.368666172E0,-1.294790745E0,1.182142377E0
1.232256934E0,-3.354818344E0,-1.287334085E0,1.161902905E0
1.234749642E0,-3.328187466E0,-1.284138441E0,1.145924449E0
1.237245476E0,-3.288773775E0,-1.286268830E0,1.135272145E0
1.239738184E0,-3.230185986E0,-1.299051642E0,1.118228316E0
1.242230944E0,-3.155619621E0,-1.313964963E0,1.099054217E0
1.244723705E0,-3.065074921E0,-1.325682521E0,1.084140897E0
1.247216413E0,-2.971334457E0,-1.350182891E0,1.075619102E0
1.249709174E0,-2.882920027E0,-1.402379274E0,1.067097187E0
1.252201934E0,-2.807288408E0,-1.438597202E0,1.058575273E0
1.254694642E0,-2.733787298E0,-1.451380014E0,1.050053477E0
1.257187403E0,-2.660286427E0,-1.453510404E0,1.050053477E0
1.259680163E0,-2.574002504E0,-1.450314760E0,1.056444883E0
1.262172924E0,-2.466280699E0,-1.462032318E0,1.066031933E0
1.264665632E0,-2.345909357E0,-1.519554853E0,1.068162441E0
1.267154174E0,-2.219146729E0,-1.613295436E0,1.060705781E0
1.269646882E0,-2.066818476E0,-1.761362791E0,1.045792580E0
1.272139642E0,-1.899576783E0,-1.957365632E0,1.027683616E0
1.274632403E0,-1.729139447E0,-2.174673319E0,1.021292210E0
1.277125111E0,-1.558702230E0,-2.406893969E0,1.024487853E0
1.279617871E0,-1.401047707E0,-2.644440889E0,1.043662071E0
1.282110632E0,-1.261502266E0,-2.858552933E0,1.083075643E0
1.284603340E0,-1.145391822E0,-3.054555655E0,1.133141637E0
1.287096101E0,-1.036738038E0,-3.246297598E0,1.199186087E0
1.289588861E0,-9.440627694E-1,-3.413539171E0,1.280143738E0
1.292081621E0,-8.822792768E-1,-3.542565584E0,1.376014709E0
1.294574330E0,-8.588441014E-1,-3.650154114E0,1.489994645E0
1.297071621E0,-8.833444715E-1,-3.746025085E0,1.611431241E0
1.299564330E0,-9.387366176E-1,-3.841896057E0,1.729672074E0
1.302057090E0,-1.009042025E0,-3.937767029E0,1.834064960E0
1.304549851E0,-1.091064930E0,-4.021920204E0,1.935262084E0
1.307042559E0,-1.172022581E0,-4.086899757E0,2.018483400E0
1.309535319E0,-1.238067031E0,-4.144422054E0,2.079201698E0
1.312028080E0,-1.280676365E0,-4.194488049E0,2.120745897E0
1.314520788E0,-1.299850583E0,-4.234967232E0,2.131398201E0
1.317013549E0,-1.301981091E0,-4.260532856E0,2.128202438E0
1.319506309E0,-1.287067771E0,-4.271184921E0,2.114354372E0
1.321999069E0,-1.259371758E0,-4.258402348E0,2.101571560E0
1.324491778E0,-1.213566780E0,-4.225379944E0,2.097310781E0
1.326985476E0,-1.159239888E0,-4.187031746E0,2.098375797E0
1.329478184E0,-1.108108640E0,-4.165726662E0,2.083462715E0
1.331970944E0,-1.048455596E0,-4.171052933E0,2.050440311E0
1.334463705E0,-9.685631394E-1,-4.225379944E0,1.993983030E0
1.336956413E0,-8.513875008E-1,-4.341490269E0,1.949110150E0
1.339449174E0,-6.926677823E-1,-4.474644661E0,1.944849253E0
1.341941934E0,-5.286219120E-1,-4.539623737E0,1.978004575E0
1.344434694E0,-3.986634612E-1,-4.481035709E0,2.029135704E0
1.346927403E0,-3.336842358E-1,-4.318055153E0,2.065353632E0
1.349420163E0,-3.304885328E-1,-4.075181961E0,2.079201698E0
1.351912924E0,-3.699021637E-1,-3.781177759E0,2.076005936E0
1.354405632E0,-4.338161349E-1,-3.474390745E0,2.062157869E0
1.356897351E0,-4.998605847E-1,-3.191970825E0,2.023809671E0
1.359390059E0,-5.563179255E-1,-2.949097633E0,1.969482660E0
1.361882819E0,-5.999925137E-1,-2.753094673E0,1.894783258E0
1.364375580E0,-6.319494843E-1,-2.611418724E0,1.806368947E0
1.366868288E0,-6.553846002E-1,-2.501699686E0,1.709432721E0
1.369361049E0,-6.660369635E-1,-2.397306919E0,1.605039835E0
1.371853809E0,-6.671021581E-1,-2.287587881E0,1.498516560E0
1.374346517E0,-6.660369635E-1,-2.167216539E0,1.385601878E0
1.376839278E0,-6.617760062E-1,-2.032997131E0,1.270556688E0
1.379332038E0,-6.532541513E-1,-1.893451691E0,1.149120092E0
1.381824799E0,-6.319494843E-1,-1.761362791E0,1.030879259E0
1.384317507E0,-6.063839197E-1,-1.636730552E0,9.168993235E-1
1.386811621E0,-5.786878467E-1,-1.514228702E0,8.125064969E-1
1.389304330E0,-5.456656218E-1,-1.406640172E0,7.166355252E-1
1.391797090E0,-5.126433969E-1,-1.318225861E0,6.218297482E-1
1.394289851E0,-4.838820994E-1,-1.245790005E0,5.312849879E-1
1.396782559E0,-4.529903531E-1,-1.188267469E0,4.428706169E-1
1.399275319E0,-4.199681282E-1,-1.137136221E0,3.533910513E-1
1.401768080E0,-3.869459033E-1,-1.084939837E0,2.660419345E-1
1.404260788E0,-3.581846058E-1,-1.029547691E0,1.776276082E-1
1.406753549E0,-3.336842358E-1,-9.805470109E-1,9.027849883E-2
1.409246309E0,-3.027924895E-1,-9.549813867E-1,7.989247679E-4
1.411739069E0,-2.601831555E-1,-9.432638288E-1,-9.507204592E-2
1.414231778E0,-2.143781483E-1,-9.283505678E-1,-1.952039450E-1
1.416722194E0,-1.675078869E-1,-9.006544948E-1,-2.772268951E-1
1.419214903E0,-1.291595101E-1,-8.612409234E-1,-3.581846058E-1
1.421707663E0,-8.868064731E-2,-8.143706322E-1,-4.295552075E-1
1.424200424E0,-4.926702753E-2,-7.706961036E-1,-4.945344329E-1
1.426693132E0,-9.853405878E-3,-7.302172184E-1,-5.541874766E-1
1.429185892E0,3.275591508E-2,-6.982602477E-1,-5.989272594E-1
1.431678653E0,7.962616533E-2,-6.663032770E-1,-6.308842301E-1
1.434171361E0,1.254311949E-1,-6.460638046E-1,-6.436670423E-1
1.436664121E0,1.712362021E-1,-6.311505437E-1,-6.415365934E-1
1.439156882E0,2.191716880E-1,-6.300853491E-1,-6.149057746E-1
1.441649642E0,2.703028917E-1,-6.386072040E-1,-5.776225924E-1
1.444142351E0,3.139774203E-1,-6.599118710E-1,-5.350132585E-1
1.446638705E0,3.555215299E-1,-6.801512837E-1,-4.913387299E-1
1.449131413E0,3.960003853E-1,-7.025212049E-1,-4.465989470E-1
1.451624174E0,4.300878346E-1,-7.334129214E-1,-4.146419466E-1
1.454116934E0,4.588491321E-1,-7.717612982E-1,-3.954677582E-1
1.456609642E0,4.908061028E-1,-8.260881901E-1,-3.794892728E-1
1.459102403E0,5.153064728E-1,-8.868064880E-1,-3.699021637E-1
1.461595163E0,5.376763940E-1,-9.560466409E-1,-3.688369393E-1
1.464087924E0,5.504591465E-1,-1.045526266E0,-3.720326424E-1
1.466580632E0,5.547201037E-1,-1.144592881E0,-3.848154247E-1
1.469073392E0,5.621767044E-1,-1.246855259E0,-3.986634612E-1
1.471566153E0,5.845466256E-1,-1.348052382E0,-4.061200917E-1
1.474058861E0,6.165035963E-1,-1.459901810E0,-4.125114977E-1
1.476548757E0,6.516563296E-1,-1.573881745E0,-4.125114977E-1
1.479041465E0,6.921351552E-1,-1.692122698E0,-4.189028740E-1
1.481534226E0,7.283530831E-1,-1.823146343E0,-4.295552075E-1
1.484026986E0,7.592448592E-1,-1.953104734E0,-4.487294257E-1
1.486519694E0,7.794842720E-1,-2.089454651E0,-4.742949903E-1
1.489012455E0,7.933322787E-1,-2.216217279E0,-5.051867366E-1
1.491505215E0,7.997236848E-1,-2.333392859E0,-5.328828096E-1
1.493997924E0,8.018541336E-1,-2.428198576E0,-5.563179255E-1
1.496490684E0,7.986584306E-1,-2.507025957E0,-5.733616948E-1
1.498983444E0,7.943975329E-1,-2.572005033E0,-5.818835497E-1
1.501476205E0,7.837451696E-1,-2.624201536E0,-5.765573978E-1
1.503968913E0,7.720276117E-1,-2.648701906E0,-5.584484339E-1
1.506459121E0,7.528534532E-1,-2.645506144E0,-5.339480639E-1
1.508951830E0,7.294183373E-1,-2.625266790E0,-5.051867366E-1
1.511444590E0,6.889394522E-1,-2.576266050E0,-4.710993171E-1
1.513937351E0,6.420692205E-1,-2.517678261E0,-4.370118380E-1
1.516430059E0,5.792204738E-1,-2.461220980E0,-3.975982368E-1
1.518922819E0,5.067846179E-1,-2.405828714E0,-3.613803089E-1
1.521415580E0,4.300878346E-1,-2.348306179E0,-3.209014535E-1
1.523908288E0,3.491301239E-1,-2.276935577E0,-2.697702646E-1
1.526401049E0,2.724333405E-1,-2.185325623E0,-2.260957062E-1
1.528893809E0,2.021279633E-1,-2.078802347E0,-1.834863871E-1
1.531386569E0,1.456706226E-1,-1.963757038E0,-1.419423074E-1
1.533879278E0,1.073222235E-1,-1.854038119E0,-1.035939083E-1
1.536377663E0,8.601756394E-2,-1.745384336E0,-7.376738638E-2
1.538870371E0,8.601756394E-2,-1.650578618E0,-4.926702753E-2
1.541363132E0,9.986559302E-2,-1.566425204E0,-3.861469775E-2
1.543855892E0,1.264964193E-1,-1.493989348E0,-3.754946589E-2
1.546348601E0,1.637795717E-1,-1.429010153E0,-4.607132822E-2
1.548841361E0,2.074541301E-1,-1.381074667E0,-6.098458916E-2
1.551334121E0,2.489982247E-1,-1.345921874E0,-8.015878499E-2
1.553826830E0,3.022598624E-1,-1.321421623E0,-9.720251709E-2
1.556319590E0,3.576519787E-1,-1.306508303E0,-1.089200750E-1
1.558812351E0,4.055874646E-1,-1.295855999E0,-1.238333359E-1
1.561305111E0,4.418053925E-1,-1.310769200E0,-1.366161406E-1
1.563797819E0,4.705666900E-1,-1.364030838E0,-1.536598653E-1
1.566292976E0,5.014584661E-1,-1.444988608E0,-1.653774232E-1
1.568785736E0,5.280892849E-1,-1.535533428E0,-1.621817350E-1
1.571278496E0,5.504591465E-1,-1.627143502E0,-1.472684592E-1
1.573771205E0,5.664376616E-1,-1.727275372E0,-1.270290315E-1
1.576263965E0,5.792204738E-1,-1.841255307E0,-1.014634445E-1
1.578756726E0,6.026555896E-1,-1.966952801E0,-5.459319428E-2
1.581249486E0,6.324821115E-1,-2.083063126E0,-1.331541222E-3
1.583742246E0,6.633738875E-1,-2.182129860E0,5.406057462E-2
1.586235007E0,6.963961124E-1,-2.281196594E0,1.041265279E-1
1.588727767E0,7.315487862E-1,-2.382393599E0,1.456706226E-1
1.591220528E0,7.752233148E-1,-2.474003792E0,1.861494780E-1
1.593713288E0,8.178326488E-1,-2.543243885E0,2.276935577E-1
1.596203028E0,8.497896194E-1,-2.593309879E0,2.596505582E-1
1.598695736E0,8.732247949E-1,-2.636984348E0,2.734985650E-1
1.601188549E0,8.998556137E-1,-2.670006514E0,2.788247466E-1
1.603681257E0,9.232907295E-1,-2.696637392E0,2.830856740E-1
1.606174017E0,9.382039905E-1,-2.710485458E0,2.852161527E-1
1.608666778E0,9.477910995E-1,-2.703028679E0,2.862813771E-1
1.611159538E0,9.531172514E-1,-2.672137022E0,2.905423045E-1
1.613652299E0,9.413996935E-1,-2.632723331E0,2.926727831E-1
1.616145059E0,9.147688746E-1,-2.565613747E0,3.022598624E-1
1.618637819E0,8.764204979E-1,-2.474003792E0,3.150426745E-1
1.621130580E0,8.284850121E-1,-2.357893229E0,3.235645294E-1
1.623623340E0,7.688319087E-1,-2.225804329E0,3.267602324E-1
1.626117246E0,7.059831619E-1,-2.080932617E0,3.299559355E-1
1.628609955E0,6.335473657E-1,-1.922212958E0,3.331516385E-1
1.631102767E0,5.547201037E-1,-1.747514725E0,3.352820873E-1
1.633595476E0,4.769580960E-1,-1.570686102E0,3.374125659E-1
1.636088236E0,3.960003853E-1,-1.394922614E0,3.427387178E-1
1.638580996E0,3.193036020E-1,-1.212767839E0,3.523258269E-1
1.641073757E0,2.543243766E-1,-1.043395758E0,3.640433848E-1
1.643566517E0,1.936061084E-1,-8.963935971E-1,3.746957183E-1
1.646059278E0,1.382139921E-1,-7.568480372E-1,3.853480518E-1
1.648552038E0,9.347419441E-2,-6.279548407E-1,3.928046823E-1
1.651044799E0,4.766917601E-2,-5.193011165E-1,3.991960883E-1
1.653537559E0,1.571218669E-2,-4.298215210E-1,4.002613127E-1
1.656028601E0,2.929390874E-3,-3.669727743E-1,3.991960883E-1
1.658521309E0,2.929390874E-3,-3.275591433E-1,4.023917615E-1
1.661014121E0,1.997311972E-2,-3.126458824E-1,4.098483920E-1
1.663506830E0,5.725627393E-2,-3.339505494E-1,4.258269072E-1
1.665999590E0,9.986559302E-2,-3.808208108E-1,4.460663199E-1
1.668492351E0,1.467358470E-1,-4.639089704E-1,4.737623930E-1
1.670985111E0,1.978670359E-1,-5.714974999E-1,5.089150667E-1
1.673477871E0,2.585853040E-1,-6.876079440E-1,5.483286977E-1
1.675970632E0,3.310211599E-1,-7.994573712E-1,5.888075829E-1
1.678463392E0,4.162397981E-1,-8.985240459E-1,6.292864084E-1
1.680956153E0,4.993279874E-1,-9.933298230E-1,6.687000394E-1
1.683448913E0,5.770899653E-1,-1.068961382E0,7.102441192E-1
1.685947559E0,6.505910754E-1,-1.126483917E0,7.485924959E-1
1.688440319E0,7.081136703E-1,-1.160571337E0,7.858756781E-1
1.690933080E0,7.475273013E-1,-1.171223760E0,8.252893090E-1
1.693425788E0,7.667014599E-1,-1.168027997E0,8.572462797E-1
1.695918549E0,7.677667141E-1,-1.138201475E0,8.828118443E-1
1.698411309E0,7.709624171E-1,-1.087070346E0,8.977251053E-1
1.700904069E0,7.581796050E-1,-1.022091031E0,9.126383662E-1
1.703396830E0,7.166355252E-1,-9.507204890E-1,9.318125844E-1
1.705889590E0,6.676347852E-1,-8.633713722E-1,9.467258453E-1
1.708382351E0,6.239602566E-1,-7.685656548E-1,9.509868026E-1
1.710875111E0,5.802856684E-1,-6.716294289E-1,9.477910995E-1
1.713367871E0,5.451329947E-1,-5.917369723E-1,9.382039905E-1
1.715854799E0,5.121107697E-1,-5.342143774E-1,9.392692447E-1
1.718347559E0,4.780233204E-1,-4.809527099E-1,9.499215484E-1
1.720840319E0,4.450010955E-1,-4.468652606E-1,9.648348093E-1
1.723333028E0,4.002613127E-1,-4.170387387E-1,1.001052737E0
1.725825788E0,3.512606025E-1,-3.605813682E-1,1.060705781E0
1.728318549E0,2.948032320E-1,-2.711018026E-1,1.141663551E0
1.730811309E0,2.298240215E-1,-1.475347728E-1,1.241795421E0
1.733304069E0,1.616491079E-1,1.544587873E-2,1.340862036E0
1.735796830E0,9.666989744E-2,1.986659616E-1,1.440994024E0
1.738289590E0,2.742975019E-2,3.648423254E-1,1.550712943E0
1.740782351E0,-3.328853101E-2,4.830831885E-1,1.666823387E0
1.743275111E0,-1.025286764E-1,4.969311953E-1,1.796781778E0
1.745774799E0,-1.515294015E-1,4.607132971E-1,1.940588236E0
1.748267559E0,-2.101172209E-1,3.669727743E-1,2.079201698E0
1.750760319E0,-2.569874525E-1,2.007964253E-1,2.209160089E0
1.753253028E0,-2.516613007E-1,3.355484083E-2,2.310357332E0
1.755745788E0,-2.079867423E-1,-1.656437367E-1,2.400902033E0
1.758238549E0,-1.525946259E-1,-3.840165138E-1,2.474403143E0
1.760731309E0,-1.067896113E-1,-6.300853491E-1,2.532990932E0
1.763224069E0,-8.335448056E-2,-9.187634587E-1,2.705558777E0
1.765716830E0,-4.394086078E-2,-1.093461752E0,3.102890730E0
1.768209590E0,1.989322603E-1,-9.027850032E-1,3.503418207E0
1.770702351E0,5.568505526E-1,-5.640408993E-1,3.633376598E0
1.773195111E0,8.338111639E-1,-2.913412452E-1,3.546027660E0
1.775681309E0,9.797480702E-1,-8.362079412E-2,3.321263313E0
1.778174017E0,1.002117991E0,1.070559174E-1,3.037911415E0
1.780666830E0,9.413996935E-1,3.179720640E-1,2.746037483E0
1.783159538E0,8.135717511E-1,5.587147474E-1,2.478664160E0
1.785652299E0,6.324821115E-1,8.037183285E-1,2.282661200E0
1.788145059E0,4.119788706E-1,1.027417302E0,2.170811653E0
1.790637819E0,1.648448110E-1,1.225550652E0,2.148441792E0
1.793130580E0,-7.909355313E-2,1.409835935E0,2.188920736E0
1.795623340E0,-2.836183012E-1,1.581338406E0,2.261356592E0
1.798116101E0,-4.636426866E-1,1.758167148E0,2.343379498E0
1.800608861E0,-6.394061446E-1,1.905302405E0,2.429663420E0
1.803101621E0,-7.832126021E-1,1.976673007E0,2.513816833E0
1.805600528E0,-8.971925378E-1,1.959629297E0,2.596904993E0
1.808093288E0,-9.770849943E-1,1.881867290E0,2.652297020E0
1.810586049E0,-1.027150989E0,1.783732653E0,2.676797390E0
1.813078757E0,-1.069760323E0,1.656970024E0,2.677862644E0
1.815571517E0,-1.097456336E0,1.521685362E0,2.659753799E0
1.818064278E0,-1.089999676E0,1.368291855E0,2.638448954E0
1.820557038E0,-1.063368917E0,1.198919773E0,2.608622551E0
1.823049799E0,-1.037803292E0,1.037004352E0,2.574535131E0
1.825542559E0,-1.025020480E0,8.665670753E-1,2.536186695E0
1.828035319E0,-1.025020480E0,7.206301689E-1,2.503164530E0
1.830528080E0,-1.054847002E0,6.023892760E-1,2.481859684E0
1.833020840E0,-1.115565300E0,5.054530501E-1,2.466946602E0
1.835512299E0,-1.212501526E0,3.754946291E-1,2.449902773E0
1.838005059E0,-1.395721555E0,1.731003672E-1,2.411554337E0
1.840497819E0,-1.582137346E0,-4.207670316E-2,2.439250469E0
1.842990528E0,-1.632203341E0,-1.571218669E-1,2.615013838E0
1.845483288E0,-1.637529492E0,-2.647103965E-1,2.705558777E0
1.847976049E0,-1.685464978E0,-1.336867511E-1,2.675732136E0
1.850468809E0,-1.862293601E0,2.274272442E-1,2.562817574E0
1.852961569E0,-1.913424850E0,2.029268891E-1,2.436054707E0
1.855454330E0,-1.806901574E0,6.231613085E-2,2.330596685E0
1.857947090E0,-1.698247790E0,1.544587873E-2,2.196377277E0
1.860439851E0,-1.599181056E0,-1.651111245E-2,2.052570820E0
1.862932611E0,-1.450048447E0,-8.149032295E-2,1.944849253E0
1.865432246E0,-1.314763904E0,-2.103835195E-1,1.872413397E0
1.867924955E0,-1.165631294E0,-3.051892519E-1,1.803173184E0
1.870417767E0,-1.014368176E0,-3.424724042E-1,1.738193989E0
1.872910476E0,-8.748226166E-1,-3.488638103E-1,1.665758133E0
1.875403236E0,-7.565817833E-1,-3.318201005E-1,1.598648429E0
1.877895996E0,-6.788197160E-1,-3.019935489E-1,1.544321537E0
1.880388757E0,-6.149057746E-1,-2.838846147E-1,1.491059899E0
1.882881517E0,-5.371437669E-1,-2.593842447E-1,1.421819806E0
1.885374278E0,-4.753602445E-1,-2.295577228E-1,1.349383950E0
1.887867038E0,-4.146419466E-1,-2.157096863E-1,1.329144478E0
1.890359799E0,-3.411408663E-1,-2.455362082E-1,1.386667132E0
1.892852559E0,-3.006620109E-1,-2.455362082E-1,1.474016190E0
1.895339174E0,-2.750964165E-1,-1.475347728E-1,1.538995385E0
1.897831934E0,-2.399437428E-1,2.716344222E-2,1.570952415E0
1.900324694E0,-2.069215178E-1,1.965354979E-1,1.579474211E0
1.902817403E0,-1.866820902E-1,3.659075499E-1,1.576278567E0
1.905310163E0,-1.802906841E-1,5.299534202E-1,1.570952415E0
1.907802924E0,-1.696383655E-1,6.609770656E-1,1.565626264E0
1.910295684E0,-1.685731262E-1,7.568480372E-1,1.569887161E0
1.912788444E0,-1.813559234E-1,8.431319594E-1,1.583735228E0
1.915281205E0,-2.133129090E-1,9.624380469E-1,1.597583175E0
1.917773965E0,-2.825530469E-1,1.153114796E0,1.611431241E0
1.920266726E0,-3.166405261E-1,1.294790745E0,1.622083545E0
1.922759486E0,-3.230319023E-1,1.359769940E0,1.638062119E0
1.925251830E0,-3.155752718E-1,1.356574297E0,1.657236218E0
1.927744590E0,-3.070534170E-1,1.325682521E0,1.683867097E0
1.930237351E0,-2.825530469E-1,1.297986388E0,1.707302213E0
1.932730059E0,-2.356828004E-1,1.289464593E0,1.720085025E0
1.935222819E0,-1.802906841E-1,1.224485397E0,1.717954516E0
1.937715580E0,-1.248985752E-1,1.169093251E0,1.710497975E0
1.940208340E0,-6.844121963E-2,1.126483917E0,1.709432721E0
1.942701101E0,-2.263620123E-2,1.067896128E0,1.711563110E0
1.945193861E0,2.210358530E-2,1.012503982E0,1.712628365E0
1.947686621E0,3.382114694E-2,9.571118951E-1,1.699845552E0
1.950179382E0,2.849498391E-2,9.091764092E-1,1.672149539E0
1.952672142E0,5.059856921E-3,8.846760392E-1,1.615692139E0
1.955168184E0,-5.672365800E-2,9.081111550E-1,1.540060639E0
1.957660944E0,-1.334204376E-1,9.251548648E-1,1.461233377E0
1.960153705E0,-2.239652425E-1,9.336767197E-1,1.390928030E0
1.962646413E0,-3.081186414E-1,9.315462708E-1,1.329144478E0
1.965139174E0,-3.496627510E-1,9.208939672E-1,1.275882840E0
1.967631934E0,-4.263595045E-1,8.218272924E-1,1.231143117E0
1.970124694E0,-5.403394699E-1,7.184996605E-1,1.182142377E0
1.972617455E0,-6.628412604E-1,7.653699517E-1,1.150185347E0
1.975110215E0,-7.480598688E-1,7.440652847E-1,1.143793941E0
1.977602976E0,-7.736254930E-1,6.396724582E-1,1.160837650E0
1.980095736E0,-7.661688328E-1,5.406057835E-1,1.193859935E0
1.982588496E0,-7.597774267E-1,4.788222313E-1,1.208773136E0
1.985091830E0,-7.778863907E-1,4.330172241E-1,1.235404015E0
1.987584590E0,-8.013215661E-1,3.850817382E-1,1.279078603E0
1.990077351E0,-8.077129126E-1,2.977326214E-1,1.311035514E0
1.992570059E0,-7.885387540E-1,1.411433816E-1,1.328079224E0
1.995062819E0,-7.523208261E-1,1.597849536E-3,1.318492174E0
1.997555580E0,-7.118419409E-1,-1.113168523E-1,1.301448464E0
2.000048340E0,-6.979939342E-1,-1.390129030E-1,1.268426180E0
2.002541101E0,-7.054505944E-1,-1.613828093E-1,1.232208252E0
2.005033861E0,-7.043853402E-1,-2.284924835E-1,1.193859935E0
2.007526621E0,-6.937330365E-1,-3.179720640E-1,1.145924449E0
2.010019382E0,-6.788197160E-1,-4.149082601E-1,1.094793200E0
2.012512142E0,-6.468627453E-1,-5.320838690E-1,1.046857715E0
2.015000528E0,-6.042534113E-1,-6.439333558E-1,9.893351793E-1
2.017493288E0,-5.552527308E-1,-7.398043275E-1,9.318125844E-1
2.019986049E0,-4.966649115E-1,-8.559147120E-1,8.828118443E-1
2.022478757E0,-4.380770922E-1,-9.752208591E-1,8.338111639E-1
2.024971517E0,-3.944025338E-1,-1.114766359E0,7.794842720E-1
2.027464278E0,-3.603150845E-1,-1.278812289E0,7.283530831E-1
2.029957038E0,-3.379451632E-1,-1.474815130E0,6.793523431E-1
2.032449799E0,-3.390104175E-1,-1.753906131E0,6.505910754E-1
2.034942559E0,-3.635107577E-1,-2.117150545E0,6.548519731E-1
2.037435319E0,-4.007939398E-1,-2.519808769E0,7.006570101E-1
2.039928080E0,-4.380770922E-1,-2.871335506E0,7.453967929E-1
2.042420840E0,-4.679036140E-1,-3.161078930E0,7.826799750E-1
2.044915163E0,-4.785559475E-1,-3.408213139E0,8.242240548E-1
2.047407976E0,-4.721645415E-1,-3.554283142E0,8.657681346E-1
2.049900736E0,-4.764254689E-1,-3.543630838E0,8.966599107E-1
2.052393444E0,-4.860125780E-1,-3.386908293E0,9.200950265E-1
2.054886205E0,-4.647079110E-1,-3.114208698E0,9.456605911E-1
2.057378965E0,-4.082505703E-1,-2.750964403E0,9.701609612E-1
2.059871726E0,-3.198362291E-1,-2.329132080E0,9.797480702E-1
2.062364486E0,-2.122476846E-1,-1.895582199E0,9.616391063E-1
2.064857246E0,-1.067896113E-1,-1.487597942E0,9.105079174E-1
2.067350007E0,7.989247679E-4,-1.114766359E0,8.391373158E-1
2.069842767E0,9.986559302E-2,-7.962616682E-1,7.549839020E-1
2.072335528E0,1.925408691E-1,-5.533885360E-1,6.580476761E-1
2.074833757E0,2.543243766E-1,-3.808208108E-1,5.621767044E-1
2.077326569E0,2.926727831E-1,-2.593842447E-1,4.790885448E-1
2.079819330E0,3.075860441E-1,-1.762960702E-1,4.087831676E-1
2.082312090E0,3.054555655E-1,-1.262301207E-1,3.523258269E-1
2.084804903E0,2.852161527E-1,-9.214265645E-2,3.161078990E-1
2.087297663E0,2.511286736E-1,-6.551183015E-2,2.862813771E-1
2.089790424E0,2.063889056E-1,-5.272903293E-2,2.532591522E-1
2.092283236E0,1.531272531E-1,-5.272903293E-2,2.298240215E-1
2.094775996E0,1.073222235E-1,-6.338136643E-2,2.159759998E-1
2.097268757E0,6.258244067E-2,-6.657706201E-2,2.042584270E-1
2.099761569E0,1.251648832E-2,-6.657706201E-2,1.957365721E-1
2.102254330E0,-3.648423031E-2,-5.059856921E-2,1.968017966E-1
2.104738340E0,-1.003982127E-1,1.225017942E-2,2.308892608E-1
2.107231101E0,-1.696383655E-1,6.764229387E-2,2.884118557E-1
2.109723861E0,-2.175738513E-1,7.296846062E-2,3.448691964E-1
2.112216674E0,-2.378132790E-1,3.355484083E-2,3.853480518E-1
2.114709434E0,-2.420742065E-1,-2.396774292E-2,4.087831676E-1
2.117202194E0,-2.388785034E-1,-6.551183015E-2,4.279573560E-1
2.119694955E0,-2.282261699E-1,-1.038602218E-1,4.471315742E-1
2.122187715E0,-2.111824453E-1,-1.230344176E-1,4.716319144E-1
2.124680528E0,-1.930734813E-1,-1.177082509E-1,5.035889149E-1
2.127173288E0,-1.930734813E-1,1.438064594E-2,5.547201037E-1
2.129666101E0,-2.143781483E-1,2.327534109E-1,6.122426987E-1
2.132158861E0,-2.186390758E-1,3.307548463E-1,6.324821115E-1
2.134650892E0,-1.845516264E-1,2.625799477E-1,6.175688505E-1
2.137143653E0,-1.227681041E-1,1.166430190E-1,5.888075829E-1
2.139636413E0,-5.885412544E-2,-2.290250920E-2,5.366111398E-1
2.142129174E0,-5.592473317E-3,-1.432738453E-1,4.812190235E-1
2.144621986E0,4.234301299E-2,-2.476666719E-1,4.162397981E-1
2.147114746E0,7.003907114E-2,-3.307548463E-1,3.501953483E-1
2.149607507E0,8.708280325E-2,-3.936035931E-1,2.905423045E-1
2.152100319E0,9.134373069E-2,-4.276910722E-1,2.287587970E-1
2.154593080E0,8.708280325E-2,-4.404738545E-1,1.680405140E-1
2.157085840E0,7.749570161E-2,-4.298215210E-1,1.190397888E-1
2.159578653E0,6.684337556E-2,-4.095821083E-1,7.430000603E-2
2.162071413E0,5.512581021E-2,-3.808208108E-1,3.488638252E-2
2.164562246E0,4.021254554E-2,-3.382114768E-1,6.125089712E-3
2.167055007E0,3.062544949E-2,-2.860150635E-1,-1.837527007E-2
2.169547767E0,1.997311972E-2,-2.295577228E-1,-3.754946589E-2
2.172040528E0,1.784265228E-2,-1.709699035E-1,-4.926702753E-2
2.174533340E0,1.784265228E-2,-1.091863886E-1,-5.778888986E-2
2.177026101E0,2.103835158E-2,-5.379426852E-2,-6.737598777E-2
2.179518861E0,2.316881903E-2,-5.326165119E-4,-7.057169080E-2
2.182011674E0,2.956021577E-2,2.822867595E-2,-7.270215452E-2
2.184504434E0,3.382114694E-2,3.994623944E-2,-7.270215452E-2
2.186997194E0,4.127778113E-2,4.953333735E-2,-7.057169080E-2
2.189490007E0,4.447348043E-2,6.764229387E-2,-6.950645149E-2
2.191982767E0,4.447348043E-2,8.255556226E-2,-6.098458916E-2
2.194476726E0,4.660394415E-2,8.149032295E-2,-5.033225939E-2
2.196969486E0,4.979964346E-2,7.935985923E-2,-3.754946589E-2
2.199462246E0,4.660394415E-2,8.042509109E-2,-2.050573565E-2
2.201955007E0,4.766917601E-2,7.403369248E-2,7.989247679E-4
2.204447819E0,4.979964346E-2,6.977276504E-2,3.488638252E-2
2.206940580E0,5.406057462E-2,7.829462737E-2,7.430000603E-2
2.209433340E0,6.151720881E-2,7.935985923E-2,1.275616586E-1
2.211926153E0,7.003907114E-2,5.272903293E-2,1.946713328E-1
2.214418913E0,7.749570161E-2,1.651111245E-2,2.713681161E-1
2.216911674E0,8.175663650E-2,-1.544587873E-2,3.512606025E-1
2.219404486E0,8.388710022E-2,-3.781577200E-2,4.268921316E-1
2.221897246E0,8.601756394E-2,-5.059856921E-2,4.950670600E-1
2.224393132E0,9.347419441E-2,-6.338136643E-2,5.611115098E-1
2.226885892E0,1.009308323E-1,-6.764229387E-2,6.207645535E-1
2.229378653E0,1.147788614E-1,-8.042509109E-2,6.782871485E-1
2.231871413E0,1.371487528E-1,-1.038602218E-1,7.390053868E-1
2.234364226E0,1.659100503E-1,-1.166430190E-1,8.061150908E-1
2.236856986E0,1.936061084E-1,-1.240996495E-1,8.668333888E-1
2.239349746E0,2.213021666E-1,-1.422086060E-1,9.307473302E-1
2.241842559E0,2.458025217E-1,-1.773612946E-1,9.967917800E-1
2.244335319E0,2.585853040E-1,-2.082530558E-1,1.061771035E0
2.246828080E0,2.596505582E-1,-2.487319112E-1,1.122489333E0
2.249320892E0,2.479329854E-1,-3.009283245E-1,1.166163802E0
2.251813653E0,2.319544852E-1,-3.499290347E-1,1.206642747E0
2.254303601E0,2.021279633E-1,-4.031907022E-1,1.241795421E0
2.256796361E0,1.573881805E-1,-4.564523399E-1,1.275882840E0
2.259289121E0,9.773512930E-2,-5.320838690E-1,1.303578854E0
2.261781882E0,1.784265228E-2,-5.991935730E-1,1.331274986E0
2.264274694E0,-6.950645149E-2,-6.556509137E-1,1.366427660E0
2.266767455E0,-1.557903290E-1,-7.078473568E-1,1.411167502E0
2.269260215E0,-2.292914093E-1,-7.355434299E-1,1.471885681E0
2.271753028E0,-2.548570037E-1,-6.993255019E-1,1.557104349E0
2.274245788E0,-2.218347788E-1,-5.800193548E-1,1.652975321E0
2.276738549E0,-1.707035899E-1,-4.319519997E-1,1.744585395E0
2.279231361E0,-1.280942708E-1,-2.966673970E-1,1.831934452E0
2.281724121E0,-8.015878499E-2,-1.635132730E-1,1.920348883E0
2.284228028E0,-1.944050193E-2,-1.864157803E-2,2.015287638E0
2.286720840E0,4.127778113E-2,1.166430190E-1,2.106897831E0
2.289213601E0,9.773512930E-2,2.210358530E-1,2.197442532E0
2.291706361E0,1.531272531E-1,2.945369184E-1,2.283726454E0
2.294199174E0,1.989322603E-1,3.403419554E-1,2.372140884E0
2.296691934E0,2.319544852E-1,3.595161438E-1,2.450968027E0
2.299184694E0,2.479329854E-1,3.435376585E-1,2.528730154E0
2.301677507E0,2.415415943E-1,3.105154335E-1,2.606492043E0
2.304170267E0,2.170412242E-1,2.679060996E-1,2.669340849E0
2.306663028E0,1.786928326E-1,1.986659616E-1,2.722602367E0
2.309155840E0,1.264964193E-1,1.070559174E-1,2.758820295E0
2.311648601E0,6.151720881E-2,-4.793548491E-3,2.768407583E0
2.314132455E0,9.320789017E-3,-1.219691783E-1,2.758820295E0
2.316625215E0,-2.796236612E-2,-2.231663167E-1,2.728993893E0
2.319117976E0,-6.311506033E-2,-3.232982159E-1,2.690645456E0
2.321610736E0,-1.003982127E-1,-4.138430357E-1,2.643775225E0
2.324103549E0,-1.195724085E-1,-4.436695576E-1,2.580926418E0
2.326596309E0,-1.217028722E-1,-4.447347820E-1,2.520208120E0
2.329089069E0,-6.737598777E-2,-5.725627542E-1,2.443511486E0
2.331581882E0,2.636451647E-2,-7.216953635E-1,2.345510006E0
2.334074642E0,1.488663107E-1,-7.419347763E-1,2.240051985E0
2.336567403E0,3.203688264E-1,-6.322157979E-1,2.121810913E0
2.339060215E0,4.801537991E-1,-4.692351520E-1,1.999309182E0
2.341552976E0,5.557853580E-1,-3.147763610E-1,1.887326598E0
2.344041674E0,5.728290677E-1,-1.581871063E-1,1.789325118E0
2.346534434E0,5.781552196E-1,2.663082443E-3,1.698780417E0
2.349027194E0,5.994598866E-1,1.539261788E-1,1.622083545E0
2.351519955E0,6.591129303E-1,3.169068098E-1,1.556039095E0
2.354012767E0,7.230269313E-1,4.671046734E-1,1.496386051E0
2.356505528E0,7.688319087E-1,5.427362323E-1,1.451646328E0
2.358998288E0,7.752233148E-1,5.970631242E-1,1.422885060E0
2.361491101E0,7.230269313E-1,6.418029070E-1,1.414363146E0
2.363983861E0,6.431344151E-1,6.428681016E-1,1.413297892E0
2.366476621E0,5.866770744E-1,5.853455663E-1,1.407971740E0
2.368969434E0,5.643072128E-1,4.905398190E-1,1.395188928E0
2.371462194E0,5.856118798E-1,3.882774413E-1,1.369623303E0
2.373956621E0,6.218297482E-1,2.721670270E-1,1.329144478E0
2.376449382E0,6.473953724E-1,1.400781423E-1,1.282274246E0
2.378942142E0,6.761566401E-1,1.225017942E-2,1.221555948E0
2.381434903E0,7.059831619E-1,-9.640359133E-2,1.151250601E0
2.383927715E0,7.400706410E-1,-1.826874614E-1,1.083075643E0
2.386420476E0,7.688319087E-1,-2.689713240E-1,1.035140157E0
2.388913236E0,8.007889390E-1,-3.563204408E-1,1.002117991E0
2.391406049E0,8.252893090E-1,-4.479304850E-1,9.669652581E-1
2.393898809E0,8.561810255E-1,-5.608451962E-1,9.286168814E-1
2.396391569E0,8.753552437E-1,-7.259563208E-1,9.158340693E-1
2.398884382E0,8.551158309E-1,-9.038501978E-1,9.413996935E-1
2.401377142E0,7.773538232E-1,-1.055113316E0,1.007444143E0
2.403874226E0,6.569824815E-1,-1.130744815E0,1.096923709E0
2.406366986E0,5.046541691E-1,-1.106244445E0,1.226882100E0
2.408859746E0,3.395430148E-1,-1.023156285E0,1.372819066E0
2.411352507E0,1.936061084E-1,-9.091764092E-1,1.495320916E0
2.413845319E0,7.430000603E-2,-7.738918066E-1,1.570952415E0
2.416338080E0,-1.198387146E-2,-6.631075740E-1,1.583735228E0
2.418830840E0,-7.589785010E-2,-5.906717181E-1,1.533669233E0
2.421323653E0,-1.238333359E-1,-5.406057835E-1,1.447385430E0
2.423816413E0,-1.547250897E-1,-4.990616739E-1,1.338731647E0
2.426309174E0,-1.749645174E-1,-4.489957094E-1,1.216229796E0
2.428801986E0,-1.856168509E-1,-3.701684773E-1,1.087336659E0
2.431294746E0,-1.888125539E-1,-2.764279842E-1,9.584434032E-1
2.433780476E0,-1.845516264E-1,-1.741656065E-1,8.338111639E-1
2.436273236E0,-1.707035899E-1,-7.935985923E-2,7.251573801E-1
2.438765996E0,-1.568555683E-1,3.728315700E-3,6.282211542E-1
2.441258757E0,-1.376813650E-1,6.444659829E-2,5.440677404E-1
2.443751569E0,-1.142462417E-1,9.427312016E-2,4.716319144E-1
2.446244330E0,-9.187635034E-2,9.320788831E-2,4.066527188E-1
2.448737090E0,-6.950645149E-2,7.616416365E-2,3.480648994E-1
2.451229903E0,-5.033225939E-2,4.740286991E-2,2.905423045E-1
2.453722663E0,-3.115806542E-2,6.924014539E-3,2.394111156E-1
2.456215424E0,-1.091863867E-2,-3.568530455E-2,1.893451661E-1
2.458708236E0,1.145125460E-2,-7.616416365E-2,1.446053833E-1
2.461200996E0,3.914731368E-2,-1.027949899E-1,1.105179265E-1
2.463693861E0,6.045197323E-2,-7.722939551E-2,8.069140464E-2
2.466186621E0,5.938674137E-2,9.001219273E-2,6.258244067E-2
2.468679382E0,6.151720881E-2,2.402100414E-1,2.636451647E-2
2.471172142E0,9.134373069E-2,2.231663167E-1,-1.944050193E-2
2.473664955E0,1.264964193E-1,8.362079412E-2,-5.885412544E-2
2.476157715E0,1.552577168E-1,-5.166380107E-2,-8.228924870E-2
2.478650476E0,1.829537749E-1,-1.283605844E-1,-9.720251709E-2
2.481143288E0,2.181064636E-1,-1.603175700E-1,-1.078548431E-1
2.483636049E0,2.383458912E-1,-1.368824393E-1,-1.206376404E-1
2.486128809E0,2.415415943E-1,-3.248960897E-2,-1.280942708E-1
2.488621621E0,2.479329854E-1,9.001219273E-2,-1.302247345E-1
2.491114382E0,2.564548552E-1,1.624480337E-1,-1.302247345E-1
2.493610580E0,2.639114857E-1,1.794917583E-1,-1.344856620E-1
2.496103340E0,2.777595222E-1,1.731003672E-1,-1.312899739E-1
2.498596101E0,2.884118557E-1,1.613828093E-1,-1.259638071E-1
2.501088861E0,2.841508985E-1,1.486000121E-1,-1.195724085E-1
2.503581674E0,2.809551954E-1,1.336867511E-1,-1.142462417E-1
2.506074434E0,2.681724131E-1,1.230344176E-1,-1.057243794E-1
2.508567194E0,2.543243766E-1,1.198387146E-1,-9.187635034E-2
2.511060007E0,2.426068187E-1,1.251648813E-1,-8.548495173E-2
2.513552767E0,2.287587970E-1,1.209039465E-1,-8.228924870E-2
2.516045528E0,2.149107605E-1,1.102516204E-1,-7.589785010E-2
2.518538340E0,2.042584270E-1,1.006645188E-1,-7.589785010E-2
2.521031101E0,1.999974996E-1,9.427312016E-2,-7.589785010E-2
2.523519642E0,1.914756298E-1,7.935985923E-2,-7.483261824E-2
2.526012403E0,1.872147024E-1,6.231613085E-2,-7.163692266E-2
2.528505163E0,1.840189993E-1,5.166380107E-2,-6.631075591E-2
2.530997924E0,1.840189993E-1,4.420717061E-2,-6.737598777E-2
2.533490736E0,1.829537749E-1,3.781577200E-2,-6.631075591E-2
2.535983496E0,1.850842386E-1,4.101147130E-2,-6.418029219E-2
2.538476257E0,1.850842386E-1,3.675054014E-2,-6.524552405E-2
2.540969017E0,1.850842386E-1,3.142437339E-2,-6.631075591E-2
2.543461830E0,1.840189993E-1,3.142437339E-2,-6.950645149E-2
2.545954590E0,1.840189993E-1,3.035914153E-2,-6.950645149E-2
2.548447403E0,1.850842386E-1,2.822867595E-2,-6.737598777E-2
2.550940163E0,1.840189993E-1,2.929390781E-2,-7.057169080E-2
2.553435059E0,1.808233112E-1,3.035914153E-2,-6.737598777E-2
2.555927819E0,1.754971445E-1,5.858781748E-3,-4.713656008E-2
2.558420580E0,1.680405140E-1,-2.609820850E-2,-2.902759984E-2
2.560913340E0,1.605838835E-1,-2.822867595E-2,-2.263620123E-2
2.563406153E0,1.573881805E-1,-2.822867595E-2,-2.370143496E-2
2.565898913E0,1.595186442E-1,-2.183727734E-2,-2.796236612E-2
2.568391674E0,1.595186442E-1,-1.544587873E-2,-2.796236612E-2
2.570884486E0,1.584534049E-1,-2.663082443E-3,-2.902759984E-2
2.573377246E0,1.605838835E-1,6.924014539E-3,-2.902759984E-2
2.575870007E0,1.659100503E-1,1.438064594E-2,-2.902759984E-2
2.578362767E0,1.669752747E-1,2.077204362E-2,-2.689713426E-2
2.580855580E0,1.701709777E-1,2.822867595E-2,-2.476666868E-2
2.583345476E0,1.744319052E-1,3.888100386E-2,-2.902759984E-2
2.585838184E0,1.776276082E-1,4.740286991E-2,-2.902759984E-2
2.588330996E0,1.818885356E-1,5.912043154E-2,-2.583190054E-2
2.590823757E0,1.861494780E-1,6.977276504E-2,-2.583190054E-2
2.593316517E0,1.840189993E-1,8.255556226E-2,-3.115806542E-2
2.595809278E0,1.861494780E-1,9.959928691E-2,-3.435376659E-2
2.598302038E0,1.861494780E-1,1.102516204E-1,-4.074516147E-2
2.600794799E0,1.861494780E-1,1.219691783E-1,-4.820179567E-2
2.603287559E0,1.850842386E-1,1.283605844E-1,-5.139749497E-2
2.605780319E0,1.840189993E-1,1.315562725E-1,-5.565842614E-2
2.608273080E0,1.797580719E-1,1.347519755E-1,-6.418029219E-2
2.610765840E0,1.786928326E-1,1.368824393E-1,-6.524552405E-2
2.613261674E0,1.786928326E-1,1.379476786E-1,-6.737598777E-2
2.615754434E0,1.744319052E-1,1.443390697E-1,-7.376738638E-2
2.618247194E0,1.691057384E-1,1.507304758E-1,-7.696308941E-2
2.620739955E0,1.659100503E-1,1.560566425E-1,-7.909355313E-2
2.623232715E0,1.680405140E-1,1.603175700E-1,-8.441971987E-2
2.625725476E0,1.680405140E-1,1.613828093E-1,-8.761541545E-2
2.628218236E0,1.712362021E-1,1.720351279E-1,-9.187635034E-2
2.630710996E0,1.723014414E-1,1.784265339E-1,-9.613727778E-2
2.633203757E0,1.701709777E-1,1.837527007E-1,-9.613727778E-2
2.635696517E0,1.754971445E-1,1.890788674E-1,-9.826774895E-2
2.638189278E0,1.786928326E-1,1.922745556E-1,-1.025286764E-1
2.640682038E0,1.818885356E-1,1.944050342E-1,-1.057243794E-1
2.643174382E0,1.808233112E-1,1.933397949E-1,-1.078548431E-1
2.645667142E0,1.818885356E-1,1.869483888E-1,-1.089200750E-1
2.648159903E0,1.840189993E-1,1.880136281E-1,-1.110505462E-1
2.650652663E0,1.829537749E-1,1.880136281E-1,-1.153114736E-1
2.653145424E0,1.818885356E-1,1.848179251E-1,-1.174419373E-1
2.655638184E0,1.829537749E-1,1.848179251E-1,-1.174419373E-1
2.658130944E0,1.818885356E-1,1.816222370E-1,-1.195724085E-1
2.660623705E0,1.786928326E-1,1.752308309E-1,-1.280942708E-1
2.663116465E0,1.786928326E-1,1.549914032E-1,-1.248985752E-1
2.665609226E0,1.818885356E-1,1.315562725E-1,-1.227681041E-1
2.668101986E0,1.818885356E-1,1.059906855E-1,-1.217028722E-1
2.670594746E0,1.829537749E-1,9.107742459E-2,-1.195724085E-1
2.673089121E0,1.808233112E-1,8.575125784E-2,-1.206376404E-1
2.675581882E0,1.829537749E-1,8.788172156E-2,-1.163767055E-1
2.678074642E0,1.829537749E-1,8.362079412E-2,-1.131810099E-1
2.680567403E0,1.829537749E-1,7.829462737E-2,-1.153114736E-1
2.683060163E0,1.840189993E-1,7.722939551E-2,-1.142462417E-1
2.685552924E0,1.829537749E-1,7.403369248E-2,-1.142462417E-1
2.688045684E0,1.818885356E-1,6.977276504E-2,-1.121157780E-1
2.690538444E0,1.808233112E-1,6.338136643E-2,-1.099853069E-1
2.693031205E0,1.818885356E-1,5.698996782E-2,-1.089200750E-1
2.695523965E0,1.840189993E-1,5.272903293E-2,-1.046591476E-1
2.698016726E0,1.893451661E-1,5.379426852E-2,-9.720251709E-2
2.700509486E0,1.904104054E-1,4.740286991E-2,-9.294158220E-2
2.703009382E0,1.893451661E-1,4.846810177E-2,-8.974587917E-2
2.705502142E0,1.893451661E-1,4.846810177E-2,-8.548495173E-2
2.707994903E0,1.925408691E-1,4.740286991E-2,-8.548495173E-2
2.710487663E0,1.904104054E-1,3.994623944E-2,-8.441971987E-2
2.712980424E0,1.957365721E-1,4.314193875E-2,-8.122401685E-2
2.715473184E0,1.968017966E-1,4.846810177E-2,-7.802832127E-2
2.717965944E0,1.957365721E-1,4.846810177E-2,-7.483261824E-2
2.720458705E0,1.968017966E-1,4.633763805E-2,-7.376738638E-2
2.722951465E0,1.968017966E-1,4.740286991E-2,-7.589785010E-2
2.725444226E0,1.989322603E-1,4.207670316E-2,-7.163692266E-2
2.727936986E0,1.989322603E-1,3.462007269E-2,-7.270215452E-2
2.730429746E0,1.978670359E-1,2.929390781E-2,-7.270215452E-2
2.732915007E0,1.978670359E-1,2.609820850E-2,-6.737598777E-2
2.735407767E0,1.957365721E-1,1.544587873E-2,-6.631075591E-2
2.737900528E0,1.946713328E-1,6.924014539E-3,-6.418029219E-2
2.740393288E0,1.978670359E-1,-1.597849536E-3,-6.418029219E-2
2.742886049E0,1.999974996E-1,-9.054481052E-3,-6.524552405E-2
2.745378809E0,2.031932026E-1,-1.225017942E-2,-6.311506033E-2
2.747871569E0,2.021279633E-1,-1.864157803E-2,-6.418029219E-2
2.750364330E0,2.031932026E-1,-2.503297664E-2,-6.204982474E-2
2.752857090E0,2.106498331E-1,-2.929390781E-2,-5.565842614E-2
2.755349851E0,2.117150575E-1,-2.929390781E-2,-5.352795869E-2
2.757842611E0,2.117150575E-1,-2.822867595E-2,-5.033225939E-2
2.760335371E0,2.149107605E-1,-3.462007269E-2,-5.139749497E-2
2.762829382E0,2.159759998E-1,-4.740286991E-2,-4.926702753E-2
2.765322142E0,2.159759998E-1,-5.059856921E-2,-4.607132822E-2
2.767814903E0,2.202369273E-1,-5.059856921E-2,-3.967992961E-2
2.770307663E0,2.244978547E-1,-4.846810177E-2,-3.541899845E-2
2.772800424E0,2.255630940E-1,-4.740286991E-2,-3.435376659E-2
2.775293184E0,2.298240215E-1,-4.527240247E-2,-3.222329915E-2
2.777785944E0,2.362154275E-1,-4.420717061E-2,-3.222329915E-2
2.780278705E0,2.330197245E-1,-4.846810177E-2,-3.222329915E-2
2.782771465E0,2.351501882E-1,-5.698996782E-2,-2.689713426E-2
2.785264226E0,2.404763550E-1,-6.764229387E-2,-2.370143496E-2
2.787756986E0,2.447372824E-1,-7.616416365E-2,-1.944050193E-2
2.790249746E0,2.479329854E-1,-7.616416365E-2,-1.624480449E-2
2.792740476E0,2.500634491E-1,-7.935985923E-2,-1.517957076E-2
2.795233184E0,2.543243766E-1,-8.255556226E-2,-1.517957076E-2
2.797725996E0,2.575200796E-1,-8.362079412E-2,-1.304910425E-2
2.800218757E0,2.585853040E-1,-8.788172156E-2,-1.411433797E-2
2.802711517E0,2.575200796E-1,-8.894696087E-2,-1.198387146E-2
2.805204278E0,2.607157826E-1,-8.894696087E-2,-4.527240526E-3
2.807697038E0,2.617810071E-1,-8.788172156E-2,7.989247679E-4
2.810189799E0,2.671071887E-1,-8.681648970E-2,2.929390874E-3
2.812682559E0,2.692376375E-1,-8.362079412E-2,9.320789017E-3
2.815175319E0,2.713681161E-1,-8.042509109E-2,1.464695390E-2
2.817668080E0,2.756290436E-1,-7.829462737E-2,1.997311972E-2
2.820160840E0,2.766942680E-1,-7.829462737E-2,2.742975019E-2
2.822654746E0,2.820204496E-1,-6.657706201E-2,2.849498391E-2
2.825147455E0,2.820204496E-1,-6.231613085E-2,2.636451647E-2
2.827640267E0,2.820204496E-1,-6.338136643E-2,2.849498391E-2
2.830133028E0,2.852161527E-1,-6.764229387E-2,3.062544949E-2
2.832625788E0,2.916075289E-1,-6.657706201E-2,3.808208182E-2
2.835118549E0,2.905423045E-1,-6.657706201E-2,4.340824485E-2
2.837611309E0,2.873466015E-1,-6.764229387E-2,4.021254554E-2
2.840104069E0,2.884118557E-1,-7.403369248E-2,4.127778113E-2
2.842596830E0,2.884118557E-1,-8.042509109E-2,4.553871229E-2
2.845089590E0,2.852161527E-1,-8.362079412E-2,5.086487532E-2
2.847582351E0,2.788247466E-1,-9.001219273E-2,5.406057462E-2
2.850075111E0,2.756290436E-1,-9.853405505E-2,5.725627393E-2
2.852569590E0,2.724333405E-1,-1.081211492E-1,5.938674137E-2
2.855062351E0,2.745638192E-1,-1.198387146E-1,6.364767253E-2
2.857555111E0,2.713681161E-1,-1.262301207E-1,6.684337556E-2
2.860047871E0,2.692376375E-1,-1.379476786E-1,7.110430300E-2
2.862540632E0,2.671071887E-1,-1.475347728E-1,7.323476672E-2
2.865033392E0,2.692376375E-1,-1.560566425E-1,7.749570161E-2
2.867526153E0,2.671071887E-1,-1.603175700E-1,8.069140464E-2
2.870018913E0,2.628462613E-1,-1.699046642E-1,7.749570161E-2
2.872511674E0,2.649767101E-1,-1.731003672E-1,8.069140464E-2
2.875004434E0,2.660419345E-1,-1.762960702E-1,8.388710022E-2
2.877497194E0,2.671071887E-1,-1.773612946E-1,8.175663650E-2
2.879989955E0,2.639114857E-1,-1.805569977E-1,8.175663650E-2
2.882482924E0,2.617810071E-1,-1.858831644E-1,7.643046975E-2
2.884975684E0,2.607157826E-1,-1.848179251E-1,7.430000603E-2
2.887468444E0,2.607157826E-1,-1.709699035E-1,6.684337556E-2
2.889961205E0,2.649767101E-1,-1.667089611E-1,3.808208182E-2
2.892453965E0,2.671071887E-1,-1.805569977E-1,1.784265228E-2
2.894946726E0,2.628462613E-1,-1.944050342E-1,2.103835158E-2
2.897439486E0,2.564548552E-1,-1.986659616E-1,3.169068322E-2
2.899932246E0,2.500634491E-1,-2.061225921E-1,3.169068322E-2
2.902425007E0,2.415415943E-1,-2.103835195E-1,2.636451647E-2
2.904917767E0,2.383458912E-1,-2.210358530E-1,1.784265228E-2
2.907410528E0,2.340849638E-1,-2.348838747E-1,2.929390874E-3
2.909903288E0,2.351501882E-1,-2.497971505E-1,-7.722939365E-3
2.912398653E0,2.362154275E-1,-2.679060996E-1,-1.411433797E-2
2.914891413E0,2.404763550E-1,-2.828193605E-1,-2.050573565E-2
2.917384174E0,2.415415943E-1,-2.924064696E-1,-2.689713426E-2
2.919876934E0,2.426068187E-1,-3.062545061E-1,-3.754946589E-2
2.922369694E0,2.447372824E-1,-3.169068098E-1,-4.287562892E-2
2.924862455E0,2.479329854E-1,-3.360810280E-1,-5.352795869E-2
2.927355215E0,2.521939278E-1,-3.563204408E-1,-6.311506033E-2
2.929847976E0,2.564548552E-1,-3.584509194E-1,-7.163692266E-2
2.932340736E0,2.511286736E-1,-3.435376585E-1,-7.376738638E-2
2.934833496E0,2.436720580E-1,-3.296896219E-1,-7.270215452E-2
2.937326257E0,2.394111156E-1,-3.201025128E-1,-7.270215452E-2
2.939819017E0,2.330197245E-1,-3.115806580E-1,-7.270215452E-2
2.942310528E0,2.308892608E-1,-3.115806580E-1,-7.696308941E-2
2.944803288E0,2.234326303E-1,-3.147763610E-1,-8.335448056E-2
2.947296049E0,2.181064636E-1,-3.105154335E-1,-8.015878499E-2
2.949788809E0,2.138455361E-1,-3.051892519E-1,-7.909355313E-2
2.952281569E0,2.085193694E-1,-3.009283245E-1,-8.228924870E-2
2.954774330E0,2.042584270E-1,-2.977326214E-1,-8.122401685E-2
2.957267090E0,2.021279633E-1,-2.987978756E-1,-8.548495173E-2
2.959759851E0,1.999974996E-1,-3.009283245E-1,-8.548495173E-2
2.962252611E0,1.936061084E-1,-3.019935489E-1,-8.441971987E-2
2.964745371E0,1.925408691E-1,-3.051892519E-1,-8.441971987E-2
2.967238132E0,1.872147024E-1,-3.062545061E-1,-8.548495173E-2
2.969730892E0,1.893451661E-1,-3.083849549E-1,-8.228924870E-2
2.972222976E0,1.861494780E-1,-3.105154335E-1,-8.122401685E-2
2.974715736E0,1.829537749E-1,-3.094501793E-1,-8.015878499E-2
2.977208496E0,1.786928326E-1,-3.083849549E-1,-8.015878499E-2
2.979701257E0,1.786928326E-1,-3.105154335E-1,-7.589785010E-2
2.982194017E0,1.786928326E-1,-3.147763610E-1,-7.270215452E-2
2.984686778E0,1.754971445E-1,-3.137111366E-1,-6.950645149E-2
2.987179538E0,1.712362021E-1,-3.137111366E-1,-6.737598777E-2
2.989672299E0,1.669752747E-1,-3.115806580E-1,-6.737598777E-2
2.992165059E0,1.648448110E-1,-3.137111366E-1,-6.204982474E-2
2.994657819E0,1.595186442E-1,-3.147763610E-1,-5.565842614E-2
2.997150580E0,1.584534049E-1,-3.179720640E-1,-5.139749497E-2
2.999643340E0,1.531272531E-1,-3.232982159E-1,-4.607132822E-2
3.002134799E0,1.499315500E-1,-3.264939189E-1,-3.967992961E-2
3.004627507E0,1.488663107E-1,-3.328853250E-1,-3.115806542E-2
3.007120319E0,1.424749196E-1,-3.403419554E-1,-2.583190054E-2
3.009613080E0,1.403444558E-1,-3.488638103E-1,-1.944050193E-2
3.012105840E0,1.328878254E-1,-3.605813682E-1,-1.304910425E-2
3.014598601E0,1.328878254E-1,-3.691032529E-1,-1.331541222E-3
3.017091361E0,1.350182891E-1,-3.797555864E-1,8.255556226E-3
3.019584121E0,1.328878254E-1,-3.904078901E-1,1.677742042E-2
3.022076882E0,1.328878254E-1,-4.010602236E-1,2.423405088E-2
3.024569642E0,1.328878254E-1,-4.074516296E-1,3.062544949E-2
3.027062403E0,1.339530498E-1,-4.181039631E-1,3.595161438E-2
3.029555163E0,1.350182891E-1,-4.298215210E-1,4.234301299E-2
3.032050111E0,1.328878254E-1,-4.351477027E-1,5.193011090E-2
3.034542871E0,1.350182891E-1,-4.394086301E-1,6.045197323E-2
3.037035632E0,1.392792165E-1,-4.447347820E-1,6.471290439E-2
3.039528392E0,1.414096802E-1,-4.436695576E-1,7.003907114E-2
3.042021153E0,1.424749196E-1,-4.447347820E-1,7.536523789E-2
3.044513913E0,1.456706226E-1,-4.436695576E-1,8.388710022E-2
3.047006674E0,1.499315500E-1,-4.362129271E-1,9.027849883E-2
3.049499434E0,1.509967744E-1,-4.319519997E-1,9.453943372E-2
3.051992194E0,1.563229412E-1,-4.255605936E-1,9.986559302E-2
3.054484955E0,1.584534049E-1,-4.149082601E-1,1.062569916E-1
3.056977715E0,1.573881805E-1,-4.085168540E-1,1.094526947E-1
3.059470476E0,1.605838835E-1,-3.925383687E-1,1.115831584E-1
3.061960840E0,1.659100503E-1,-3.744294047E-1,1.190397888E-1
3.064453601E0,1.701709777E-1,-3.563204408E-1,1.254311949E-1
3.066946361E0,1.733666807E-1,-3.339505494E-1,1.307573467E-1
3.069439121E0,1.754971445E-1,-3.147763610E-1,1.382139921E-1
3.071931882E0,1.829537749E-1,-2.945369184E-1,1.456706226E-1
3.074424642E0,1.818885356E-1,-2.774932086E-1,1.520620137E-1
3.076917403E0,1.808233112E-1,-2.561885417E-1,1.541924775E-1
3.079410163E0,1.840189993E-1,-2.274272442E-1,1.520620137E-1
3.081902924E0,1.904104054E-1,-1.997311860E-1,1.488663107E-1
3.084395684E0,1.936061084E-1,-1.688394397E-1,1.499315500E-1
3.086888444E0,1.978670359E-1,-1.411433816E-1,1.456706226E-1
3.089381205E0,1.999974996E-1,-1.134473160E-1,1.424749196E-1
3.091875476E0,2.031932026E-1,-8.255556226E-2,1.382139921E-1
3.094368236E0,2.063889056E-1,-5.379426852E-2,1.328878254E-1
3.096860996E0,2.106498331E-1,-2.716344222E-2,1.275616586E-1
3.099353757E0,2.106498331E-1,5.326165119E-4,1.211702600E-1
3.101846517E0,2.138455361E-1,2.503297664E-2,1.147788614E-1
3.104339278E0,2.191716880E-1,3.781577200E-2,1.115831584E-1
3.106832090E0,2.191716880E-1,4.633763805E-2,1.115831584E-1
3.109324799E0,2.213021666E-1,5.272903293E-2,1.051917598E-1
3.111817611E0,2.213021666E-1,6.338136643E-2,9.880036116E-2
3.114310371E0,2.138455361E-1,7.829462737E-2,9.240896255E-2
3.116803132E0,2.106498331E-1,9.214265645E-2,8.708280325E-2
3.119295892E0,2.053236663E-1,1.081211492E-1,8.069140464E-2
3.121793236E0,2.010627389E-1,1.283605844E-1,7.430000603E-2
3.124285996E0,1.893451661E-1,1.464695334E-1,6.684337556E-2
3.126778757E0,1.840189993E-1,1.677742004E-1,6.258244067E-2
3.129271517E0,1.765623689E-1,1.901440918E-1,5.725627393E-2
3.131764278E0,1.701709777E-1,2.103835195E-1,5.299534276E-2
3.134257038E0,1.573881805E-1,2.306229472E-1,4.766917601E-2
3.136749851E0,1.499315500E-1,2.529928386E-1,4.340824485E-2
3.139242559E0,1.392792165E-1,2.742975056E-1,4.127778113E-2
3.141735371E0,1.307573467E-1,2.934716940E-1,4.127778113E-2
3.144228132E0,1.201050207E-1,3.126458824E-1,3.808208182E-2
3.146720892E0,1.137136221E-1,3.296896219E-1,3.488638252E-2
3.149213653E0,1.062569916E-1,3.509942889E-1,3.488638252E-2
3.151708549E0,9.773512930E-2,3.691032529E-1,3.275591508E-2
3.154201309E0,8.921326697E-2,3.829512596E-1,3.062544949E-2
3.156694069E0,7.962616533E-2,4.063864052E-1,2.742975019E-2
3.159186830E0,6.897383928E-2,4.255605936E-1,2.742975019E-2
3.161679590E0,6.045197323E-2,4.426043332E-1,2.316881903E-2
3.164172351E0,5.193011090E-2,4.660394490E-1,1.997311972E-2
3.166665163E0,5.938674137E-2,5.288882256E-1,8.255556226E-3
3.169157871E0,5.832150951E-2,5.597799420E-1,-2.396774245E-3
3.171650684E0,3.914731368E-2,5.501928329E-1,-2.663082560E-4
3.174143444E0,2.529928461E-2,5.448666811E-1,2.929390874E-3
3.176636205E0,9.320789017E-3,5.512580872E-1,5.059856921E-3
3.179128965E0,-6.657706574E-3,5.587147474E-1,6.125089712E-3
3.181612663E0,-1.837527007E-2,5.683017969E-1,9.320789017E-3
3.184105424E0,-3.115806542E-2,5.757584572E-1,1.251648832E-2
3.186598184E0,-3.967992961E-2,5.853455663E-1,1.464695390E-2
3.189090944E0,-4.607132822E-2,5.928021669E-1,1.784265228E-2
3.191583705E0,-5.565842614E-2,5.991935730E-1,2.103835158E-2
3.194076465E0,-6.524552405E-2,6.066502333E-1,2.423405088E-2
3.196569278E0,-7.270215452E-2,6.173025370E-1,2.956021577E-2
3.199061986E0,-7.909355313E-2,6.226286888E-1,3.169068322E-2
3.201554799E0,-8.441971987E-2,6.311505437E-1,3.275591508E-2
3.204047559E0,-8.868064731E-2,6.322157979E-1,3.382114694E-2
3.206540319E0,-9.187635034E-2,6.300853491E-1,3.595161438E-2
3.209033080E0,-9.507204592E-2,6.279548407E-1,3.595161438E-2
3.211530580E0,-9.720251709E-2,6.226286888E-1,3.488638252E-2
3.214023340E0,-1.014634445E-1,6.173025370E-1,3.808208182E-2
3.216516101E0,-1.035939083E-1,6.098458767E-1,3.701684624E-2
3.219008861E0,-1.035939083E-1,6.013240218E-1,3.808208182E-2
3.221501621E0,-1.014634445E-1,5.874760151E-1,3.914731368E-2
3.223994382E0,-1.035939083E-1,5.789541602E-1,4.127778113E-2
3.226487194E0,-1.046591476E-1,5.704323053E-1,4.553871229E-2
3.228979903E0,-1.014634445E-1,5.576494932E-1,5.086487532E-2
3.231472715E0,-1.025286764E-1,5.469971299E-1,5.406057462E-2
3.233965476E0,-9.720251709E-2,5.438014865E-1,5.512581021E-2
3.236458236E0,-9.826774895E-2,5.395405293E-1,6.258244067E-2
3.238950996E0,-9.507204592E-2,5.374100804E-1,6.790860742E-2
3.241442246E0,-9.081111848E-2,5.288882256E-1,6.897383928E-2
3.243935007E0,-8.228924870E-2,5.235620141E-1,7.216953486E-2
3.246427767E0,-7.909355313E-2,5.182358623E-1,7.749570161E-2
3.248920528E0,-7.589785010E-2,5.139749050E-1,8.069140464E-2
3.251413288E0,-6.844121963E-2,5.139749050E-1,8.814803511E-2
3.253906049E0,-6.311506033E-2,5.086487532E-1,9.134373069E-2
3.256398861E0,-5.672365800E-2,5.086487532E-1,9.347419441E-2
3.258891569E0,-5.352795869E-2,5.043878555E-1,9.453943372E-2
3.261384382E0,-4.500609636E-2,5.054530501E-1,9.880036116E-2
3.263877142E0,-3.754946589E-2,5.075835586E-1,1.009308323E-1
3.266369903E0,-3.009283356E-2,5.161054134E-1,9.773512930E-2
3.268862663E0,-1.837527007E-2,5.235620141E-1,1.009308323E-1
3.271358392E0,-7.722939365E-3,5.310186744E-1,9.773512930E-2
3.273851153E0,-3.462007269E-3,5.342143774E-1,9.666989744E-2
3.276343913E0,3.994623665E-3,5.416709781E-1,9.240896255E-2
3.278836674E0,8.255556226E-3,5.491276383E-1,8.708280325E-2
3.281329434E0,1.677742042E-2,5.640408993E-1,8.282186836E-2
3.283822194E0,2.742975019E-2,5.768237114E-1,8.175663650E-2
3.286315007E0,3.595161438E-2,5.917369723E-1,7.856093347E-2
3.288807715E0,4.127778113E-2,6.066502333E-1,7.430000603E-2
3.291300528E0,4.553871229E-2,6.279548407E-1,6.684337556E-2
3.293793288E0,5.299534276E-2,6.503247619E-1,6.045197323E-2
3.296286049E0,6.258244067E-2,6.748251319E-1,5.725627393E-2
3.298778809E0,7.110430300E-2,7.035863996E-1,5.299534276E-2
3.301267611E0,7.856093347E-2,7.280867696E-1,4.340824485E-2
3.303760371E0,8.282186836E-2,7.440652847E-1,3.914731368E-2
3.306253132E0,9.027849883E-2,7.504566908E-1,3.595161438E-2
3.308745892E0,9.666989744E-2,7.398043275E-1,3.275591508E-2
3.311238653E0,9.773512930E-2,7.131735086E-1,3.701684624E-2
3.313731413E0,9.347419441E-2,6.737598777E-1,4.447348043E-2
3.316224226E0,9.347419441E-2,6.322157979E-1,6.045197323E-2
3.318716934E0,9.240896255E-2,5.853455663E-1,7.536523789E-2
3.321209746E0,8.814803511E-2,5.416709781E-1,9.453943372E-2
3.323702507E0,8.814803511E-2,4.969311953E-1,1.051917598E-1
3.326195267E0,8.495233208E-2,4.543218911E-1,1.222354919E-1
3.328688028E0,8.601756394E-2,4.202344418E-1,1.339530498E-1
3.331191934E0,8.069140464E-2,3.914731443E-1,1.424749196E-1
3.333684694E0,7.536523789E-2,3.712337017E-1,1.520620137E-1
3.336177455E0,7.430000603E-2,3.584509194E-1,1.552577168E-1
3.338670215E0,7.536523789E-2,3.563204408E-1,1.605838835E-1
3.341162976E0,7.536523789E-2,3.584509194E-1,1.616491079E-1
3.343655736E0,7.749570161E-2,3.584509194E-1,1.637795717E-1
3.346148549E0,7.643046975E-2,3.701684773E-1,1.669752747E-1
3.348641257E0,8.069140464E-2,3.882774413E-1,1.659100503E-1
3.351134069E0,8.601756394E-2,4.127778113E-1,1.669752747E-1
3.353626830E0,8.495233208E-2,4.351477027E-1,1.680405140E-1
3.356119590E0,8.708280325E-2,4.575175941E-1,1.701709777E-1
3.358612351E0,9.134373069E-2,4.777570069E-1,1.701709777E-1
3.361098080E0,9.880036116E-2,4.979964495E-1,1.712362021E-1
3.363590840E0,9.986559302E-2,5.203663111E-1,1.712362021E-1
3.366083601E0,1.019960642E-1,5.395405293E-1,1.712362021E-1
3.368576361E0,1.073222235E-1,5.576494932E-1,1.733666807E-1
3.371069121E0,1.126483902E-1,5.736280084E-1,1.776276082E-1
3.373561882E0,1.147788614E-1,5.874760151E-1,1.786928326E-1
3.376054694E0,1.179745570E-1,6.066502333E-1,1.754971445E-1
3.378547455E0,1.243659556E-1,6.418029070E-1,1.723014414E-1
3.381040215E0,1.307573467E-1,6.599118710E-1,1.712362021E-1
3.383532976E0,1.307573467E-1,6.609770656E-1,1.754971445E-1
3.386025736E0,1.296921223E-1,6.673684716E-1,1.797580719E-1
3.388518496E0,1.286268830E-1,6.705641747E-1,1.840189993E-1
3.391011309E0,1.243659556E-1,6.758903265E-1,1.850842386E-1
3.393504069E0,1.233007237E-1,6.833469868E-1,1.893451661E-1
3.395996830E0,1.211702600E-1,6.844122410E-1,1.925408691E-1
3.398489590E0,1.190397888E-1,6.897383928E-1,1.925408691E-1
3.400982351E0,1.233007237E-1,6.918688416E-1,1.936061084E-1
3.403475111E0,1.233007237E-1,6.918688416E-1,1.978670359E-1
3.405967924E0,1.254311949E-1,6.908035874E-1,2.031932026E-1
3.408460632E0,1.286268830E-1,6.971949935E-1,2.063889056E-1
3.410953444E0,1.286268830E-1,6.982602477E-1,2.053236663E-1
3.413446205E0,1.318225861E-1,6.939992905E-1,2.053236663E-1
3.415938965E0,1.339530498E-1,6.854774356E-1,2.010627389E-1
3.418431726E0,1.350182891E-1,6.854774356E-1,2.031932026E-1
3.420935840E0,1.371487528E-1,6.865426898E-1,2.010627389E-1
3.423428653E0,1.403444558E-1,6.886731386E-1,1.968017966E-1
3.425921413E0,1.446053833E-1,6.971949935E-1,1.957365721E-1
3.428414174E0,1.488663107E-1,7.014559507E-1,1.946713328E-1
3.430906934E0,1.573881805E-1,6.971949935E-1,1.904104054E-1
3.433399694E0,1.605838835E-1,6.918688416E-1,1.861494780E-1
3.435892507E0,1.669752747E-1,6.908035874E-1,1.829537749E-1
3.438385267E0,1.701709777E-1,6.929340959E-1,1.744319052E-1
3.440878028E0,1.691057384E-1,6.993255019E-1,1.680405140E-1
3.443370788E0,1.733666807E-1,7.035863996E-1,1.616491079E-1
3.445863549E0,1.754971445E-1,7.089125514E-1,1.541924775E-1
3.448356309E0,1.786928326E-1,7.110430598E-1,1.488663107E-1
3.450839434E0,1.754971445E-1,7.174344659E-1,1.435401440E-1
3.453332194E0,1.786928326E-1,7.280867696E-1,1.350182891E-1
3.455824955E0,1.712362021E-1,7.376738787E-1,1.264964193E-1
3.458317715E0,1.680405140E-1,7.493914366E-1,1.211702600E-1
3.460810476E0,1.616491079E-1,7.643046975E-1,1.137136221E-1
3.463303236E0,1.563229412E-1,7.824136615E-1,1.115831584E-1
3.465796049E0,1.499315500E-1,7.983921766E-1,1.083874628E-1
3.468288757E0,1.446053833E-1,8.133054376E-1,1.019960642E-1
3.470781569E0,1.382139921E-1,8.282186985E-1,1.030612960E-1
3.473274330E0,1.328878254E-1,8.378057480E-1,1.019960642E-1
3.475767090E0,1.307573467E-1,8.495233655E-1,9.880036116E-2
3.478259851E0,1.275616586E-1,8.591104150E-1,9.560466558E-2
3.480752351E0,1.264964193E-1,8.655018210E-1,9.453943372E-2
3.483245111E0,1.211702600E-1,8.633713722E-1,9.134373069E-2
3.485737871E0,1.179745570E-1,8.612409234E-1,9.134373069E-2
3.488230632E0,1.179745570E-1,8.569799662E-1,9.240896255E-2
3.490723392E0,1.158440933E-1,8.548495173E-1,9.347419441E-2
3.493216153E0,1.115831584E-1,8.537842631E-1,9.666989744E-2
3.495708965E0,1.094526947E-1,8.452624083E-1,9.773512930E-2
3.498201674E0,1.041265279E-1,8.495233655E-1,1.019960642E-1
3.500694486E0,1.019960642E-1,8.591104150E-1,1.073222235E-1
3.503187246E0,1.041265279E-1,8.718932271E-1,1.126483902E-1
3.505680007E0,1.105179265E-1,9.049154520E-1,1.169093251E-1
3.508172767E0,1.094526947E-1,9.113068581E-1,1.158440933E-1
3.510670007E0,1.062569916E-1,9.102416039E-1,1.243659556E-1
3.513162767E0,1.105179265E-1,9.187634587E-1,1.318225861E-1
3.515655528E0,1.115831584E-1,9.240896702E-1,1.392792165E-1
3.518148288E0,1.147788614E-1,9.283505678E-1,1.467358470E-1
3.520641049E0,1.211702600E-1,9.262201190E-1,1.531272531E-1
3.523133809E0,1.264964193E-1,9.208939672E-1,1.637795717E-1
3.525626621E0,1.318225861E-1,9.081111550E-1,1.712362021E-1
3.528119330E0,1.392792165E-1,8.889369369E-1,1.744319052E-1
3.530612142E0,1.435401440E-1,8.676322699E-1,1.797580719E-1
3.533104903E0,1.488663107E-1,8.495233655E-1,1.893451661E-1
3.535597663E0,1.541924775E-1,8.271534443E-1,1.978670359E-1
3.538090424E0,1.595186442E-1,8.047835231E-1,2.042584270E-1
3.540577351E0,1.637795717E-1,7.845441103E-1,2.085193694E-1
3.543070111E0,1.701709777E-1,7.653699517E-1,2.117150575E-1
3.545562871E0,1.733666807E-1,7.483261824E-1,2.181064636E-1
3.548055632E0,1.754971445E-1,7.323477268E-1,2.223673910E-1
3.550548392E0,1.797580719E-1,7.227606177E-1,2.255630940E-1
3.553041153E0,1.818885356E-1,7.121082544E-1,2.287587970E-1
3.555533965E0,1.818885356E-1,7.025212049E-1,2.319544852E-1
3.558026674E0,1.829537749E-1,6.918688416E-1,2.351501882E-1
3.560519486E0,1.850842386E-1,6.844122410E-1,2.404763550E-1
3.563012246E0,1.861494780E-1,6.726946831E-1,2.447372824E-1
3.565505007E0,1.914756298E-1,6.588466167E-1,2.447372824E-1
3.567997767E0,1.957365721E-1,6.492595077E-1,2.447372824E-1
3.570494903E0,1.978670359E-1,6.332810521E-1,2.468677461E-1
3.572987663E0,2.021279633E-1,6.141068339E-1,2.532591522E-1
3.575480424E0,2.053236663E-1,5.981283188E-1,2.575200796E-1
3.577973184E0,2.085193694E-1,5.768237114E-1,2.585853040E-1
3.580465944E0,2.127802968E-1,5.597799420E-1,2.628462613E-1
3.582958705E0,2.149107605E-1,5.363448262E-1,2.692376375E-1
3.585451517E0,2.149107605E-1,5.161054134E-1,2.766942680E-1
3.587944226E0,2.181064636E-1,4.894745648E-1,2.798899710E-1
3.590437038E0,2.191716880E-1,4.607132971E-1,2.862813771E-1
3.592929799E0,2.181064636E-1,4.362129271E-1,2.926727831E-1
3.595422559E0,2.181064636E-1,4.181039631E-1,3.011946380E-1
3.597915319E0,2.138455361E-1,4.053211510E-1,3.075860441E-1
3.600406882E0,2.063889056E-1,3.957340717E-1,3.118469715E-1
3.602899642E0,1.978670359E-1,3.914731443E-1,3.118469715E-1
3.605392403E0,1.904104054E-1,3.840165138E-1,3.107817471E-1
3.607885163E0,1.797580719E-1,3.797555864E-1,3.086512685E-1
3.610377976E0,1.648448110E-1,3.701684773E-1,3.033251166E-1
3.612870736E0,1.509967744E-1,3.627118468E-1,2.979989350E-1
3.615363496E0,1.360835135E-1,3.552552164E-1,2.926727831E-1
3.617856257E0,1.211702600E-1,3.520595133E-1,2.798899710E-1
3.620349069E0,1.051917598E-1,3.509942889E-1,2.703028917E-1
3.622841830E0,8.814803511E-2,3.456681073E-1,2.564548552E-1
3.625334590E0,7.536523789E-2,3.350157738E-1,2.436720580E-1
3.627827351E0,6.577813625E-2,3.190372884E-1,2.244978547E-1
3.630328549E0,5.406057462E-2,3.019935489E-1,2.095845938E-1
3.632821361E0,4.447348043E-2,2.764279842E-1,1.925408691E-1
3.635314121E0,3.701684624E-2,2.583190203E-1,1.754971445E-1
3.637806882E0,3.169068322E-2,2.348838747E-1,1.616491079E-1
3.640299694E0,2.529928461E-2,2.018616647E-1,1.446053833E-1
3.642792455E0,1.997311972E-2,1.731003672E-1,1.233007237E-1
3.645285215E0,1.038602181E-2,1.464695334E-1,1.019960642E-1
3.647777976E0,5.059856921E-3,1.230344176E-1,7.856093347E-2
3.650270788E0,-5.592473317E-3,1.081211492E-1,5.193011090E-2
3.652763549E0,-1.304910425E-2,9.746882319E-2,2.316881903E-2
3.655256309E0,-2.689713426E-2,9.107742459E-2,-5.592473317E-3
3.657749069E0,-4.713656008E-2,9.427312016E-2,-3.541899845E-2
3.660233496E0,-6.098458916E-2,1.027949899E-1,-6.098458916E-2
3.662726257E0,-8.441971987E-2,1.113168523E-1,-8.868064731E-2
3.665219017E0,-1.131810099E-1,1.251648813E-1,-1.131810099E-1
3.667711778E0,-1.387466043E-1,1.390129030E-1,-1.387466043E-1
3.670204590E0,-1.728340536E-1,1.486000121E-1,-1.600512564E-1
3.672697351E0,-2.069215178E-1,1.613828093E-1,-1.802906841E-1
3.675190111E0,-2.537917793E-1,1.773612946E-1,-1.994648874E-1
3.677682871E0,-3.017272651E-1,1.965354979E-1,-2.207695395E-1
3.680175684E0,-3.571193814E-1,2.242315561E-1,-2.463351339E-1
3.682668444E0,-4.125114977E-1,2.561885417E-1,-2.740311921E-1
3.685161205E0,-4.785559475E-1,2.892107666E-1,-3.070534170E-1
3.687653965E0,-5.350132585E-1,3.179720640E-1,-3.454017937E-1
3.690145684E0,-5.872097015E-1,3.360810280E-1,-3.794892728E-1
3.692638444E0,-6.383408904E-1,3.456681073E-1,-4.231638312E-1
3.695131205E0,-6.894720793E-1,3.520595133E-1,-4.689688385E-1
3.697623965E0,-7.342118621E-1,3.637770712E-1,-5.158390999E-1
3.700116778E0,-7.789516449E-1,3.786903322E-1,-5.648398399E-1
3.702609538E0,-8.268871307E-1,3.776251078E-1,-6.106448174E-1
3.705102299E0,-8.716269135E-1,3.786903322E-1,-6.564498544E-1
3.707595059E0,-9.184971452E-1,3.882774413E-1,-7.033200860E-1
3.710087871E0,-9.738892913E-1,3.850817382E-1,-7.469946742E-1
3.712580632E0,-1.034607530E0,3.840165138E-1,-7.938649058E-1
3.715073392E0,-1.098521590E0,3.872122169E-1,-8.471265435E-1
3.717566153E0,-1.169892192E0,3.882774413E-1,-9.025186896E-1
3.720071621E0,-1.251915097E0,3.936035931E-1,-9.579107761E-1
3.722564382E0,-1.336068511E0,3.904078901E-1,-1.019694328E0
3.725057142E0,-1.428743839E0,3.882774413E-1,-1.083608270E0
3.727549903E0,-1.525679946E0,3.882774413E-1,-1.146457076E0
3.730042715E0,-1.622616172E0,3.850817382E-1,-1.215697169E0
3.732535476E0,-1.719552398E0,3.818860352E-1,-1.289198279E0
3.735028236E0,-1.817553878E0,3.669727743E-1,-1.361634135E0
3.737520996E0,-1.910229087E0,3.531247377E-1,-1.433004737E0
3.740013809E0,-2.000773907E0,3.350157738E-1,-1.506505847E0
3.742506569E0,-2.078536034E0,3.158415854E-1,-1.575745940E0
3.744999330E0,-2.143515110E0,2.966673970E-1,-1.646051288E0
3.747492090E0,-2.198907375E0,2.774932086E-1,-1.719552398E0
3.749983184E0,-2.252168894E0,2.551233172E-1,-1.791988254E0
3.752475944E0,-2.295843363E0,2.306229472E-1,-1.866554618E0
3.754968705E0,-2.327800512E0,2.093182951E-1,-1.941120863E0
3.757461465E0,-2.356561661E0,1.880136281E-1,-2.008230448E0
3.759954278E0,-2.381062031E0,1.699046642E-1,-2.077470779E0
3.762447038E0,-2.391714334E0,1.581871063E-1,-2.147776127E0
3.764939799E0,-2.405562401E0,1.517957002E-1,-2.212755203E0
3.767432611E0,-2.422606230E0,1.475347728E-1,-2.275604010E0
3.769925371E0,-2.436454296E0,1.475347728E-1,-2.340583324E0
3.772418132E0,-2.452432632E0,1.400781423E-1,-2.393844843E0
3.774910892E0,-2.465215445E0,1.347519755E-1,-2.448171854E0
3.777403653E0,-2.481194019E0,1.294258088E-1,-2.500368118E0
3.779887194E0,-2.493976831E0,1.145125479E-1,-2.544042826E0
3.782379955E0,-2.505694389E0,8.788172156E-2,-2.584521532E0
3.784872715E0,-2.509023190E0,5.805519968E-2,-2.619674206E0
3.787365476E0,-2.504629135E0,2.183727734E-2,-2.646305084E0
3.789858288E0,-2.490781069E0,-1.651111245E-2,-2.660153151E0
3.792351049E0,-2.464150190E0,-5.485950038E-2,-2.669740200E0
3.794843809E0,-2.427932262E0,-8.362079412E-2,-2.663348913E0
3.797336569E0,-2.378931761E0,-1.006645188E-1,-2.649500847E0
3.799829382E0,-2.319278717E0,-1.049254537E-1,-2.631391764E0
3.802322142E0,-2.248973131E0,-9.959928691E-2,-2.604761124E0
3.804814903E0,-2.168015480E0,-9.533835202E-2,-2.575999737E0
3.807307663E0,-2.079601288E0,-8.575125784E-2,-2.541912317E0
3.809800476E0,-1.980534554E0,-7.616416365E-2,-2.499302864E0
3.812293236E0,-1.886793971E0,-6.444659829E-2,-2.458824158E0
3.814785996E0,-1.789857745E0,-6.018566713E-2,-2.416214705E0
3.817278757E0,-1.697182536E0,-6.764229387E-2,-2.370409727E0
3.819771569E0,-1.609833360E0,-7.935985923E-2,-2.327800512E0
3.822264330E0,-1.529940963E0,-1.017297506E-1,-2.286256313E0
3.824757090E0,-1.461766005E0,-1.304910481E-1,-2.248973131E0
3.827249851E0,-1.407439113E0,-1.592523307E-1,-2.220211983E0
3.829742663E0,-1.363764524E0,-1.944050342E-1,-2.199972391E0
3.832235424E0,-1.341394663E0,-2.231663167E-1,-2.191450596E0
3.834728184E0,-1.336068511E0,-2.529928386E-1,-2.198907375E0
3.837220996E0,-1.337133765E0,-2.860150635E-1,-2.214885712E0
3.839726726E0,-1.350981832E0,-3.222329915E-1,-2.239386082E0
3.842219538E0,-1.373351693E0,-3.616466224E-1,-2.272408247E0
3.844712299E0,-1.407439113E0,-4.031907022E-1,-2.313952446E0
3.847205059E0,-1.444722295E0,-4.436695576E-1,-2.356561661E0
3.849697871E0,-1.491592526E0,-4.841484129E-1,-2.392779589E0
3.852190632E0,-1.548049927E0,-5.182358623E-1,-2.428997517E0
3.854683392E0,-1.607702971E0,-5.395405293E-1,-2.464150190E0
3.857176153E0,-1.670551658E0,-5.608451962E-1,-2.490781069E0
3.859668965E0,-1.734465718E0,-5.896064639E-1,-2.512085676E0
3.862161726E0,-1.795183897E0,-6.194329858E-1,-2.528064251E0
3.864654486E0,-1.855902195E0,-6.471290588E-1,-2.534455776E0
3.867147246E0,-1.912359595E0,-6.748251319E-1,-2.537651300E0
3.869628496E0,-1.961360335E0,-7.003906965E-1,-2.533390522E0
3.872121257E0,-2.003969669E0,-7.216953635E-1,-2.525933743E0
3.874614017E0,-2.040187597E0,-7.366086245E-1,-2.518477201E0
3.877106778E0,-2.065753222E0,-7.483261824E-1,-2.511020660E0
3.879599590E0,-2.087057829E0,-7.579132915E-1,-2.499302864E0
3.882092351E0,-2.103036404E0,-7.728265524E-1,-2.489715815E0
3.884585111E0,-2.114753962E0,-7.951964736E-1,-2.486520290E0
3.887077871E0,-2.126471519E0,-8.175663352E-1,-2.483324528E0
3.889570684E0,-2.129667044E0,-8.250229955E-1,-2.482259274E0
3.892063444E0,-2.137123823E0,-8.218272924E-1,-2.481194019E0
3.894556205E0,-2.139254332E0,-8.175663352E-1,-2.477998257E0
3.897048965E0,-2.143515110E0,-8.047835231E-1,-2.472672224E0
3.899540424E0,-2.143515110E0,-7.866745591E-1,-2.465215445E0
3.902033184E0,-2.142449856E0,-7.643046975E-1,-2.452432632E0
3.904525944E0,-2.137123823E0,-7.419347763E-1,-2.436454296E0
3.907018705E0,-2.133928061E0,-7.216953635E-1,-2.426867247E0
3.909511517E0,-2.121145248E0,-7.003906965E-1,-2.422606230E0
3.912004278E0,-2.103036404E0,-6.961297989E-1,-2.416214705E0
3.914497038E0,-2.084927320E0,-6.865426898E-1,-2.405562401E0
3.916989799E0,-2.063622713E0,-6.769555807E-1,-2.393844843E0
3.919482611E0,-2.043383360E0,-6.567161679E-1,-2.375735998E0
3.921975371E0,-2.027404785E0,-6.215634942E-1,-2.354431391E0
3.924468132E0,-2.010360956E0,-5.736280084E-1,-2.337387562E0
3.926960892E0,-1.992252111E0,-5.118444562E-1,-2.315017700E0
3.929454121E0,-1.970947385E0,-4.617785215E-1,-2.295843363E0
3.931946882E0,-1.958164573E0,-4.553871155E-1,-2.274538755E0
3.934439642E0,-1.950708032E0,-5.011921525E-1,-2.253234148E0
3.936932403E0,-1.941120863E0,-5.587147474E-1,-2.236190319E0
3.939425215E0,-1.919816256E0,-5.821498632E-1,-2.215950966E0
3.941917976E0,-1.898511529E0,-6.087806821E-1,-2.198907375E0
3.944410736E0,-1.883598328E0,-6.524552107E-1,-2.178667784E0
3.946903496E0,-1.869750261E0,-7.025212049E-1,-2.154167414E0
3.949396309E0,-1.868685007E0,-7.898702621E-1,-2.129667044E0
3.951889069E0,-1.878272176E0,-9.208939672E-1,-2.112623453E0
3.954381830E0,-1.895315886E0,-1.063635230E0,-2.098775387E0
3.956874590E0,-1.909163833E0,-1.202115417E0,-2.087057829E0
3.959370476E0,-1.921946645E0,-1.339530468E0,-2.077470779E0
3.961863236E0,-1.935794711E0,-1.512098312E0,-2.070014000E0
3.964355996E0,-1.956034184E0,-1.715557814E0,-2.061492205E0
3.966848757E0,-1.969882131E0,-1.910495400E0,-2.051905155E0
3.969341569E0,-1.981599689E0,-2.110759258E0,-2.036991835E0
3.971834330E0,-1.995447755E0,-2.338719130E0,-2.021013260E0
3.974327090E0,-2.014621973E0,-2.564548492E0,-2.005034924E0
3.976819851E0,-2.036991835E0,-2.773334265E0,-1.983730197E0
3.979312663E0,-2.050839901E0,-2.957619429E0,-1.951773167E0
3.981805424E0,-2.058296442E0,-3.097165108E0,-1.919816256E0
3.984298184E0,-2.050839901E0,-3.184514046E0,-1.882533073E0
3.986790944E0,-2.031665802E0,-3.222862482E0,-1.840988994E0
3.989286934E0,-1.999708652E0,-3.207949162E0,-1.803705812E0
3.991779694E0,-1.956034184E0,-3.157883406E0,-1.769618392E0
3.994272455E0,-1.904902935E0,-3.091838837E0,-1.730204701E0
3.996765215E0,-1.850576043E0,-3.019402981E0,-1.695052028E0
3.999258028E0,-1.796249151E0,-2.943771362E0,-1.654573202E0
4.001750788E0,-1.741922259E0,-2.871335506E0,-1.606637716E0
4.004243549E0,-1.686530232E0,-2.791443110E0,-1.554441333E0
4.006736309E0,-1.631138086E0,-2.725398779E0,-1.499049187E0
4.009229121E0,-1.573615432E0,-2.664680481E0,-1.439396143E0
4.011721882E0,-1.522484303E0,-2.614614487E0,-1.370155931E0
4.014214642E0,-1.466026902E0,-2.572005033E0,-1.299850583E0
4.016707455E0,-1.407439113E0,-2.544309139E0,-1.241262794E0
4.019191934E0,-1.349916577E0,-2.528330564E0,-1.180544496E0
4.021684694E0,-1.284937382E0,-2.517678261E0,-1.117695808E0
4.024177455E0,-1.224219084E0,-2.509156466E0,-1.056977510E0
4.026670215E0,-1.163500786E0,-2.492112637E0,-9.941287041E-1
4.029163028E0,-1.099586844E0,-2.470808029E0,-9.323452115E-1
4.031655788E0,-1.040998936E0,-2.455894709E0,-8.758878708E-1
4.034148549E0,-9.792154431E-1,-2.442046642E0,-8.194305301E-1
4.036641309E0,-9.089100957E-1,-2.418611526E0,-7.565817833E-1
4.039134121E0,-8.322132826E-1,-2.381328344E0,-6.937330365E-1
4.041626882E0,-7.469946742E-1,-2.351501942E0,-6.287537813E-1
4.044119642E0,-6.639064550E-1,-2.322740555E0,-5.659050345E-1
4.046612403E0,-5.765573978E-1,-2.283327103E0,-5.105129480E-1
4.049117351E0,-4.881430268E-1,-2.235391617E0,-4.593817294E-1
4.051610163E0,-4.007939398E-1,-2.193847418E0,-4.210333526E-1
4.054102924E0,-3.123795986E-1,-2.161890507E0,-3.858806491E-1
4.056595684E0,-2.260957062E-1,-2.125672579E0,-3.560541272E-1
4.059088496E0,-1.451379955E-1,-2.091585159E0,-3.251623809E-1
4.061581257E0,-5.991935730E-2,-2.062823772E0,-2.974663079E-1
4.064074017E0,2.316881903E-2,-2.043649673E0,-2.708354890E-1
4.066566830E0,1.073222235E-1,-2.017018795E0,-2.410089672E-1
4.069059590E0,1.872147024E-1,-1.989322662E0,-2.111824453E-1
4.071552351E0,2.703028917E-1,-1.958430886E0,-1.824211627E-1
4.074045111E0,3.523258269E-1,-1.922212958E0,-1.579207927E-1
4.076537924E0,4.311530590E-1,-1.873212218E0,-1.302247345E-1
4.079023601E0,5.110455155E-1,-1.810363531E0,-1.067896113E-1
4.081516361E0,5.920032263E-1,-1.740058184E0,-8.228924870E-2
4.084009121E0,6.655043364E-1,-1.670817971E0,-5.991935730E-2
4.086501882E0,7.379401922E-1,-1.593055964E0,-3.754946589E-2
4.088994694E0,7.997236848E-1,-1.512098312E0,-1.624480449E-2
4.091487455E0,8.625724316E-1,-1.431140542E0,6.125089712E-3
4.093980215E0,9.190297723E-1,-1.353378534E0,2.742975019E-2
4.096472976E0,9.712262154E-1,-1.277747035E0,4.234301299E-2
4.098965788E0,1.021292210E0,-1.204245925E0,5.406057462E-2
4.101458549E0,1.062836289E0,-1.126483917E0,6.577813625E-2
4.103951309E0,1.103315115E0,-1.048721910E0,7.856093347E-2
4.106444121E0,1.139533043E0,-9.688294530E-1,8.495233208E-2
4.108936569E0,1.180011868E0,-8.836107850E-1,8.708280325E-2
4.111429330E0,1.218360305E0,-8.005226254E-1,8.921326697E-2
4.113922090E0,1.249252081E0,-7.163692117E-1,9.027849883E-2
4.116414903E0,1.285470009E0,-6.226286888E-1,8.708280325E-2
4.118907663E0,1.320622683E0,-5.331491232E-1,8.708280325E-2
4.121400424E0,1.340862036E0,-4.436695576E-1,8.495233208E-2
4.123893236E0,1.360036254E0,-3.499290347E-1,8.495233208E-2
4.126385996E0,1.367492914E0,-2.625799477E-1,8.814803511E-2
4.128878757E0,1.366427660E0,-1.699046642E-1,9.240896255E-2
4.131371569E0,1.348318696E0,-8.149032295E-2,9.880036116E-2
4.133864330E0,1.322753072E0,4.793548491E-3,1.062569916E-1
4.136357090E0,1.295057058E0,9.320788831E-2,1.105179265E-1
4.138851205E0,1.272687197E0,1.773612946E-1,1.062569916E-1
4.141343965E0,1.256708622E0,2.647103965E-1,8.921326697E-2
4.143836726E0,1.225816846E0,3.627118468E-1,6.258244067E-2
4.146329538E0,1.173620462E0,4.734960794E-1,3.169068322E-2
4.148822299E0,1.092662811E0,5.778889060E-1,-4.527240526E-3
4.151315059E0,9.797480702E-1,6.567161679E-1,-4.287562892E-2
4.153807871E0,8.647028804E-1,6.822817326E-1,-7.589785010E-2
4.156300632E0,7.912018299E-1,6.513900161E-1,-1.003982127E-1
4.158793392E0,7.954627872E-1,5.746932030E-1,-1.110505462E-1
4.161286205E0,8.742899895E-1,4.628437459E-1,-9.294158220E-2
4.163778965E0,9.733566642E-1,3.499290347E-1,-4.074516147E-2
4.166271726E0,1.064966679E0,2.657756507E-1,4.234301299E-2
4.168760424E0,1.134206891E0,2.423405200E-1,1.392792165E-1
4.171253184E0,1.190664172E0,2.998631001E-1,2.330197245E-1
4.173745944E0,1.230077863E0,4.117125571E-1,3.150426745E-1
4.176238757E0,1.248186827E0,5.203663111E-1,3.757609427E-1
4.178731517E0,1.239664912E0,5.714974999E-1,4.141093493E-1
4.181224278E0,1.216229796E0,5.384752750E-1,4.407401681E-1
4.183717090E0,1.191729426E0,4.319519997E-1,4.790885448E-1
4.186209851E0,1.183207631E0,2.721670270E-1,5.131760240E-1
4.188702611E0,1.210903645E0,8.468602598E-2,5.376763940E-1
4.191195424E0,1.282274246E0,-8.468602598E-2,5.504591465E-1
4.193688184E0,1.371753812E0,-1.965354979E-1,5.451329947E-1
4.196180944E0,1.465494275E0,-1.976007223E-1,5.163717270E-1
4.198672246E0,1.549647689E0,-7.190322876E-2,4.641752839E-1
4.201165007E0,1.634866357E0,2.018616647E-1,3.949351311E-1
4.203657767E0,1.725411177E0,6.236939430E-1,3.224993050E-1
4.206150580E0,1.823412657E0,1.122223020E0,2.639114857E-1
4.208643340E0,1.913957477E0,1.573881745E0,2.436720580E-1
4.211136101E0,1.974675775E0,1.888258696E0,2.639114857E-1
4.213628913E0,2.002371788E0,1.999042869E0,3.182383776E-1
4.216121674E0,1.988523722E0,1.906367660E0,3.853480518E-1
4.218614434E0,1.937392592E0,1.666557074E0,4.641752839E-1
4.221107246E0,1.851108670E0,1.349117637E0,5.430025458E-1
4.223600007E0,1.755237699E0,1.029547691E0,6.250254512E-1
4.226092767E0,1.666823387E0,7.493914366E-1,6.985265613E-1
4.228591309E0,1.600778937E0,5.288882256E-1,7.571143508E-1
4.231084069E0,1.560300112E0,3.957340717E-1,7.922670841E-1
4.233576830E0,1.549647689E0,3.712337017E-1,7.965279818E-1
4.236069642E0,1.577343822E0,4.489957094E-1,7.730928659E-1
4.238562403E0,1.638062119E0,6.204982400E-1,7.272878289E-1
4.241055163E0,1.720085025E0,8.516538143E-1,6.804175973E-1
4.243547976E0,1.803173184E0,1.094526887E0,6.378082633E-1
4.246040736E0,1.869217634E0,1.293725491E0,6.133078933E-1
4.248533496E0,1.909696460E0,1.430075288E0,6.058512926E-1
4.251026309E0,1.907566071E0,1.497184992E0,6.175688505E-1
4.253519069E0,1.871348143E0,1.515293956E0,6.410039663E-1
4.256011830E0,1.810629845E0,1.489728332E0,6.665695906E-1
4.258514069E0,1.743520141E0,1.444988608E0,6.953308582E-1
4.261006830E0,1.676410437E0,1.394922614E0,7.262226343E-1
4.263499590E0,1.614627004E0,1.341660976E0,7.507229447E-1
4.265992403E0,1.569887161E0,1.285203695E0,7.730928659E-1
4.268485163E0,1.534734488E0,1.239398599E0,7.965279818E-1
4.270977924E0,1.507038474E0,1.207441688E0,8.231588006E-1
4.273470736E0,1.488929510E0,1.189332724E0,8.433982730E-1
4.275963496E0,1.472950935E0,1.178680301E0,8.615072370E-1
4.278456257E0,1.452711582E0,1.169093251E0,8.817466497E-1
4.280949069E0,1.430341601E0,1.158440948E0,8.923989534E-1
4.283441830E0,1.410102248E0,1.148853779E0,8.987903595E-1
4.285934590E0,1.390928030E0,1.138201475E0,8.945294023E-1
4.288415528E0,1.378145218E0,1.124353409E0,8.732247949E-1
4.290908288E0,1.362166762E0,1.113701105E0,7.997236848E-1
4.293401049E0,1.357905746E0,1.125418663E0,5.856118798E-1
4.295893861E0,1.385601878E0,1.250050902E0,3.512606025E-1
4.298386621E0,1.418624043E0,1.417292595E0,5.153064728E-1
4.300879382E0,1.409036994E0,1.443923354E0,9.445953965E-1
4.303372194E0,1.364297152E0,1.343791485E0,1.267361045E0
4.305864955E0,1.316361666E0,1.228746295E0,1.413297892E0
4.308357715E0,1.282274246E0,1.136070967E0,1.449515820E0
4.310850528E0,1.259904385E0,1.062569976E0,1.429276466E0
4.313343288E0,1.249252081E0,1.015699744E0,1.388797522E0
4.315836049E0,1.248186827E0,1.008243084E0,1.342992544E0
4.318327924E0,1.257773876E0,1.028482437E0,1.303578854E0
4.320820684E0,1.262034774E0,1.068961382E0,1.270556688E0
4.323313444E0,1.270556688E0,1.125418663E0,1.244991064E0
4.325806257E0,1.282274246E0,1.175484657E0,1.229012609E0
4.328299017E0,1.285470009E0,1.218093991E0,1.210903645E0
4.330791778E0,1.287600398E0,1.242594361E0,1.195990324E0
4.333284590E0,1.290796161E0,1.248985767E0,1.183207631E0
4.335777351E0,1.284404755E0,1.262833714E0,1.176816225E0
4.338270111E0,1.280143738E0,1.263898969E0,1.175750971E0
4.340762924E0,1.273752332E0,1.252181411E0,1.171490073E0
4.343255684E0,1.265230536E0,1.237268209E0,1.171490073E0
4.345748444E0,1.256708622E0,1.225550652E0,1.175750971E0
4.348247611E0,1.248186827E0,1.214898229E0,1.181077123E0
4.350740371E0,1.240730166E0,1.204245925E0,1.187468529E0
4.353233132E0,1.233273506E0,1.194658875E0,1.190664172E0
4.355725944E0,1.224751711E0,1.181876063E0,1.200251341E0
4.358218705E0,1.219425559E0,1.162701845E0,1.208773136E0
4.360711465E0,1.214099288E0,1.143527627E0,1.211968899E0
4.363204278E0,1.210903645E0,1.130744815E0,1.207707882E0
4.365697038E0,1.211968899E0,1.128614426E0,1.209838390E0
4.368189799E0,1.207707882E0,1.128614426E0,1.207707882E0
4.370682611E0,1.200251341E0,1.119027257E0,1.208773136E0
4.373175371E0,1.195990324E0,1.107309699E0,1.207707882E0
4.375668132E0,1.192794681E0,1.094526887E0,1.207707882E0
4.378162455E0,1.185338020E0,1.088135481E0,1.213034153E0
4.380655215E0,1.176816225E0,1.082809329E0,1.219425559E0
4.383147976E0,1.170424819E0,1.078548431E0,1.229012609E0
4.385640788E0,1.159772396E0,1.066830873E0,1.237534523E0
4.388133549E0,1.144859195E0,1.049787164E0,1.244991064E0
4.390626309E0,1.140598297E0,1.038069606E0,1.251382470E0
4.393119121E0,1.128880739E0,9.954602718E-1,1.255643368E0
4.395611882E0,1.113967419E0,9.379376769E-1,1.256708622E0
4.398104642E0,1.102249861E0,8.740236759E-1,1.265230536E0
4.400597455E0,1.087336659E0,8.143706322E-1,1.275882840E0
4.403090215E0,1.066031933E0,7.632394433E-1,1.282274246E0
4.405582976E0,1.039401174E0,7.057169080E-1,1.289730906E0
4.408068705E0,1.022357345E0,6.332810521E-1,1.299317956E0
4.410561465E0,1.012770295E0,5.501928329E-1,1.306774616E0
4.413054226E0,1.001052737E0,4.660394490E-1,1.315296531E0
4.415547038E0,9.957265854E-1,3.957340717E-1,1.327014089E0
4.418039799E0,9.904004335E-1,3.318201005E-1,1.333405495E0
4.420532559E0,9.872047305E-1,2.700365782E-1,1.334470630E0
4.423025371E0,9.925308824E-1,2.039921284E-1,1.330209732E0
4.425518132E0,9.957265854E-1,1.517957002E-1,1.324883580E0
4.428010892E0,9.946613312E-1,1.262301207E-1,1.319557428E0
4.430503705E0,9.957265854E-1,1.049254537E-1,1.308905125E0
4.432996465E0,1.001052737E0,8.681648970E-2,1.301448464E0
4.435489226E0,1.005313635E0,7.083799690E-2,1.295057058E0
4.437987559E0,1.012770295E0,5.485950038E-2,1.287600398E0
4.440480319E0,1.021292210E0,2.716344222E-2,1.275882840E0
4.442973080E0,1.027683616E0,1.651111245E-2,1.266295791E0
4.445465892E0,1.034074903E0,9.054481052E-3,1.256708622E0
4.447958653E0,1.039401174E0,1.225017942E-2,1.251382470E0
4.450451413E0,1.037270665E0,2.716344222E-2,1.250317216E0
4.452944226E0,1.031944513E0,2.929390781E-2,1.250317216E0
4.455436986E0,1.021292210E0,2.929390781E-2,1.252447724E0
4.457929746E0,1.005313635E0,3.568530455E-2,1.254578233E0
4.460422559E0,9.861394763E-1,4.101147130E-2,1.258839130E0
4.462915319E0,9.733566642E-1,4.101147130E-2,1.259904385E0
4.465408080E0,9.690957665E-1,3.994623944E-2,1.257773876E0
4.467913757E0,9.701609612E-1,4.420717061E-2,1.255643368E0
4.470406517E0,9.754871130E-1,6.338136643E-2,1.248186827E0
4.472899278E0,9.861394763E-1,9.533835202E-2,1.237534523E0
4.475392090E0,9.999874830E-1,1.422086060E-1,1.224751711E0
4.477884851E0,1.010639787E0,1.997311860E-1,1.213034153E0
4.480377611E0,1.020226955E0,2.561885417E-1,1.200251341E0
4.482870424E0,1.031944513E0,3.073197305E-1,1.188533783E0
4.485363184E0,1.050053477E0,3.488638103E-1,1.176816225E0
4.487855944E0,1.062836289E0,3.733641803E-1,1.168294311E0
4.490348757E0,1.078814745E0,3.818860352E-1,1.159772396E0
4.492841517E0,1.094793200E0,3.872122169E-1,1.149120092E0
4.495334278E0,1.109706521E0,3.914731443E-1,1.135272145E0
4.497807403E0,1.129945874E0,3.999949992E-1,1.128880739E0
4.500300163E0,1.150185347E0,4.095821083E-1,1.120358825E0
4.502792924E0,1.169359565E0,4.191691875E-1,1.104380369E0
4.505285736E0,1.190664172E0,4.276910722E-1,1.102249861E0
4.507778496E0,1.207707882E0,4.287562966E-1,1.095858455E0
4.510271257E0,1.218360305E0,4.223648906E-1,1.091597557E0
4.512764069E0,1.229012609E0,4.010602236E-1,1.092662811E0
4.515256830E0,1.231143117E0,3.744294047E-1,1.094793200E0
4.517749590E0,1.230077863E0,3.563204408E-1,1.100119352E0
4.520242403E0,1.226882100E0,3.499290347E-1,1.099054217E0
4.522735163E0,1.223686457E0,3.584509194E-1,1.100119352E0
4.525227924E0,1.220490694E0,3.733641803E-1,1.103315115E0
4.527725632E0,1.218360305E0,3.967992961E-1,1.101184607E0
4.530218392E0,1.221555948E0,4.212996662E-1,1.102249861E0
4.532711153E0,1.226882100E0,4.468652606E-1,1.099054217E0
4.535203965E0,1.235404015E0,4.734960794E-1,1.091597557E0
4.537696726E0,1.239664912E0,4.979964495E-1,1.087336659E0
4.540189486E0,1.248186827E0,5.150401592E-1,1.082010388E0
4.542682299E0,1.251382470E0,5.331491232E-1,1.074553847E0
4.545175059E0,1.251382470E0,5.438014865E-1,1.069227695E0
4.547667819E0,1.254578233E0,5.480623841E-1,1.060705781E0
4.550160632E0,1.249252081E0,5.480623841E-1,1.051118731E0
4.552653392E0,1.241795421E0,5.480623841E-1,1.040466309E0
4.555146153E0,1.231143117E0,5.384752750E-1,1.027683616E0
4.557659069E0,1.210903645E0,5.267577171E-1,1.012770295E0
4.560151830E0,1.192794681E0,5.065183043E-1,1.001052737E0
4.562644590E0,1.172555208E0,4.862788618E-1,9.861394763E-1
4.565137403E0,1.146989703E0,4.596480429E-1,9.712262154E-1
4.567630163E0,1.119293571E0,4.330172241E-1,9.584434032E-1
4.570122924E0,1.095858455E0,4.085168540E-1,9.413996935E-1
4.572615736E0,1.070292830E0,3.733641803E-1,9.243559837E-1
4.575108496E0,1.045792580E0,3.435376585E-1,9.073122144E-1
4.577601257E0,1.024487853E0,3.105154335E-1,8.849423528E-1
4.580094069E0,1.005313635E0,2.849498391E-1,8.668333888E-1
4.582586830E0,9.861394763E-1,2.636451721E-1,8.497896194E-1
4.585079590E0,9.637695551E-1,2.455362082E-1,8.316806555E-1
4.587560476E0,9.456605911E-1,2.434057444E-1,8.103760481E-1
4.590053236E0,9.243559837E-1,2.508623898E-1,7.965279818E-1
4.592545996E0,8.966599107E-1,2.732322812E-1,7.837451696E-1
4.595038809E0,8.668333888E-1,3.051892519E-1,7.698971629E-1
4.597531569E0,8.306154609E-1,3.477985859E-1,7.517881989E-1
4.600024330E0,7.880061269E-1,4.031907022E-1,7.379401922E-1
4.602517142E0,7.475273013E-1,4.660394490E-1,7.208964229E-1
4.605009903E0,6.985265613E-1,5.331491232E-1,7.038527131E-1
4.607502663E0,6.484606266E-1,5.970631242E-1,6.878741980E-1
4.609995476E0,5.877423286E-1,6.599118710E-1,6.676347852E-1
4.612488236E0,5.280892849E-1,7.153039575E-1,6.463301182E-1
4.614980996E0,4.684362113E-1,7.728265524E-1,6.218297482E-1
4.617466049E0,4.066527188E-1,8.260881901E-1,5.909380317E-1
4.619958809E0,3.331516385E-1,8.750889301E-1,5.515244007E-1
4.622451569E0,2.575200796E-1,9.240896702E-1,5.067846179E-1
4.624944382E0,1.754971445E-1,9.677641988E-1,4.492620230E-1
4.627437142E0,9.134373069E-2,1.013569236E0,3.842828274E-1
4.629929955E0,2.929390874E-3,1.050852418E0,3.054555655E-1
4.632422715E0,-9.294158220E-2,1.074287534E0,2.223673910E-1
4.634915476E0,-1.888125539E-1,1.089200735E0,1.339530498E-1
4.637408288E0,-2.942706347E-1,1.094526887E0,3.701684624E-2
4.639901049E0,-4.029243886E-1,1.086005092E0,-6.311506033E-2
4.642393861E0,-5.105129480E-1,1.063635230E0,-1.643121988E-1
4.644886621E0,-6.244928837E-1,1.037004352E0,-2.591179311E-1
4.647384642E0,-7.363423109E-1,1.001851678E0,-3.592498302E-1
4.649877403E0,-8.492570519E-1,9.688294530E-1,-4.551208019E-1
4.652370163E0,-9.643021822E-1,9.358072281E-1,-5.531222224E-1
4.654862976E0,-1.077216864E0,9.049154520E-1,-6.457974911E-1
4.657355736E0,-1.193327308E0,8.782846332E-1,-7.310161591E-1
4.659848549E0,-1.307307243E0,8.431319594E-1,-8.130391240E-1
4.662341309E0,-1.423417687E0,7.930659652E-1,-8.854749799E-1
4.664834069E0,-1.543788910E0,7.216953635E-1,-9.461932182E-1
4.667326882E0,-1.674812675E0,6.268896461E-1,-9.962592125E-1
4.669819642E0,-1.809031963E0,5.150401592E-1,-1.038868546E0
4.672312455E0,-1.943251371E0,3.882774413E-1,-1.075086474E0
4.674805215E0,-2.073209763E0,2.561885417E-1,-1.105978131E0
4.677294486E0,-2.191450596E0,1.315562725E-1,-1.130478501E0
4.679787246E0,-2.297973871E0,2.609820850E-2,-1.151783228E0
4.682280059E0,-2.388518810E0,-5.379426852E-2,-1.177348852E0
4.684772819E0,-2.460954666E0,-9.746882319E-2,-1.212501526E0
4.687265580E0,-2.511020660E0,-1.091863886E-1,-1.259371758E0
4.689758392E0,-2.549502134E0,-9.214265645E-2,-1.316894293E0
4.692251153E0,-2.568676233E0,-4.527240247E-2,-1.381873488E0
4.694743965E0,-2.574002504E0,1.864157803E-2,-1.455374599E0
4.697236726E0,-2.565480471E0,8.681648970E-2,-1.531006217E0
4.699729486E0,-2.548436880E0,1.539261788E-1,-1.606637716E0
4.702222299E0,-2.522738218E0,2.210358530E-1,-1.676943064E0
4.704715059E0,-2.492911577E0,2.796236575E-1,-1.739791870E0
4.707225215E0,-2.468411207E0,3.339505494E-1,-1.797314405E0
4.709717976E0,-2.440715075E0,3.861469626E-1,-1.847380400E0
4.712210736E0,-2.421540976E0,4.319519997E-1,-1.888924479E0
4.714703549E0,-2.413019180E0,4.777570069E-1,-1.930468559E0
4.717196309E0,-2.406627655E0,5.224968195E-1,-1.973077893E0
4.719689121E0,-2.410888672E0,5.597799420E-1,-2.015687227E0
4.722181882E0,-2.422606230E0,5.959978700E-1,-2.055100918E0
4.724674642E0,-2.438584805E0,6.258243918E-1,-2.094514370E0
4.727167455E0,-2.449237108E0,6.567161679E-1,-2.130732298E0
4.729660215E0,-2.459889412E0,6.886731386E-1,-2.159493685E0
4.732153028E0,-2.464150190E0,7.376738787E-1,-2.179733038E0
4.734645788E0,-2.462019920E0,7.983921766E-1,-2.194646358E0
4.737122819E0,-2.452432632E0,8.772193789E-1,-2.195711613E0
4.739615580E0,-2.438584805E0,9.656337500E-1,-2.188254833E0
4.742108340E0,-2.421540976E0,1.058308959E0,-2.174407005E0
4.744601153E0,-2.401301622E0,1.154179931E0,-2.157363176E0
4.747093913E0,-2.386388302E0,1.255377173E0,-2.133928061E0
4.749586726E0,-2.376801252E0,1.364030838E0,-2.117949486E0
4.752079486E0,-2.376801252E0,1.471619368E0,-2.099840641E0
4.754572246E0,-2.375735998E0,1.563229442E0,-2.085992575E0
4.757065059E0,-2.383192539E0,1.620752096E0,-2.076405525E0
4.759557819E0,-2.388518810E0,1.632469654E0,-2.070014000E0
4.762050632E0,-2.386388302E0,1.593055964E0,-2.068948746E0
4.764543392E0,-2.378931761E0,1.503576398E0,-2.073209763E0
4.767038132E0,-2.358692169E0,1.344856739E0,-2.082796812E0
4.769530892E0,-2.327800512E0,1.123288274E0,-2.092383862E0
4.772023653E0,-2.293713093E0,8.527190089E-1,-2.098775387E0
4.774516465E0,-2.250038385E0,5.459319353E-1,-2.095579624E0
4.777009226E0,-2.202102900E0,2.199706137E-1,-2.094514370E0
4.779502038E0,-2.156297922E0,-1.102516204E-1,-2.084927320E0
4.781994799E0,-2.111558199E0,-4.468652606E-1,-2.075340271E0
4.784487559E0,-2.074275017E0,-7.770875096E-1,-2.066818476E0
4.786980371E0,-2.042318106E0,-1.092396498E0,-2.056165934E0
4.789473132E0,-2.015687227E0,-1.384270310E0,-2.047644138E0
4.791965892E0,-1.990121603E0,-1.639926195E0,-2.039122343E0
4.794458705E0,-1.967751741E0,-1.861494660E0,-2.030600548E0
4.796946986E0,-1.947512269E0,-2.046845198E0,-2.013556719E0
4.799439746E0,-1.925142407E0,-2.205564976E0,-2.000773907E0
4.801932507E0,-1.901707292E0,-2.334458113E0,-1.993317246E0
4.804425319E0,-1.877206922E0,-2.415415764E0,-1.993317246E0
4.806918080E0,-1.853771806E0,-2.417546272E0,-1.994382501E0
4.809410892E0,-1.833532333E0,-2.220478296E0,-1.998643517E0
4.811903653E0,-1.814358115E0,-1.746449590E0,-2.008230448E0
4.814396413E0,-1.774944544E0,-1.361900449E0,-2.017817736E0
4.816889226E0,-1.723813295E0,-1.336334825E0,-2.025274277E0
4.819381986E0,-1.670551658E0,-1.519554853E0,-2.025274277E0
4.821874799E0,-1.637529492E0,-1.799711227E0,-2.021013260E0
4.824367559E0,-1.624746680E0,-2.035127640E0,-2.011426210E0
4.826866153E0,-1.624746680E0,-2.151238203E0,-1.998643517E0
4.829358913E0,-1.641790390E0,-2.161890507E0,-1.987991095E0
4.831851674E0,-1.665225506E0,-2.105432987E0,-1.980534554E0
4.834344486E0,-1.695052028E0,-2.017018795E0,-1.975208282E0
4.836837246E0,-1.728074312E0,-1.901973605E0,-1.962425590E0
4.839330059E0,-1.766422629E0,-1.772015095E0,-1.949642777E0
4.841822819E0,-1.819684267E0,-1.626078248E0,-1.930468559E0
4.844315580E0,-1.870815516E0,-1.462032318E0,-1.915555239E0
4.846808392E0,-1.918751001E0,-1.296921253E0,-1.900642037E0
4.849301153E0,-1.958164573E0,-1.131810069E0,-1.876141667E0
4.851793965E0,-1.979469299E0,-9.720251560E-1,-1.848445654E0
4.854286726E0,-1.973077893E0,-8.218272924E-1,-1.818619132E0
4.856784538E0,-1.948577523E0,-6.865426898E-1,-1.800510168E0
4.859277299E0,-1.933664203E0,-6.322157979E-1,-1.793053508E0
4.861770059E0,-1.931533813E0,-6.876079440E-1,-1.799444914E0
4.864262871E0,-1.946447015E0,-8.473928571E-1,-1.811162472E0
4.866755632E0,-1.977338791E0,-1.073222280E0,-1.827140927E0
4.869248444E0,-2.008230448E0,-1.308638811E0,-1.842054248E0
4.871741205E0,-2.034861326E0,-1.499315500E0,-1.845249891E0
4.874233965E0,-2.046578884E0,-1.616491079E0,-1.843119383E0
4.876726778E0,-2.059361696E0,-1.726210117E0,-1.837793231E0
4.879219538E0,-2.070014000E0,-1.839124799E0,-1.834597588E0
4.881712351E0,-2.060426950E0,-1.922212958E0,-1.829271436E0
4.884205111E0,-2.042318106E0,-1.966952801E0,-1.819684267E0
4.886704642E0,-2.024209023E0,-1.982931256E0,-1.809031963E0
4.889197403E0,-2.015687227E0,-2.025540590E0,-1.805836320E0
4.891690163E0,-2.013556719E0,-2.095845938E0,-1.810097218E0
4.894182976E0,-2.014621973E0,-2.166151285E0,-1.807966709E0
4.896675736E0,-2.028470039E0,-2.247109175E0,-1.801575303E0
4.899168549E0,-2.044448376E0,-2.324871063E0,-1.785596848E0
4.901661309E0,-2.064687967E0,-2.428198576E0,-1.757900834E0
4.904154069E0,-2.084927320E0,-2.513417244E0,-1.724878550E0
4.906646882E0,-2.084927320E0,-2.543243885E0,-1.685464978E0
4.909139642E0,-2.066818476E0,-2.512351990E0,-1.638594747E0
4.911632403E0,-2.023143768E0,-2.437785864E0,-1.597050667E0
4.914125215E0,-1.957099319E0,-2.346175671E0,-1.552310824E0
4.916629330E0,-1.878272176E0,-2.243913412E0,-1.517158151E0
4.919122090E0,-1.788792610E0,-2.148042440E0,-1.482005477E0
4.921614851E0,-1.690791130E0,-2.057497501E0,-1.442591786E0
4.924107663E0,-1.598115802E0,-1.979735613E0,-1.398917317E0
4.926600424E0,-1.507570982E0,-1.915821552E0,-1.348851323E0
4.929093236E0,-1.424482822E0,-1.867886066E0,-1.298785329E0
4.931585996E0,-1.343525171E0,-1.830603004E0,-1.245523691E0
4.934078757E0,-1.265763164E0,-1.800776482E0,-1.189066410E0
4.936571569E0,-1.185870647E0,-1.774145603E0,-1.129413366E0
4.939064330E0,-1.112369537E0,-1.756036639E0,-1.069760323E0
4.941557142E0,-1.044194698E0,-1.745384336E0,-1.013302922E0
4.944049903E0,-9.738892913E-1,-1.729405761E0,-9.525846243E-1
4.946520267E0,-9.035838842E-1,-1.707035899E0,-8.929315805E-1
4.949013028E0,-8.375394940E-1,-1.676144123E0,-8.322132826E-1
4.951505788E0,-7.768211961E-1,-1.648448110E0,-7.778863907E-1
4.953998601E0,-7.235595584E-1,-1.631404400E0,-7.299509048E-1
4.956491361E0,-6.702978611E-1,-1.621817231E0,-6.894720793E-1
4.958984174E0,-6.244928837E-1,-1.615425825E0,-6.511237025E-1
4.961476934E0,-5.786878467E-1,-1.601577878E0,-6.095796227E-1
4.963969694E0,-5.286219120E-1,-1.586664557E0,-5.573831797E-1
4.966462507E0,-4.796211720E-1,-1.577077508E0,-5.030562878E-1
4.968955267E0,-4.338161349E-1,-1.580273151E0,-4.529903531E-1
4.971448080E0,-3.848154247E-1,-1.587729812E0,-4.029243886E-1
4.973940840E0,-3.368799388E-1,-1.600512624E0,-3.592498302E-1
4.976421726E0,-2.878792286E-1,-1.619686842E0,-3.198362291E-1
4.978914486E0,-2.388785034E-1,-1.653774261E0,-2.836183012E-1
4.981407246E0,-1.845516264E-1,-1.691057444E0,-2.516613007E-1
4.983900059E0,-1.248985752E-1,-1.723014474E0,-2.175738513E-1
4.986392819E0,-5.672365800E-2,-1.742188573E0,-1.824211627E-1
4.988885632E0,1.464695390E-2,-1.748579979E0,-1.472684592E-1
4.991378392E0,9.134373069E-2,-1.758167148E0,-1.142462417E-1
4.993871153E0,1.691057384E-1,-1.752840996E0,-8.655018359E-2
4.996363965E0,2.532591522E-1,-1.730471015E0,-6.098458916E-2
4.998856726E0,3.384777904E-1,-1.695318341E0,-3.435376659E-2
5.001349486E0,4.258269072E-1,-1.654839516E0,-6.657706574E-3
5.003842299E0,5.057193637E-1,-1.628208637E0,1.358172111E-2
5.006352559E0,5.866770744E-1,-1.589860320E0,3.169068322E-2
5.008845319E0,6.697652340E-1,-1.531272531E0,5.086487532E-2
5.011338080E0,7.549839020E-1,-1.467358470E0,7.749570161E-2
5.013830892E0,8.359416127E-1,-1.399183631E0,1.083874628E-1
5.016323653E0,9.158340693E-1,-1.322486758E0,1.328878254E-1
5.018816465E0,9.935960770E-1,-1.251116157E0,1.541924775E-1
5.021309226E0,1.060705781E0,-1.174419403E0,1.712362021E-1
5.023801986E0,1.125684977E0,-1.094526887E0,1.914756298E-1
5.026294799E0,1.187468529E0,-1.017830133E0,2.042584270E-1
5.028787559E0,1.242860675E0,-9.411333799E-1,2.213021666E-1
5.031280371E0,1.293991804E0,-8.591104150E-1,2.362154275E-1
5.033773132E0,1.341927290E0,-7.866745591E-1,2.489982247E-1
5.036274851E0,1.385601878E0,-7.121082544E-1,2.500634491E-1
5.038767611E0,1.419689298E0,-6.204982400E-1,2.500634491E-1
5.041260371E0,1.451646328E0,-5.214315653E-1,2.468677461E-1
5.043753184E0,1.483603239E0,-4.074516296E-1,2.394111156E-1
5.046245944E0,1.511299372E0,-2.796236575E-1,2.351501882E-1
5.048738757E0,1.537930131E0,-1.411433816E-1,2.330197245E-1
5.051231517E0,1.559234858E0,1.597849536E-3,2.319544852E-1
5.053724278E0,1.584800482E0,1.592523307E-1,2.404763550E-1
5.056217090E0,1.603974581E0,3.201025128E-1,2.521939278E-1
5.058709851E0,1.621018410E0,4.820179343E-1,2.671071887E-1
5.061202663E0,1.626344562E0,6.396724582E-1,2.873466015E-1
5.063695424E0,1.618887901E0,7.866745591E-1,3.129121959E-1
5.066171986E0,1.596518040E0,9.240896702E-1,3.480648994E-1
5.068664746E0,1.568821907E0,1.051917553E0,3.885437548E-1
5.071157507E0,1.562430501E0,1.170158505E0,4.290226102E-1
5.073650319E0,1.592257023E0,1.290529847E0,4.652405083E-1
5.076143080E0,1.660431981E0,1.417292595E0,4.865451753E-1
5.078635892E0,1.748846292E0,1.523815870E0,4.940018058E-1
5.081128653E0,1.832999706E0,1.607969284E0,4.918713570E-1
5.083621413E0,1.887326598E0,1.666557074E0,4.801537991E-1
5.086114226E0,1.888391852E0,1.661230922E0,4.631100595E-1
5.088606986E0,1.848978162E0,1.568555593E0,4.460663199E-1
5.091099799E0,1.801042676E0,1.390661716E0,4.311530590E-1
5.093592559E0,1.776542425E0,1.161636591E0,4.098483920E-1
5.096094746E0,1.775477171E0,9.187634587E-1,3.991960883E-1
5.098587507E0,1.799977541E0,7.046516538E-1,3.864132762E-1
5.101080267E0,1.832999706E0,5.406057835E-1,3.693695366E-1
5.103573080E0,1.868152380E0,4.543218911E-1,3.555215299E-1
5.106065840E0,1.904370308E0,4.319519997E-1,3.406082690E-1
5.108558653E0,1.918218374E0,4.340824485E-1,3.203688264E-1
5.111051413E0,1.904370308E0,3.872122169E-1,3.001294136E-1
5.113544174E0,1.866021991E0,3.115806580E-1,2.724333405E-1
5.116036986E0,1.814890742E0,2.647103965E-1,2.436720580E-1
5.118529746E0,1.794651389E0,2.732322812E-1,2.202369273E-1
5.121022559E0,1.808499336E0,3.552552164E-1,1.904104054E-1
5.123515319E0,1.861760974E0,5.565842390E-1,1.637795717E-1
5.126009486E0,1.936327338E0,8.804150820E-1,1.424749196E-1
5.128502246E0,2.005567551E0,1.262833714E0,1.254311949E-1
5.130995059E0,2.042850733E0,1.611164927E0,9.773512930E-2
5.133487871E0,2.034328699E0,1.893584847E0,6.897383928E-2
5.135980632E0,2.004502296E0,2.105566263E0,4.660394415E-2
5.138473444E0,1.971480012E0,2.213154793E0,4.021254554E-2
5.140966257E0,1.950175405E0,2.206763268E0,5.406057462E-2
5.143459069E0,1.934196830E0,2.092783451E0,8.601756394E-2
5.145951830E0,1.920348883E0,1.911693811E0,1.318225861E-1
5.148444642E0,1.896913648E0,1.692122698E0,1.840189993E-1
5.150937455E0,1.861760974E0,1.451380014E0,2.468677461E-1
5.153430215E0,1.828738809E0,1.206376433E0,3.129121959E-1
5.155933965E0,1.807434082E0,9.837427139E-1,3.800218701E-1
5.158426726E0,1.806368947E0,7.909355164E-1,4.428706169E-1
5.160919538E0,1.818086505E0,6.449986100E-1,4.961322844E-1
5.163412351E0,1.843652010E0,5.640408993E-1,5.355458856E-1
5.165905111E0,1.874543786E0,5.480623841E-1,5.589810014E-1
5.168397924E0,1.915022612E0,5.917369723E-1,5.738942623E-1
5.170890736E0,1.973610520E0,6.822817326E-1,5.845466256E-1
5.173383549E0,2.041785479E0,8.101097345E-1,5.941337347E-1
5.175876309E0,2.107829809E0,9.571118951E-1,6.101121902E-1
5.178369121E0,2.162156820E0,1.113701105E0,6.314168572E-1
5.180861934E0,2.194113731E0,1.248985767E0,6.548519731E-1
5.183354694E0,2.191983223E0,1.349117637E0,6.868090034E-1
5.185846830E0,2.158961058E0,1.392792225E0,7.240921259E-1
5.188339590E0,2.096112251E0,1.402379274E0,7.603100538E-1
5.190832403E0,2.018350363E0,1.381074667E0,7.954627872E-1
5.193325215E0,1.929935932E0,1.321421623E0,8.295502067E-1
5.195817976E0,1.845782518E0,1.254311919E0,8.668333888E-1
5.198310788E0,1.759498596E0,1.177615166E0,8.955946565E-1
5.200803601E0,1.680671453E0,1.104114056E0,9.286168814E-1
5.203296413E0,1.606105089E0,1.037004352E0,9.627043605E-1
5.205789174E0,1.543256402E0,9.890688658E-1,9.925308824E-1
5.208281986E0,1.485733747E0,9.624380469E-1,1.022357345E0
5.210774799E0,1.432472110E0,9.549813867E-1,1.048988223E0
5.213267559E0,1.378145218E0,9.698946476E-1,1.075619102E0
5.215747403E0,1.324883580E0,1.006112576E0,1.100119352E0
5.218240163E0,1.272687197E0,1.060439467E0,1.112902164E0
5.220732976E0,1.224751711E0,1.124353409E0,1.116097927E0
5.223225788E0,1.189599037E0,1.195724010E0,1.117163181E0
5.225718549E0,1.165098667E0,1.266029477E0,1.111836910E0
5.228211361E0,1.154446244E0,1.345921874E0,1.103315115E0
5.230704174E0,1.162968159E0,1.444988608E0,1.083075643E0
5.233196986E0,1.206642747E0,1.615425825E0,1.023422599E0
5.235689746E0,1.311035514E0,1.970281601E0,8.774856925E-1
5.238182559E0,1.391993284E0,2.300503969E0,7.528534532E-1
5.240675371E0,1.333405495E0,2.264286041E0,8.210283518E-1
5.243168132E0,1.224751711E0,2.032065153E0,9.733566642E-1
5.245653288E0,1.140598297E0,1.819950581E0,1.086271405E0
5.248146049E0,1.087336659E0,1.662296176E0,1.136337280E0
5.250638861E0,1.057510138E0,1.544055223E0,1.152315855E0
5.253131674E0,1.030879259E0,1.453510404E0,1.152315855E0
5.255624434E0,1.002117991E0,1.377878904E0,1.151250601E0
5.258117246E0,9.776176214E-1,1.334204316E0,1.146989703E0
5.260610059E0,9.904004335E-1,1.451380014E0,1.087336659E0
5.263102871E0,1.057510138E0,1.780537009E0,9.765523672E-1
5.265595632E0,1.063901424E0,1.800776482E0,1.013835549E0
5.268088444E0,9.914656281E-1,1.441792846E0,1.162968159E0
5.270581257E0,9.286168814E-1,1.100918293E0,1.257773876E0
5.273074017E0,9.051817656E-1,8.878717422E-1,1.283339500E0
5.275570424E0,9.126383662E-1,7.770875096E-1,1.266295791E0
5.278063184E0,9.350082874E-1,7.536523938E-1,1.232208252E0
5.280555996E0,9.637695551E-1,7.930659652E-1,1.197055578E0
5.283048809E0,9.978570342E-1,8.601756692E-1,1.168294311E0
5.285541569E0,1.029814005E0,9.379376769E-1,1.140598297E0
5.288034382E0,1.066031933E0,9.901341200E-1,1.117163181E0
5.290527194E0,1.090532303E0,1.050852418E0,1.103315115E0
5.293020007E0,1.106510758E0,1.137136221E0,1.086271405E0
5.295512767E0,1.131011128E0,1.285203695E0,1.054314375E0
5.298005580E0,1.188533783E0,1.636730552E0,9.627043605E-1
5.300498392E0,1.271621943E0,2.165219307E0,8.476591706E-1
5.302991153E0,1.270556688E0,2.322873831E0,8.860075474E-1
5.305494799E0,1.193859935E0,2.055500269E0,1.052183867E0
5.307987559E0,1.100119352E0,1.698514104E0,1.203446984E0
5.310480371E0,1.027683616E0,1.394922614E0,1.296122313E0
5.312973184E0,9.850742221E-1,1.154179931E0,1.331274986E0
5.315465944E0,9.616391063E-1,9.624380469E-1,1.323818326E0
5.317958757E0,9.573782086E-1,8.175663352E-1,1.303578854E0
5.320451569E0,9.616391063E-1,7.248910666E-1,1.273752332E0
5.322944382E0,9.701609612E-1,6.716294289E-1,1.247121572E0
5.325437142E0,9.818785191E-1,6.439333558E-1,1.224751711E0
5.327929955E0,9.967917800E-1,6.332810521E-1,1.209838390E0
5.330422767E0,1.008509398E0,6.173025370E-1,1.198120832E0
5.332915528E0,1.010639787E0,5.970631242E-1,1.193859935E0
5.335402559E0,1.011705041E0,5.746932030E-1,1.193859935E0
5.337895319E0,1.008509398E0,5.491276383E-1,1.200251341E0
5.340388132E0,1.006378889E0,5.097140074E-1,1.204512239E0
5.342880944E0,1.005313635E0,4.596480429E-1,1.208773136E0
5.345373705E0,9.999874830E-1,4.021254778E-1,1.209838390E0
5.347866517E0,9.967917800E-1,3.382114768E-1,1.210903645E0
5.350359330E0,9.914656281E-1,2.764279842E-1,1.215164542E0
5.352852142E0,9.850742221E-1,2.189053893E-1,1.218360305E0
5.355344903E0,9.786828160E-1,1.677742004E-1,1.217295051E0
5.357837715E0,9.712262154E-1,1.166430190E-1,1.208773136E0
5.360330528E0,9.616391063E-1,6.018566713E-2,1.200251341E0
5.362823288E0,9.573782086E-1,-5.326165119E-4,1.188533783E0
5.365304642E0,9.563129544E-1,-5.485950038E-2,1.174685717E0
5.367797403E0,9.509868026E-1,-9.320788831E-2,1.160837650E0
5.370290215E0,9.477910995E-1,-1.177082509E-1,1.145924449E0
5.372783028E0,9.477910995E-1,-1.049254537E-1,1.139533043E0
5.375275788E0,9.371387362E-1,-7.509893179E-2,1.133141637E0
5.377768601E0,9.286168814E-1,-4.953333735E-2,1.126750231E0
5.380261413E0,9.243559837E-1,-2.609820850E-2,1.121424079E0
5.382754226E0,9.179645777E-1,-9.054481052E-3,1.121424079E0
5.385246986E0,9.051817656E-1,1.331541315E-2,1.117163181E0
5.387739799E0,8.955946565E-1,4.740286991E-2,1.119293571E0
5.390232611E0,8.881380558E-1,8.042509109E-2,1.119293571E0
5.392725371E0,8.796161413E-1,1.049254537E-1,1.116097927E0
5.395231830E0,8.732247949E-1,1.272953451E-1,1.112902164E0
5.397724642E0,8.721595407E-1,1.592523307E-1,1.108641267E0
5.400217403E0,8.721595407E-1,1.965354979E-1,1.095858455E0
5.402710215E0,8.732247949E-1,2.412752807E-1,1.079879999E0
5.405202976E0,8.710942864E-1,2.860150635E-1,1.063901424E0
5.407695788E0,8.678985834E-1,3.254286945E-1,1.050053477E0
5.410188601E0,8.700290918E-1,3.595161438E-1,1.035140157E0
5.412681413E0,8.700290918E-1,3.829512596E-1,1.020226955E0
5.415174174E0,8.700290918E-1,4.063864052E-1,1.004248381E0
5.417666986E0,8.700290918E-1,4.287562966E-1,9.935960770E-1
5.420159799E0,8.678985834E-1,4.489957094E-1,9.840090275E-1
5.422652611E0,8.668333888E-1,4.734960794E-1,9.733566642E-1
5.425137194E0,8.593767285E-1,5.011921525E-1,9.627043605E-1
5.427629955E0,8.561810255E-1,5.256925225E-1,9.499215484E-1
5.430122767E0,8.561810255E-1,5.512580872E-1,9.360735416E-1
5.432615580E0,8.529853225E-1,5.768237114E-1,9.232907295E-1
5.435108340E0,8.572462797E-1,6.034545302E-1,9.105079174E-1
5.437601153E0,8.668333888E-1,6.258243918E-1,8.987903595E-1
5.440093965E0,8.732247949E-1,6.418029070E-1,8.849423528E-1
5.442586778E0,8.849423528E-1,6.567161679E-1,8.732247949E-1
5.445079538E0,8.923989534E-1,6.663032770E-1,8.647028804E-1
5.447572351E0,9.041165113E-1,6.684337258E-1,8.551158309E-1
5.450065163E0,9.243559837E-1,6.684337258E-1,8.508548737E-1
5.452557924E0,9.371387362E-1,6.684337258E-1,8.497896194E-1
5.455069278E0,9.541825056E-1,6.684337258E-1,8.476591706E-1
5.457562038E0,9.722914696E-1,6.631075740E-1,8.497896194E-1
5.460054851E0,9.872047305E-1,6.577813625E-1,8.551158309E-1
5.462547663E0,1.006378889E0,6.567161679E-1,8.604419827E-1
5.465040424E0,1.022357345E0,6.545857191E-1,8.615072370E-1
5.467533236E0,1.035140157E0,6.471290588E-1,8.721595407E-1
5.470026049E0,1.046857715E0,6.449986100E-1,8.796161413E-1
5.472518861E0,1.056444883E0,6.439333558E-1,8.849423528E-1
5.475011621E0,1.063901424E0,6.407376528E-1,8.913337588E-1
5.477504434E0,1.072423339E0,6.311505437E-1,9.019860625E-1
5.479997246E0,1.075619102E0,6.162372828E-1,9.115731716E-1
5.482490007E0,1.075619102E0,6.013240218E-1,9.243559837E-1
5.484980059E0,1.068162441E0,5.853455663E-1,9.350082874E-1
5.487472819E0,1.059640527E0,5.714974999E-1,9.403344393E-1
5.489965632E0,1.047922969E0,5.619103909E-1,9.477910995E-1
5.492458444E0,1.035140157E0,5.469971299E-1,9.520519972E-1
5.494951205E0,1.023422599E0,5.310186744E-1,9.563129544E-1
5.497444017E0,1.007444143E0,5.118444562E-1,9.595086575E-1
5.499936830E0,9.946613312E-1,4.948007464E-1,9.563129544E-1
5.502429642E0,9.808133245E-1,4.713656008E-1,9.488562942E-1
5.504922403E0,9.669652581E-1,4.436695576E-1,9.456605911E-1
5.507415215E0,9.563129544E-1,4.181039631E-1,9.403344393E-1
5.509908028E0,9.477910995E-1,3.904078901E-1,9.307473302E-1
5.512400788E0,9.382039905E-1,3.627118468E-1,9.158340693E-1
5.514901882E0,9.296821356E-1,3.318201005E-1,9.019860625E-1
5.517394642E0,9.254211783E-1,3.051892519E-1,8.849423528E-1
5.519887455E0,9.168993235E-1,2.828193605E-1,8.647028804E-1
5.522380267E0,9.105079174E-1,2.625799477E-1,8.423330188E-1
5.524873028E0,9.019860625E-1,2.444709837E-1,8.167673945E-1
5.527365840E0,8.945294023E-1,2.423405200E-1,7.901365757E-1
5.529858653E0,8.817466497E-1,2.455362082E-1,7.645710111E-1
5.532351465E0,8.625724316E-1,2.540580630E-1,7.443315983E-1
5.534844226E0,8.412677646E-1,2.721670270E-1,7.251573801E-1
5.537337038E0,8.093107939E-1,2.998631001E-1,7.123745680E-1
5.539829851E0,7.730928659E-1,3.382114768E-1,7.027874589E-1
5.542322611E0,7.294183373E-1,3.872122169E-1,6.995918155E-1
5.544784226E0,6.772218943E-1,4.458000064E-1,6.921351552E-1
5.547276986E0,6.218297482E-1,5.107792616E-1,6.846785545E-1
5.549769799E0,5.653724074E-1,5.789541602E-1,6.793523431E-1
5.552262611E0,5.003932118E-1,6.503247619E-1,6.687000394E-1
5.554755371E0,4.418053925E-1,7.280867696E-1,6.559172273E-1
5.557248184E0,3.832175732E-1,8.079792261E-1,6.282211542E-1
5.559740996E0,3.256950080E-1,8.878717422E-1,5.930684805E-1
5.562233809E0,2.681724131E-1,9.677641988E-1,5.483286977E-1
5.564726569E0,2.063889056E-1,1.057243824E0,4.971975088E-1
5.567219382E0,1.318225861E-1,1.152049541E0,4.322183132E-1
5.569712194E0,5.512581021E-2,1.246855259E0,3.619129062E-1
5.572204955E0,-3.541899845E-2,1.334204316E0,2.841508985E-1
5.574717299E0,-1.334204376E-1,1.406640172E0,1.999974996E-1
5.577210059E0,-2.388785034E-1,1.457771420E0,1.105179265E-1
5.579702871E0,-3.432713449E-1,1.487597942E0,2.103835158E-2
5.582195684E0,-4.519250989E-1,1.502511144E0,-7.057169080E-2
5.584688444E0,-5.637745857E-1,1.512098312E0,-1.557903290E-1
5.587181257E0,-6.788197160E-1,1.516359210E0,-2.335523367E-1
5.589674069E0,-7.959953547E-1,1.525946259E0,-3.145100474E-1
5.592166882E0,-9.089100957E-1,1.538729072E0,-3.933372796E-1
5.594659642E0,-1.029281378E0,1.545120478E0,-4.700340629E-1
5.597152455E0,-1.156044126E0,1.532337666E0,-5.520570278E-1
5.599645267E0,-1.294524431E0,1.483337045E0,-6.330147386E-1
5.602138028E0,-1.434069991E0,1.397053123E0,-7.161028981E-1
5.604659382E0,-1.582137346E0,1.269225121E0,-8.002563119E-1
5.607152194E0,-1.735530853E0,1.112635851E0,-8.865401745E-1
5.609645007E0,-1.894250631E0,9.390029311E-1,-9.728240371E-1
5.612137819E0,-2.042318106E0,7.483261824E-1,-1.066564560E0
5.614630580E0,-2.186124563E0,5.544537902E-1,-1.163500786E0
5.617123392E0,-2.318213463E0,3.712337017E-1,-1.255110860E0
5.619616205E0,-2.423671484E0,2.157096863E-1,-1.335003257E0
5.622109017E0,-2.513284206E0,1.006645188E-1,-1.414895773E0
5.624601778E0,-2.580393791E0,2.822867595E-2,-1.490527272E0
5.627094590E0,-2.629394531E0,-4.793548491E-3,-1.562963128E0
5.629587403E0,-2.659221172E0,-1.011971384E-2,-1.639659882E0
5.632080215E0,-2.667742968E0,1.331541315E-2,-1.715291500E0
5.634525424E0,-2.659221172E0,5.485950038E-2,-1.796249151E0
5.637018184E0,-2.636851311E0,1.059906855E-1,-1.878272176E0
5.639510996E0,-2.599568129E0,1.592523307E-1,-1.956034184E0
5.642003757E0,-2.559089184E0,2.221010923E-1,-2.028470039E0
5.644496517E0,-2.514216185E0,2.934716940E-1,-2.096644878E0
5.646989330E0,-2.466280699E0,3.595161438E-1,-2.157363176E0
5.649482090E0,-2.416214705E0,4.266258180E-1,-2.211689949E0
5.651974903E0,-2.376801252E0,4.905398190E-1,-2.263886452E0
5.654467663E0,-2.341648579E0,5.533885360E-1,-2.307560921E0
5.656960476E0,-2.316082954E0,6.141068339E-1,-2.344844103E0
5.659453236E0,-2.301169634E0,6.684337258E-1,-2.372540236E0
5.661946049E0,-2.291582584E0,7.110430598E-1,-2.387453556E0
5.664453965E0,-2.285191059E0,7.440652847E-1,-2.401301622E0
5.666946726E0,-2.281995535E0,7.621742487E-1,-2.406627655E0
5.669439486E0,-2.279865026E0,7.675004005E-1,-2.414084435E0
5.671932299E0,-2.274538755E0,7.706961036E-1,-2.415149689E0
5.674425059E0,-2.264951706E0,7.738918066E-1,-2.407692909E0
5.676917871E0,-2.251103640E0,7.888050675E-1,-2.398105860E0
5.679410632E0,-2.230864286E0,8.143706322E-1,-2.381062031E0
5.681903444E0,-2.209559679E0,8.591104150E-1,-2.351235628E0
5.684396205E0,-2.189320087E0,9.230244160E-1,-2.316082954E0
5.686888965E0,-2.161624193E0,1.008243084E0,-2.275604010E0
5.689381778E0,-2.142449856E0,1.101983547E0,-2.224472761E0
5.691874538E0,-2.129667044E0,1.186136961E0,-2.180798292E0
5.694369434E0,-2.126471519E0,1.262833714E0,-2.140319347E0
5.696862194E0,-2.128601789E0,1.331008673E0,-2.101971149E0
5.699354955E0,-2.142449856E0,1.385335565E0,-2.074275017E0
5.701847767E0,-2.155232668E0,1.413031578E0,-2.059361696E0
5.704340528E0,-2.162689447E0,1.404509783E0,-2.055100918E0
5.706833340E0,-2.160558939E0,1.355509043E0,-2.061492205E0
5.709326101E0,-2.141384602E0,1.267094731E0,-2.078536034E0
5.711818913E0,-2.107297182E0,1.132875323E0,-2.103036404E0
5.714311674E0,-2.052970409E0,9.560466409E-1,-2.124341011E0
5.716804434E0,-1.982664943E0,7.398043275E-1,-2.140319347E0
5.719297246E0,-1.900642037E0,4.884093404E-1,-2.147776127E0
5.721790007E0,-1.825010419E0,2.316881865E-1,-2.142449856E0
5.724286465E0,-1.754705071E0,-7.989247330E-3,-2.134993315E0
5.726779226E0,-1.700378180E0,-2.487319112E-1,-2.122210503E0
5.729271986E0,-1.667356014E0,-5.001268983E-1,-2.107297182E0
5.731764799E0,-1.655638456E0,-7.643046975E-1,-2.088123083E0
5.734257559E0,-1.664160252E0,-1.050852418E0,-2.078536034E0
5.736750371E0,-1.678008318E0,-1.344856739E0,-2.074275017E0
5.739243132E0,-1.693986773E0,-1.600512624E0,-2.065753222E0
5.741735944E0,-1.707834840E0,-1.719818711E0,-2.064687967E0
5.744228705E0,-1.707834840E0,-1.555772781E0,-2.055100918E0
5.746721465E0,-1.687595367E0,-1.317160606E0,-2.045513630E0
5.749214278E0,-1.662029862E0,-1.520620108E0,-2.025274277E0
5.751707038E0,-1.647116542E0,-2.028736353E0,-2.000773907E0
5.754173653E0,-1.636464238E0,-2.501699686E0,-1.973077893E0
5.756666413E0,-1.623681426E0,-2.873466015E0,-1.941120863E0
5.759159226E0,-1.605572462E0,-3.105686903E0,-1.908098698E0
5.761651986E0,-1.576811194E0,-3.165339947E0,-1.877206922E0
5.764144746E0,-1.529940963E0,-3.070534229E0,-1.848445654E0
5.766637559E0,-1.476679325E0,-2.854291916E0,-1.831401825E0
5.769130319E0,-1.418091416E0,-2.578396559E0,-1.826075673E0
5.771623132E0,-1.384003997E0,-2.328066826E0,-1.836728096E0
5.774115892E0,-1.380808353E0,-2.148042440E0,-1.866554618E0
5.776608705E0,-1.403178215E0,-2.014888287E0,-1.895315886E0
5.779101465E0,-1.451113701E0,-1.898777843E0,-1.926207662E0
5.781594278E0,-1.507570982E0,-1.777341247E0,-1.958164573E0
5.784101830E0,-1.570419788E0,-1.629273891E0,-1.968816996E0
5.786594590E0,-1.635398984E0,-1.459901810E0,-1.974143147E0
5.789087403E0,-1.690791130E0,-1.293725491E0,-1.973077893E0
5.791580163E0,-1.744052768E0,-1.150984287E0,-1.966686487E0
5.794072924E0,-1.795183897E0,-1.047656655E0,-1.959229827E0
5.796565736E0,-1.837793231E0,-9.954602718E-1,-1.959229827E0
5.799058496E0,-1.877206922E0,-9.911993146E-1,-1.962425590E0
5.801551309E0,-1.903837681E0,-1.038069606E0,-1.966686487E0
5.804044069E0,-1.920881510E0,-1.111570716E0,-1.974143147E0
5.806536830E0,-1.938990355E0,-1.207441688E0,-1.983730197E0
5.809029642E0,-1.967751741E0,-1.398118377E0,-1.996513009E0
5.811522403E0,-2.015687227E0,-1.710231662E0,-2.021013260E0
5.814008913E0,-2.079601288E0,-2.085193634E0,-2.042318106E0
5.816501674E0,-2.141384602E0,-2.447372913E0,-2.056165934E0
5.818994486E0,-2.196776867E0,-2.768007994E0,-2.061492205E0
5.821487246E0,-2.251103640E0,-3.037512064E0,-2.058296442E0
5.823980059E0,-2.285191059E0,-3.217536449E0,-2.035926580E0
5.826472819E0,-2.295843363E0,-3.280385017E0,-2.015687227E0
5.828965580E0,-2.284125805E0,-3.240971565E0,-1.994382501E0
5.831458392E0,-2.253234148E0,-3.139774323E0,-1.976273537E0
5.833951153E0,-2.212755203E0,-2.991706848E0,-1.960295081E0
5.836443913E0,-2.161624193E0,-2.826595783E0,-1.948577523E0
5.838936726E0,-2.107297182E0,-2.667876005E0,-1.934729457E0
5.841429538E0,-2.056165934E0,-2.529395819E0,-1.915555239E0
5.843944642E0,-2.002904415E0,-2.412220240E0,-1.896381140E0
5.846437403E0,-1.951773167E0,-2.315284014E0,-1.865489364E0
5.848930215E0,-1.904902935E0,-2.238587141E0,-1.829271436E0
5.851422976E0,-1.855902195E0,-2.181064606E0,-1.793053508E0
5.853915736E0,-1.810097218E0,-2.132063866E0,-1.758966088E0
5.856408549E0,-1.761096478E0,-2.088389397E0,-1.723813295E0
5.858901309E0,-1.714226246E0,-2.050040960E0,-1.696117282E0
5.861394121E0,-1.660964608E0,-2.018084049E0,-1.659899354E0
5.863886882E0,-1.608768225E0,-1.992518425E0,-1.623681426E0
5.866379642E0,-1.558702230E0,-1.973344207E0,-1.585332990E0
5.868872455E0,-1.506505847E0,-1.965887547E0,-1.540593266E0
5.871365215E0,-1.458570361E0,-1.964822292E0,-1.495853424E0
5.873858288E0,-1.408504367E0,-1.960561395E0,-1.446852803E0
5.876351049E0,-1.362699389E0,-1.949909091E0,-1.398917317E0
5.878843861E0,-1.308372498E0,-1.928604364E0,-1.342459917E0
5.881336621E0,-1.251915097E0,-1.899843097E0,-1.280676365E0
5.883829382E0,-1.196522951E0,-1.879603624E0,-1.222088575E0
5.886322194E0,-1.141130924E0,-1.859364271E0,-1.163500786E0
5.888814955E0,-1.077216864E0,-1.839124799E0,-1.100651979E0
5.891307767E0,-1.013302922E0,-1.822081089E0,-1.035672784E0
5.893800528E0,-9.504541755E-1,-1.797580719E0,-9.717588425E-1
5.896293288E0,-8.886706233E-1,-1.770949960E0,-9.035838842E-1
5.898786101E0,-8.343437910E-1,-1.757101893E0,-8.354089856E-1
5.901278861E0,-7.821473479E-1,-1.751775742E0,-7.714950442E-1
5.903761205E0,-7.320814133E-1,-1.750710487E0,-7.161028981E-1
5.906253965E0,-6.841459274E-1,-1.748579979E0,-6.532541513E-1
5.908746726E0,-6.426018476E-1,-1.743253827E0,-5.989272594E-1
5.911239538E0,-5.999925137E-1,-1.738992929E0,-5.435351729E-1
5.913732299E0,-5.595136285E-1,-1.733666778E0,-4.924039543E-1
5.916225111E0,-5.190348029E-1,-1.730471015E0,-4.455337226E-1
5.918717871E0,-4.806863964E-1,-1.730471015E0,-4.007939398E-1
5.921210684E0,-4.391423166E-1,-1.732601523E0,-3.571193814E-1
5.923703444E0,-3.975982368E-1,-1.731536269E0,-3.134448230E-1
5.926196205E0,-3.507279754E-1,-1.738992929E0,-2.740311921E-1
5.928689017E0,-3.017272651E-1,-1.751775742E0,-2.335523367E-1
5.931181778E0,-2.431394309E-1,-1.773080349E0,-1.994648874E-1
5.933668965E0,-1.834863871E-1,-1.794385076E0,-1.643121988E-1
5.936161726E0,-1.142462417E-1,-1.815689683E0,-1.280942708E-1
5.938654538E0,-3.967992961E-2,-1.847646713E0,-9.933298081E-2
5.941147299E0,4.127778113E-2,-1.876407981E0,-7.376738638E-2
5.943640059E0,1.243659556E-1,-1.885995030E0,-4.394086078E-2
5.946132871E0,2.106498331E-1,-1.877473235E0,-1.624480449E-2
5.948625632E0,3.001294136E-1,-1.856168509E0,1.251648832E-2
5.951118444E0,3.906742036E-1,-1.823146343E0,3.808208182E-2
5.953611205E0,4.801537991E-1,-1.775210857E0,6.790860742E-2
5.956103965E0,5.728290677E-1,-1.711296797E0,9.453943372E-2
5.958596778E0,6.623086333E-1,-1.623947740E0,1.222354919E-1
5.961089538E0,7.507229447E-1,-1.523815870E0,1.488663107E-1
5.963590944E0,8.391373158E-1,-1.422618747E0,1.691057384E-1
5.966083705E0,9.275516272E-1,-1.315030217E0,1.914756298E-1
5.968576517E0,1.014900804E0,-1.203180671E0,2.127802968E-1
5.971069278E0,1.097988963E0,-1.092396498E0,2.340849638E-1
5.973562038E0,1.174685717E0,-9.773513079E-1,2.543243766E-1
5.976054851E0,1.246056318E0,-8.686975241E-1,2.766942680E-1
5.978547611E0,1.314231277E0,-7.600437403E-1,2.969337106E-1
5.981040424E0,1.379210472E0,-6.471290588E-1,3.161078990E-1
5.983533184E0,1.435667753E0,-5.427362323E-1,3.299559355E-1
5.986025944E0,1.481472850E0,-4.394086301E-1,3.363473415E-1
5.988518757E0,1.526212573E0,-3.350157738E-1,3.384777904E-1
5.991011517E0,1.559234858E0,-2.338186502E-1,3.395430148E-1
5.993513184E0,1.585865617E0,-1.326215118E-1,3.416734934E-1
5.996005944E0,1.609300733E0,-2.716344222E-2,3.363473415E-1
5.998498757E0,1.627409697E0,7.509893179E-2,3.299559355E-1
6.000991517E0,1.638062119E0,1.624480337E-1,3.214340508E-1
6.003484278E0,1.643388271E0,2.508623898E-1,3.235645294E-1
6.005977090E0,1.657236218E0,3.541899920E-1,3.246297538E-1
6.008469851E0,1.674280047E0,4.628437459E-1,3.299559355E-1
6.010962663E0,1.698780417E0,5.778889060E-1,3.395430148E-1
6.013455424E0,1.726476431E0,6.993255019E-1,3.533910513E-1
6.015948184E0,1.746715903E0,8.079792261E-1,3.683043122E-1
6.018440996E0,1.763759613E0,9.145025611E-1,3.906742036E-1
6.020933757E0,1.790390372E0,1.032743454E0,4.183702767E-1
6.023389799E0,1.813825488E0,1.142462373E0,4.481967986E-1
6.025882559E0,1.832999706E0,1.238333344E0,4.876104295E-1
6.028375371E0,1.853239179E0,1.311834455E0,5.259587765E-1
6.030868132E0,1.900109410E0,1.368291855E0,5.706986189E-1
6.033360892E0,1.967219114E0,1.409835935E0,6.175688505E-1
6.035853705E0,2.029002666E0,1.435401559E0,6.591129303E-1
6.038346465E0,2.065220594E0,1.449249506E0,6.889394522E-1
6.040839278E0,2.048176765E0,1.450314760E0,6.995918155E-1
6.043332038E0,1.957631946E0,1.432205796E0,6.963961124E-1
6.045824799E0,1.795716524E0,1.373618007E0,6.878741980E-1
6.048317611E0,1.610365987E0,1.263898969E0,6.655043364E-1
6.050810424E0,1.464429140E0,1.120092511E0,6.346125603E-1
6.053333965E0,1.409036994E0,9.432638288E-1,6.005251408E-1
6.055826726E0,1.435667753E0,7.461957335E-1,5.579158068E-1
6.058319538E0,1.513429761E0,5.608451962E-1,5.185021758E-1
6.060812299E0,1.602909446E0,4.266258180E-1,4.982627332E-1
6.063305059E0,1.670019031E0,4.085168540E-1,4.844147265E-1
6.065797871E0,1.707302213E0,4.894745648E-1,4.726971686E-1
6.068290632E0,1.703041315E0,6.098458767E-1,4.545882046E-1
6.070783444E0,1.647649169E0,7.430000305E-1,4.428706169E-1
6.073276205E0,1.556039095E0,8.473928571E-1,4.450010955E-1
6.075768965E0,1.469755292E0,8.921326399E-1,4.503272474E-1
6.078261778E0,1.438863516E0,8.825455308E-1,4.503272474E-1
6.080754538E0,1.460168123E0,8.559147120E-1,4.577838778E-1
6.083239642E0,1.520886421E0,8.953283429E-1,4.673709869E-1
6.085732403E0,1.612496495E0,1.034873843E0,4.492620230E-1
6.088225215E0,1.695584655E0,1.212767839E0,3.938699067E-1
6.090717976E0,1.743520141E0,1.364030838E0,3.075860441E-1
6.093210736E0,1.742454886E0,1.474815130E0,2.149107605E-1
6.095703549E0,1.722215533E0,1.562164187E0,1.382139921E-1
6.098196309E0,1.700910807E0,1.630339146E0,8.175663650E-2
6.100689121E0,1.688127995E0,1.664426565E0,5.299534276E-2
6.103181882E0,1.693454146E0,1.647382855E0,4.660394415E-2
6.105674642E0,1.715824127E0,1.581338406E0,5.938674137E-2
6.108167455E0,1.737128735E0,1.470554233E0,9.027849883E-2
6.110660215E0,1.762694359E0,1.329943419E0,1.286268830E-1
6.113156882E0,1.778672814E0,1.170158505E0,1.701709777E-1
6.115649642E0,1.791455626E0,1.007177830E0,2.181064636E-1
6.118142455E0,1.806368947E0,8.431319594E-1,2.628462613E-1
6.120635215E0,1.832999706E0,6.993255019E-1,3.075860441E-1
6.123127976E0,1.868152380E0,6.023892760E-1,3.448691964E-1
6.125620788E0,1.909696460E0,5.512580872E-1,3.725652397E-1
6.128113549E0,1.950175405E0,5.480623841E-1,3.960003853E-1
6.130606361E0,1.985328078E0,5.683017969E-1,4.151745737E-1
6.133099121E0,2.030067921E0,6.226286888E-1,4.258269072E-1
6.135591882E0,2.072677135E0,6.939992905E-1,4.364792407E-1
6.138084694E0,2.116351604E0,7.696308494E-1,4.545882046E-1
6.140577455E0,2.149374008E0,8.420667052E-1,4.726971686E-1
6.143071621E0,2.165352345E0,8.953283429E-1,4.929365814E-1
6.145564382E0,2.152569532E0,9.347419739E-1,5.099803209E-1
6.148057194E0,2.118482113E0,9.539161921E-1,5.280892849E-1
6.150550007E0,2.067351103E0,9.507204890E-1,5.472634435E-1
6.153042819E0,2.008763075E0,9.379376769E-1,5.643072128E-1
6.155535632E0,1.948044896E0,9.230244160E-1,5.856118798E-1
6.158028392E0,1.889457107E0,9.038501978E-1,6.154384017E-1
6.160521205E0,1.832999706E0,8.750889301E-1,6.548519731E-1
6.163014017E0,1.773346663E0,8.367405534E-1,6.836133003E-1
6.165506830E0,1.728606939E0,8.026530743E-1,7.102441192E-1
6.167999590E0,1.692389011E0,7.866745591E-1,7.315487862E-1
6.170492403E0,1.657236218E0,7.824136615E-1,7.507229447E-1
6.172997559E0,1.627409697E0,7.802832127E-1,7.688319087E-1
6.175490319E0,1.596518040E0,7.834789157E-1,7.794842720E-1
6.177983132E0,1.568821907E0,7.920007706E-1,7.954627872E-1
6.180475944E0,1.538995385E0,8.186315894E-1,8.029193878E-1
6.182968757E0,1.504907966E0,8.548495173E-1,8.093107939E-1
6.185461517E0,1.474016190E0,8.942631483E-1,8.103760481E-1
6.187954330E0,1.442059159E0,9.411333799E-1,8.114412427E-1
6.190447142E0,1.405841231E0,9.816122055E-1,7.720276117E-1
6.192939955E0,1.365362406E0,1.045526266E0,4.886756539E-1
6.195432767E0,1.378145218E0,1.337400079E0,5.086487532E-2
6.197925528E0,1.363232017E0,1.644187212E0,3.459344208E-1
6.200418340E0,1.296122313E0,1.683600783E0,9.371387362E-1
6.202895215E0,1.217295051E0,1.534468174E0,1.279078603E0
6.205387976E0,1.149120092E0,1.343791485E0,1.407971740E0
6.207880788E0,1.097988963E0,1.156310439E0,1.415428400E0
6.210373601E0,1.058575273E0,1.006112576E0,1.363232017E0
6.212866413E0,1.034074903E0,9.294158220E-1,1.284404755E0
6.215359226E0,1.006378889E0,9.166330099E-1,1.208773136E0
6.217851986E0,9.829437733E-1,9.496552348E-1,1.143793941E0
6.220344799E0,9.637695551E-1,1.002916932E0,1.089467049E0
6.222837611E0,9.499215484E-1,1.044461012E0,1.052183867E0
6.225330424E0,9.445953965E-1,1.075352788E0,1.025553107E0
6.227823184E0,9.424648881E-1,1.083874583E0,1.011705041E0
6.230315996E0,9.467258453E-1,1.087070346E0,1.001052737E0
6.232799434E0,9.520519972E-1,1.093461752E0,9.925308824E-1
6.235292246E0,9.627043605E-1,1.107309699E0,9.808133245E-1
6.237785007E0,9.722914696E-1,1.128614426E0,9.712262154E-1
6.240277819E0,9.818785191E-1,1.159506202E0,9.584434032E-1
6.242770632E0,9.935960770E-1,1.211702585E0,9.445953965E-1
6.245263444E0,1.004248381E0,1.271355629E0,9.392692447E-1
6.247756205E0,1.006378889E0,1.300116897E0,9.680305123E-1
6.250249017E0,9.935960770E-1,1.294790745E0,1.013835549E0
6.252741830E0,9.754871130E-1,1.274551272E0,1.060705781E0
6.255234642E0,9.648348093E-1,1.241529107E0,1.104380369E0
6.257727455E0,9.520519972E-1,1.196789265E0,1.136337280E0
6.260220215E0,9.445953965E-1,1.172288895E0,1.156576753E0
6.262720424E0,9.424648881E-1,1.179745555E0,1.161902905E0
6.265213184E0,9.382039905E-1,1.201050282E0,1.157642007E0
6.267705996E0,9.403344393E-1,1.209572077E0,1.156576753E0
6.270198809E0,9.445953965E-1,1.207441688E0,1.156576753E0
6.272691621E0,9.499215484E-1,1.213832974E0,1.162968159E0
6.275184434E0,9.563129544E-1,1.220224380E0,1.166163802E0
6.277677194E0,9.584434032E-1,1.214898229E0,1.170424819E0
6.280170007E0,9.573782086E-1,1.205311179E0,1.173620462E0
6.282662819E0,9.563129544E-1,1.184006453E0,1.180011868E0
6.285155632E0,9.520519972E-1,1.153114796E0,1.183207631E0
6.287648392E0,9.456605911E-1,1.112635851E0,1.188533783E0
6.290141205E0,9.382039905E-1,1.067896128E0,1.190664172E0
6.292639069E0,9.382039905E-1,1.026352048E0,1.191729426E0
6.295131830E0,9.424648881E-1,9.762860537E-1,1.199186087E0
6.297624642E0,9.456605911E-1,9.208939672E-1,1.202381730E0
6.300117455E0,9.445953965E-1,8.868064880E-1,1.203446984E0
6.302610267E0,9.424648881E-1,8.378057480E-1,1.202381730E0
6.305103080E0,9.435301423E-1,7.834789157E-1,1.200251341E0
6.307595840E0,9.424648881E-1,7.216953635E-1,1.195990324E0
6.310088653E0,9.371387362E-1,6.631075740E-1,1.190664172E0
6.312581465E0,9.339430332E-1,6.013240218E-1,1.183207631E0
6.315074278E0,9.350082874E-1,5.320838690E-1,1.174685717E0
6.317567038E0,9.339430332E-1,4.607132971E-1,1.159772396E0
6.320059851E0,9.328778386E-1,3.872122169E-1,1.146989703E0
6.322530267E0,9.382039905E-1,3.158415854E-1,1.129945874E0
6.325023028E0,9.445953965E-1,2.615146935E-1,1.112902164E0
6.327515840E0,9.477910995E-1,2.252967805E-1,1.102249861E0
6.330008653E0,9.531172514E-1,2.114487588E-1,1.094793200E0
6.332501465E0,9.499215484E-1,2.221010923E-1,1.090532303E0
6.334994278E0,9.488562942E-1,2.412752807E-1,1.092662811E0
6.337487038E0,9.445953965E-1,2.540580630E-1,1.093728065E0
6.339979851E0,9.403344393E-1,2.583190203E-1,1.090532303E0
6.342472663E0,9.360735416E-1,2.657756507E-1,1.089467049E0
6.344965476E0,9.296821356E-1,2.647103965E-1,1.083075643E0
6.347458236E0,9.222254753E-1,2.572537661E-1,1.075619102E0
6.349951049E0,9.200950265E-1,2.466014475E-1,1.070292830E0
6.352442090E0,9.232907295E-1,2.412752807E-1,1.064966679E0
6.354934903E0,9.211602807E-1,2.412752807E-1,1.057510138E0
6.357427663E0,9.243559837E-1,2.476666719E-1,1.046857715E0
6.359920476E0,9.190297723E-1,2.657756507E-1,1.033009768E0
6.362413288E0,9.083774686E-1,2.892107666E-1,1.018096447E0
6.364906101E0,9.009208083E-1,3.211677670E-1,1.001052737E0
6.367398861E0,8.860075474E-1,3.584509194E-1,9.850742221E-1
6.369891674E0,8.753552437E-1,3.967992961E-1,9.669652581E-1
6.372384486E0,8.678985834E-1,4.372781515E-1,9.499215484E-1
6.374877299E0,8.593767285E-1,4.756265581E-1,9.296821356E-1
6.377370111E0,8.572462797E-1,5.107792616E-1,9.105079174E-1
6.379862871E0,8.519201279E-1,5.363448262E-1,8.923989534E-1
6.382375944E0,8.540505767E-1,5.565842390E-1,8.764204979E-1
6.384868705E0,8.572462797E-1,5.810846090E-1,8.625724316E-1
6.387361517E0,8.540505767E-1,6.119763851E-1,8.476591706E-1
6.389854330E0,8.497896194E-1,6.439333558E-1,8.370068669E-1
6.392347142E0,8.423330188E-1,6.812165380E-1,8.306154609E-1
6.394839955E0,8.412677646E-1,7.174344659E-1,8.242240548E-1
6.397332715E0,8.465939164E-1,7.515218854E-1,8.295502067E-1
6.399825528E0,8.519201279E-1,7.738918066E-1,8.327459097E-1
6.402318340E0,8.604419827E-1,7.909355164E-1,8.338111639E-1
6.404811153E0,8.764204979E-1,8.047835231E-1,8.402025700E-1
6.407303913E0,8.945294023E-1,8.122401834E-1,8.487244248E-1
6.409796726E0,9.147688746E-1,8.101097345E-1,8.593767285E-1
6.412281465E0,9.328778386E-1,8.069140315E-1,8.710942864E-1
6.414774226E0,9.477910995E-1,8.015878797E-1,8.785509467E-1
6.417267038E0,9.595086575E-1,7.962616682E-1,8.945294023E-1
6.419759851E0,9.680305123E-1,7.898702621E-1,9.126383662E-1
6.422252663E0,9.733566642E-1,7.834789157E-1,9.350082874E-1
6.424745476E0,9.701609612E-1,7.706961036E-1,9.584434032E-1
6.427238236E0,9.712262154E-1,7.621742487E-1,9.797480702E-1
6.429731049E0,9.680305123E-1,7.515218854E-1,1.001052737E0
6.432223861E0,9.659000635E-1,7.451304793E-1,1.019161701E0
6.434716674E0,9.595086575E-1,7.334129214E-1,1.041531563E0
6.437209434E0,9.595086575E-1,7.238258123E-1,1.060705781E0
6.439702246E0,9.584434032E-1,7.131735086E-1,1.078814745E0
6.442187559E0,9.584434032E-1,7.046516538E-1,1.096923709E0
6.444680319E0,9.573782086E-1,6.993255019E-1,1.116097927E0
6.447173132E0,9.605738521E-1,6.950645447E-1,1.136337280E0
6.449665944E0,9.595086575E-1,6.897383928E-1,1.151250601E0
6.452158757E0,9.595086575E-1,6.918688416E-1,1.166163802E0
6.454651569E0,9.584434032E-1,6.918688416E-1,1.174685717E0
6.457144330E0,9.531172514E-1,6.886731386E-1,1.176816225E0
6.459637142E0,9.445953965E-1,6.854774356E-1,1.175750971E0
6.462129955E0,9.382039905E-1,6.748251319E-1,1.172555208E0
6.464622767E0,9.318125844E-1,6.609770656E-1,1.161902905E0
6.467115580E0,9.264864326E-1,6.386072040E-1,1.146989703E0
6.469608340E0,9.200950265E-1,6.130415797E-1,1.128880739E0
6.472097038E0,9.179645777E-1,5.810846090E-1,1.104380369E0
6.474589851E0,9.158340693E-1,5.427362323E-1,1.075619102E0
6.477082611E0,9.179645777E-1,4.979964495E-1,1.045792580E0
6.479575424E0,9.232907295E-1,4.543218911E-1,1.012770295E0
6.482068236E0,9.307473302E-1,4.117125571E-1,9.786828160E-1
6.484561049E0,9.371387362E-1,3.701684773E-1,9.424648881E-1
6.487053809E0,9.424648881E-1,3.350157738E-1,9.062470198E-1
6.489546621E0,9.456605911E-1,3.051892519E-1,8.657681346E-1
6.492039434E0,9.531172514E-1,2.881455421E-1,8.274197578E-1
6.494532246E0,9.509868026E-1,2.828193605E-1,7.933322787E-1
6.497025059E0,9.456605911E-1,2.881455421E-1,7.592448592E-1
6.499517819E0,9.328778386E-1,3.105154335E-1,7.251573801E-1
6.502021309E0,9.115731716E-1,3.477985859E-1,6.910699010E-1
6.504514069E0,8.860075474E-1,4.074516296E-1,6.580476761E-1
6.507006882E0,8.508548737E-1,4.820179343E-1,6.271559596E-1
6.509499694E0,8.050498366E-1,5.651060939E-1,5.983946323E-1
6.511992507E0,7.453967929E-1,6.577813625E-1,5.664376616E-1
6.514485319E0,6.814828515E-1,7.600437403E-1,5.302197337E-1
6.516978080E0,6.101121902E-1,8.591104150E-1,4.897408783E-1
6.519470892E0,5.280892849E-1,9.507204890E-1,4.428706169E-1
6.521963705E0,4.428706169E-1,1.041265249E0,3.885437548E-1
6.524456517E0,3.533910513E-1,1.124353409E0,3.331516385E-1
6.526949278E0,2.639114857E-1,1.206376433E0,2.724333405E-1
6.529442090E0,1.701709777E-1,1.295855999E0,2.031932026E-1
6.531939746E0,6.790860742E-2,1.392792225E0,1.318225861E-1
6.534432507E0,-3.754946589E-2,1.490793586E0,6.045197323E-2
6.536925319E0,-1.451379955E-1,1.595186472E0,-1.198387146E-2
6.539418132E0,-2.516613007E-1,1.689992189E0,-7.909355313E-2
6.541910944E0,-3.592498302E-1,1.779471755E0,-1.430075318E-1
6.544403757E0,-4.636426866E-1,1.843518853E0,-2.026605755E-1
6.546896517E0,-5.616441369E-1,1.876541138E0,-2.687050402E-1
6.549389330E0,-6.585803032E-1,1.865888834E0,-3.315537870E-1
6.551882142E0,-7.523208261E-1,1.818885446E0,-3.933372796E-1
6.554374955E0,-8.386046886E-1,1.737927675E0,-4.593817294E-1
6.556867715E0,-9.248885512E-1,1.628208637E0,-5.232957006E-1
6.559360528E0,-1.004781008E0,1.496119738E0,-5.978620052E-1
6.561851517E0,-1.084673524E0,1.348052382E0,-6.756240726E-1
6.564344278E0,-1.159239888E0,1.193593621E0,-7.608426809E-1
6.566837090E0,-1.233806133E0,1.039134860E0,-8.481917977E-1
6.569329903E0,-1.301981091E0,8.910674453E-1,-9.419323206E-1
6.571822715E0,-1.369090796E0,7.536523938E-1,-1.037803292E0
6.574315528E0,-1.430874228E0,6.215634942E-1,-1.131543756E0
6.576808288E0,-1.493723035E0,5.011921525E-1,-1.230610490E0
6.579301101E0,-1.555506468E0,3.882774413E-1,-1.325416207E0
6.581793913E0,-1.622616172E0,2.881455421E-1,-1.421287179E0
6.584286726E0,-1.692921638E0,1.976007223E-1,-1.519288659E0
6.586779486E0,-1.763226986E0,1.177082509E-1,-1.616224766E0
6.589272299E0,-1.837793231E0,5.698996782E-2,-1.718487144E0
6.591774694E0,-1.917685747E0,1.757634431E-2,-1.817553878E0
6.594267455E0,-1.994382501E0,-5.858781748E-3,-1.918751001E0
6.596760267E0,-2.073209763E0,-4.793548491E-3,-2.022078514E0
6.599253080E0,-2.153102160E0,2.077204362E-2,-2.121145248E0
6.601745892E0,-2.227668524E0,6.657706201E-2,-2.219146729E0
6.604238705E0,-2.304365396E0,1.294258088E-1,-2.311821938E0
6.606731465E0,-2.377866507E0,2.093182951E-1,-2.397040606E0
6.609224278E0,-2.446041346E0,3.009283245E-1,-2.473737478E0
6.611717090E0,-2.505694389E0,3.999949992E-1,-2.539781809E0
6.614209903E0,-2.554828167E0,5.054530501E-1,-2.595173836E0
6.616702663E0,-2.599568129E0,6.066502333E-1,-2.638848543E0
6.619195476E0,-2.628329277E0,7.099778056E-1,-2.674001217E0
6.621677611E0,-2.647503614E0,8.069140315E-1,-2.702762604E0
6.624170371E0,-2.651764393E0,8.985240459E-1,-2.726197720E0
6.626663184E0,-2.638981581E0,9.880036116E-1,-2.741110802E0
6.629155996E0,-2.614481211E0,1.068961382E0,-2.750698090E0
6.631648809E0,-2.569741488E0,1.144592881E0,-2.754958868E0
6.634141621E0,-2.513284206E0,1.211702585E0,-2.752828360E0
6.636634382E0,-2.441780329E0,1.263898969E0,-2.747502327E0
6.639127194E0,-2.362953186E0,1.313964963E0,-2.737915277E0
6.641620007E0,-2.281995535E0,1.362965703E0,-2.715545177E0
6.644112819E0,-2.197842121E0,1.410901189E0,-2.685718775E0
6.646605580E0,-2.121145248E0,1.459901810E0,-2.653761864E0
6.649098392E0,-2.059361696E0,1.514228702E0,-2.619674206E0
6.651582663E0,-2.013556719E0,1.549381375E0,-2.595173836E0
6.654075424E0,-1.980534554E0,1.554707646E0,-2.579195499E0
6.656568184E0,-1.964555979E0,1.525946259E0,-2.577064991E0
6.659060996E0,-1.958164573E0,1.453510404E0,-2.586652040E0
6.661553757E0,-1.965621233E0,1.325682521E0,-2.605826378E0
6.664046569E0,-1.982664943E0,1.140331984E0,-2.626065731E0
6.666539330E0,-2.006100178E0,8.985240459E-1,-2.644174576E0
6.669032090E0,-2.026339531E0,6.109111309E-1,-2.658022642E0
6.671524851E0,-2.034861326E0,2.870802879E-1,-2.653761864E0
6.674017663E0,-2.014621973E0,-9.746882319E-2,-2.626065731E0
6.676510476E0,-1.931533813E0,-6.215634942E-1,-2.551499367E0
6.679003236E0,-1.763226986E0,-1.042330503E0,-2.433258533E0
6.681497507E0,-1.651377439E0,-4.841484129E-1,-2.315017700E0
6.683990267E0,-1.605572462E0,3.744294047E-1,-2.245777607E0
6.686483028E0,-1.591724396E0,5.033226013E-1,-2.221277237E0
6.688975840E0,-1.607702971E0,2.316881865E-1,-2.218081474E0
6.691468601E0,-1.632203341E0,-2.252967805E-1,-2.218081474E0
6.693961413E0,-1.655638456E0,-7.206301689E-1,-2.211689949E0
6.696454174E0,-1.704639196E0,-1.148853779E0,-2.203168154E0
6.698946934E0,-1.784531593E0,-1.490793586E0,-2.203168154E0
6.701439746E0,-1.883598328E0,-1.786928415E0,-2.198907375E0
6.703932507E0,-1.975208282E0,-2.043649673E0,-2.187189817E0
6.706425319E0,-2.051905155E0,-2.267348528E0,-2.168015480E0
6.708918080E0,-2.105166674E0,-2.440981388E0,-2.140319347E0
6.711416674E0,-2.140319347E0,-2.570940018E0,-2.108362436E0
6.713909434E0,-2.152036905E0,-2.677463293E0,-2.079601288E0
6.716402194E0,-2.150971889E0,-2.772269011E0,-2.054035664E0
6.718895007E0,-2.129667044E0,-2.840443850E0,-2.038057089E0
6.721387767E0,-2.103036404E0,-2.866009474E0,-2.026339531E0
6.723880580E0,-2.077470779E0,-2.846835375E0,-2.025274277E0
6.726373340E0,-2.055100918E0,-2.775464535E0,-2.035926580E0
6.728866101E0,-2.043383360E0,-2.648701906E0,-2.045513630E0
6.731358913E0,-2.033796072E0,-2.472938538E0,-2.052970409E0
6.733851674E0,-2.040187597E0,-2.260957003E0,-2.054035664E0
6.736344486E0,-2.056165934E0,-2.039388657E0,-2.057231188E0
6.738837246E0,-2.072144508E0,-1.818885446E0,-2.056165934E0
6.741316309E0,-2.094514370E0,-1.601577878E0,-2.054035664E0
6.743809069E0,-2.124341011E0,-1.391726971E0,-2.048709393E0
6.746301882E0,-2.154167414E0,-1.197854519E0,-2.050839901E0
6.748794642E0,-2.179733038E0,-1.025286794E0,-2.051905155E0
6.751287403E0,-2.203168154E0,-8.793498874E-1,-2.064687967E0
6.753780215E0,-2.213820457E0,-7.568480372E-1,-2.078536034E0
6.756272976E0,-2.208494425E0,-6.535204649E-1,-2.083862066E0
6.758765788E0,-2.195711613E0,-5.661713481E-1,-2.081731558E0
6.761258549E0,-2.171211243E0,-5.469971299E-1,-2.079601288E0
6.763751309E0,-2.153102160E0,-5.981283188E-1,-2.074275017E0
6.766244069E0,-2.144580364E0,-7.035863996E-1,-2.066818476E0
6.768736882E0,-2.140319347E0,-8.516538143E-1,-2.062557459E0
6.771256882E0,-2.166950226E0,-1.119027257E0,-2.065753222E0
6.773749642E0,-2.230864286E0,-1.550446630E0,-2.073209763E0
6.776242403E0,-2.328865767E0,-2.067084789E0,-2.072144508E0
6.778735215E0,-2.425801992E0,-2.546439648E0,-2.056165934E0
6.781227976E0,-2.503563881E0,-2.905423164E0,-2.018882990E0
6.783720788E0,-2.548436880E0,-3.119534969E0,-1.980534554E0
6.786213549E0,-2.560154438E0,-3.195166349E0,-1.942186117E0
6.788706309E0,-2.547371626E0,-3.167470455E0,-1.909163833E0
6.791199069E0,-2.505694389E0,-3.064142704E0,-1.871880770E0
6.793691882E0,-2.450302362E0,-2.933119059E0,-1.831401825E0
6.796184642E0,-2.387453556E0,-2.797834635E0,-1.795183897E0
6.798677455E0,-2.329931021E0,-2.681724072E0,-1.764292240E0
6.801166569E0,-2.276669264E0,-2.582657576E0,-1.734465718E0
6.803659330E0,-2.228733778E0,-2.491047382E0,-1.704639196E0
6.806152090E0,-2.181863546E0,-2.414350748E0,-1.670551658E0
6.808644903E0,-2.138189077E0,-2.352567196E0,-1.635398984E0
6.811137663E0,-2.100905895E0,-2.303566456E0,-1.591724396E0
6.813630476E0,-2.059361696E0,-2.268413782E0,-1.544854164E0
6.816123236E0,-2.016752481E0,-2.262022257E0,-1.492657781E0
6.818615996E0,-1.979469299E0,-2.278000832E0,-1.444722295E0
6.821108809E0,-1.938990355E0,-2.315284014E0,-1.391460657E0
6.823601569E0,-1.900642037E0,-2.364284754E0,-1.338199019E0
6.826094330E0,-1.861228347E0,-2.410089731E0,-1.287067771E0
6.828587142E0,-1.820749521E0,-2.450568676E0,-1.226349473E0
6.831049746E0,-1.780270696E0,-2.488916874E0,-1.166696429E0
6.833542507E0,-1.736596107E0,-2.523004532E0,-1.113434792E0
6.836035267E0,-1.689725876E0,-2.534722090E0,-1.058042645E0
6.838528080E0,-1.639659882E0,-2.536852360E0,-9.919982553E-1
6.841020840E0,-1.584267855E0,-2.541113377E0,-9.302147627E-1
6.843513653E0,-1.529940963E0,-2.544309139E0,-8.726921678E-1
6.846006413E0,-1.473483562E0,-2.544309139E0,-8.130391240E-1
6.848499226E0,-1.414895773E0,-2.543243885E0,-7.597774267E-1
6.850991986E0,-1.353112221E0,-2.535787106E0,-7.075810432E-1
6.853484746E0,-1.295589685E0,-2.525134802E0,-6.521888971E-1
6.855977559E0,-1.232740879E0,-2.509156466E0,-5.989272594E-1
6.858470319E0,-1.172022581E0,-2.496373653E0,-5.488613248E-1
6.860989538E0,-1.108108640E0,-2.481460333E0,-4.966649115E-1
6.863482299E0,-1.044194698E0,-2.460155725E0,-4.444684684E-1
6.865975059E0,-9.813459516E-1,-2.435655355E0,-3.944025338E-1
6.868467871E0,-9.174319506E-1,-2.402633190E0,-3.464670479E-1
6.870960632E0,-8.556483984E-1,-2.372806549E0,-3.049229383E-1
6.873453444E0,-7.896040082E-1,-2.346175671E0,-2.601831555E-1
6.875946205E0,-7.246247530E-1,-2.314218760E0,-2.175738513E-1
6.878438965E0,-6.543194056E-1,-2.280131340E0,-1.834863871E-1
6.880931778E0,-5.850792527E-1,-2.247109175E0,-1.472684592E-1
6.883424538E0,-5.190348029E-1,-2.214086771E0,-1.142462417E-1
6.885917299E0,-4.497946501E-1,-2.172542810E0,-7.376738638E-2
6.888410111E0,-3.826849759E-1,-2.123542070E0,-4.287562892E-2
6.890896205E0,-3.155752718E-1,-2.067084789E0,-1.091863867E-2
6.893388965E0,-2.431394309E-1,-2.004235983E0,1.997311972E-2
6.895881726E0,-1.749645174E-1,-1.932865381E0,4.979964346E-2
6.898374538E0,-9.720251709E-2,-1.880668879E0,7.962616533E-2
6.900867299E0,-2.263620123E-2,-1.835929155E0,1.030612960E-1
6.903360111E0,5.086487532E-2,-1.790124059E0,1.286268830E-1
6.905852871E0,1.328878254E-1,-1.746449590E0,1.531272531E-1
6.908345632E0,2.170412242E-1,-1.710231662E0,1.733666807E-1
6.910838444E0,3.001294136E-1,-1.663361311E0,1.946713328E-1
6.913331205E0,3.832175732E-1,-1.610099673E0,2.234326303E-1
6.915824017E0,4.695014656E-1,-1.542990088E0,2.458025217E-1
6.918316778E0,5.611115098E-1,-1.458836675E0,2.745638192E-1
6.920820840E0,6.463301182E-1,-1.383205056E0,3.086512685E-1
6.923313601E0,7.336792350E-1,-1.301182151E0,3.331516385E-1
6.925806361E0,8.252893090E-1,-1.211702585E0,3.565867543E-1
6.928299174E0,9.073122144E-1,-1.114766359E0,3.810871243E-1
6.930791934E0,9.893351793E-1,-1.016764879E0,4.045222402E-1
6.933284746E0,1.069227695E0,-9.134373069E-1,4.290226102E-1
6.935777507E0,1.148054838E0,-8.133054376E-1,4.492620230E-1
6.938270267E0,1.225816846E0,-7.099778056E-1,4.716319144E-1
6.940763080E0,1.293991804E0,-6.119763851E-1,4.876104295E-1
6.943255840E0,1.350449204E0,-5.118444562E-1,4.993279874E-1
6.945748653E0,1.390928030E0,-4.063864052E-1,5.035889149E-1
6.948241413E0,1.413297892E0,-3.009283245E-1,5.025236607E-1
6.950742976E0,1.420754552E0,-1.890788674E-1,4.961322844E-1
6.953235736E0,1.406906486E0,-6.657706201E-2,4.758928418E-1
6.955728496E0,1.373884320E0,6.018566713E-2,4.513925016E-1
6.958221309E0,1.313166022E0,1.837527007E-1,4.236964285E-1
6.960714069E0,1.229012609E0,3.094501793E-1,3.917394578E-1
6.963206882E0,1.137402534E0,4.351477027E-1,3.544562757E-1
6.965699642E0,1.045792580E0,5.693670511E-1,3.118469715E-1
6.968192403E0,9.595086575E-1,7.227606177E-1,2.649767101E-1
6.970685215E0,8.764204979E-1,9.017197490E-1,2.170412242E-1
6.973177976E0,7.901365757E-1,1.101983547E0,1.669752747E-1
6.975670736E0,7.102441192E-1,1.311834455E0,1.169093251E-1
6.978163549E0,6.260907054E-1,1.523815870E0,7.856093347E-2
6.980643861E0,5.568505526E-1,1.678274632E0,4.127778113E-2
6.983136621E0,5.121107697E-1,1.736862421E0,1.997311972E-2
6.985629382E0,5.057193637E-1,1.697448850E0,2.742975019E-2
6.988122194E0,5.525896549E-1,1.563229442E0,6.577813625E-2
6.990614955E0,6.324821115E-1,1.312899709E0,1.382139921E-1
6.993107767E0,7.123745680E-1,9.784165621E-1,2.436720580E-1
6.995600528E0,7.794842720E-1,6.492595077E-1,3.821523488E-1
6.998093288E0,8.167673945E-1,4.053211510E-1,5.323501825E-1
7.000586101E0,8.274197578E-1,2.583190203E-1,6.729609370E-1
7.003078861E0,8.125064969E-1,2.018616647E-1,7.922670841E-1
7.005571674E0,8.018541336E-1,2.221010923E-1,8.870728016E-1
7.008064434E0,8.135717511E-1,3.019935489E-1,9.456605911E-1
7.010562455E0,8.678985834E-1,3.936035931E-1,9.637695551E-1
7.013055215E0,9.520519972E-1,4.756265581E-1,9.413996935E-1
7.015547976E0,1.053249121E0,4.979964495E-1,8.870728016E-1
7.018040788E0,1.152315855E0,4.117125571E-1,8.018541336E-1
7.020533549E0,1.237534523E0,2.732322812E-1,7.166355252E-1
7.023026361E0,1.315296531E0,1.368824393E-1,6.473953724E-1
7.025519121E0,1.397319436E0,4.527240247E-2,5.898727775E-1
7.028011882E0,1.492125154E0,7.083799690E-2,5.451329947E-1
7.030504694E0,1.590126634E0,2.604494691E-1,4.918713570E-1
7.032997455E0,1.654040575E0,5.395405293E-1,4.588491321E-1
7.035490267E0,1.695584655E0,9.070459008E-1,4.460663199E-1
7.037983028E0,1.721150279E0,1.325682521E0,4.375444651E-1
7.040487559E0,1.730737329E0,1.714492559E0,4.481967986E-1
7.042980319E0,1.733933091E0,2.020347595E0,4.673709869E-1
7.045473080E0,1.743520141E0,2.197176218E0,4.982627332E-1
7.047965892E0,1.764824867E0,2.219546080E0,5.451329947E-1
7.050458653E0,1.789325118E0,2.109827042E0,5.973294377E-1
7.052951465E0,1.814890742E0,1.941520333E0,6.399387121E-1
7.055444226E0,1.832999706E0,1.769884706E0,6.750914454E-1
7.057936986E0,1.851108670E0,1.630339146E0,7.134398222E-1
7.060429799E0,1.872413397E0,1.523815870E0,7.549839020E-1
7.062922559E0,1.886261344E0,1.435401559E0,7.890713811E-1
7.065415371E0,1.890522361E0,1.337400079E0,8.114412427E-1
7.067908132E0,1.883065701E0,1.220224380E0,8.167673945E-1
7.070395788E0,1.864956737E0,1.099853039E0,7.965279818E-1
7.072888549E0,1.840456367E0,9.943950176E-1,7.603100538E-1
7.075381309E0,1.806368947E0,9.123721123E-1,7.177007794E-1
7.077874121E0,1.774411917E0,8.718932271E-1,6.793523431E-1
7.080366882E0,1.746715903E0,8.676322699E-1,6.495258212E-1
7.082859694E0,1.725411177E0,8.942631483E-1,6.228950024E-1
7.085352455E0,1.708367467E0,9.421986341E-1,6.090469956E-1
7.087845215E0,1.698780417E0,9.997211695E-1,5.983946323E-1
7.090337976E0,1.696649909E0,1.059374213E0,5.866770744E-1
7.092830788E0,1.704106569E0,1.106244445E0,5.792204738E-1
7.095323601E0,1.726476431E0,1.148853779E0,5.738942623E-1
7.097816361E0,1.763759613E0,1.180810809E0,5.717638135E-1
7.100293392E0,1.796781778E0,1.207441688E0,5.781552196E-1
7.102786153E0,1.827673554E0,1.221289635E0,5.941337347E-1
7.105278913E0,1.847913027E0,1.215963483E0,6.260907054E-1
7.107771726E0,1.854304433E0,1.196789265E0,6.750914454E-1
7.110264486E0,1.852173924E0,1.161636591E0,7.294183373E-1
7.112757299E0,1.834064960E0,1.116896868E0,7.773538232E-1
7.115250059E0,1.805303693E0,1.065765619E0,8.135717511E-1
7.117742819E0,1.778672814E0,1.005047321E0,8.316806555E-1
7.120235632E0,1.739259243E0,9.656337500E-1,8.284850121E-1
7.122728392E0,1.699845552E0,9.411333799E-1,8.274197578E-1
7.125221205E0,1.664692879E0,9.315462708E-1,8.210283518E-1
7.127713965E0,1.638062119E0,9.475247860E-1,8.125064969E-1
7.130203340E0,1.618887901E0,9.762860537E-1,8.082455397E-1
7.132696101E0,1.611431241E0,1.023156285E0,8.018541336E-1
7.135188861E0,1.607170343E0,1.074287534E0,7.954627872E-1
7.137681674E0,1.614627004E0,1.123288274E0,7.986584306E-1
7.140174434E0,1.625279307E0,1.163767099E0,8.039846420E-1
7.142667246E0,1.639127374E0,1.191463113E0,8.039846420E-1
7.145160007E0,1.654040575E0,1.209572077E0,7.975932360E-1
7.147652767E0,1.665758133E0,1.218093991E0,7.837451696E-1
7.150145580E0,1.683867097E0,1.220224380E0,7.624405622E-1
7.152638340E0,1.688127995E0,1.241529107E0,7.336792350E-1
7.155131153E0,1.689193249E0,1.260703325E0,6.910699010E-1
7.157623913E0,1.685997605E0,1.266029477E0,6.314168572E-1
7.160105996E0,1.657236218E0,1.223420143E0,4.684362113E-1
7.162598809E0,1.613561749E0,1.147788525E0,-1.270290315E-1
7.165091569E0,1.638062119E0,1.348052382E0,-4.465989470E-1
7.167584382E0,1.674280047E0,1.609034538E0,2.106498331E-1
7.170077142E0,1.639127374E0,1.547250986E0,8.327459097E-1
7.172569903E0,1.573082924E0,1.323552012E0,1.123554587E0
7.175062715E0,1.502777457E0,1.099853039E0,1.224751711E0
7.177555476E0,1.442059159E0,8.857412338E-1,1.221555948E0
7.180048236E0,1.376014709E0,6.929340959E-1,1.165098667E0
7.182541049E0,1.311035514E0,5.438014865E-1,1.092662811E0
7.185033809E0,1.252447724E0,4.404738545E-1,1.027683616E0
7.187526569E0,1.205577493E0,3.840165138E-1,9.904004335E-1
7.190039069E0,1.167229056E0,3.595161438E-1,9.765523672E-1
7.192531882E0,1.136337280E0,3.520595133E-1,9.818785191E-1
7.195024642E0,1.108641267E0,3.509942889E-1,9.957265854E-1
7.197517455E0,1.088401794E0,3.477985859E-1,1.011705041E0
7.200010215E0,1.070292830E0,3.414071798E-1,1.026618361E0
7.202502976E0,1.060705781E0,3.477985859E-1,1.040466309E0
7.204995788E0,1.052183867E0,3.627118468E-1,1.052183867E0
7.207488549E0,1.042596817E0,3.818860352E-1,1.061771035E0
7.209981309E0,1.036205411E0,4.159734845E-1,1.073488593E0
7.212474121E0,1.030879259E0,4.564523399E-1,1.088401794E0
7.214966882E0,1.027683616E0,5.054530501E-1,1.100119352E0
7.217459642E0,1.023422599E0,5.555190444E-1,1.118228316E0
7.219960476E0,1.021292210E0,6.045197248E-1,1.138467789E0
7.222453288E0,1.020226955E0,6.407376528E-1,1.159772396E0
7.224946049E0,1.020226955E0,6.716294289E-1,1.184272766E0
7.227438861E0,1.017031193E0,6.844122410E-1,1.205577493E0
7.229931569E0,1.014900804E0,6.886731386E-1,1.229012609E0
7.232424382E0,1.011705041E0,7.035863996E-1,1.253512979E0
7.234917194E0,1.005313635E0,7.387390733E-1,1.269491434E0
7.237409955E0,9.946613312E-1,7.685656548E-1,1.281208992E0
7.239902715E0,9.861394763E-1,7.781527042E-1,1.295057058E0
7.242395528E0,9.786828160E-1,7.675004005E-1,1.308905125E0
7.244888288E0,9.701609612E-1,7.472609878E-1,1.321687818E0
7.247381049E0,9.627043605E-1,7.121082544E-1,1.328079224E0
7.249875059E0,9.573782086E-1,6.705641747E-1,1.330209732E0
7.252367871E0,9.403344393E-1,6.343462467E-1,1.328079224E0
7.254860632E0,9.318125844E-1,5.938674212E-1,1.332340240E0
7.257353444E0,9.222254753E-1,5.565842390E-1,1.338731647E0
7.259846205E0,9.051817656E-1,5.310186744E-1,1.338731647E0
7.262338965E0,8.945294023E-1,5.118444562E-1,1.337666392E0
7.264831726E0,8.902685046E-1,4.905398190E-1,1.330209732E0
7.267324538E0,8.955946565E-1,4.649742246E-1,1.324883580E0
7.269817299E0,9.041165113E-1,4.362129271E-1,1.315296531E0
7.272310111E0,9.126383662E-1,4.127778113E-1,1.302513719E0
7.274802871E0,9.200950265E-1,3.936035931E-1,1.292926550E0
7.277295632E0,9.222254753E-1,3.648423254E-1,1.278013349E0
7.279762767E0,9.275516272E-1,3.435376585E-1,1.268426180E0
7.282255580E0,9.286168814E-1,3.339505494E-1,1.256708622E0
7.284748340E0,9.275516272E-1,3.360810280E-1,1.247121572E0
7.287241153E0,9.211602807E-1,3.456681073E-1,1.236469269E0
7.289733913E0,9.147688746E-1,3.584509194E-1,1.227947354E0
7.292226674E0,9.126383662E-1,3.648423254E-1,1.223686457E0
7.294719486E0,9.019860625E-1,3.659075499E-1,1.217295051E0
7.297212246E0,8.966599107E-1,3.595161438E-1,1.208773136E0
7.299705007E0,8.923989534E-1,3.488638103E-1,1.200251341E0
7.302197819E0,8.934642076E-1,3.424724042E-1,1.193859935E0
7.304690580E0,8.977251053E-1,3.403419554E-1,1.181077123E0
7.307183340E0,9.094427228E-1,3.392767310E-1,1.168294311E0
7.309694694E0,9.222254753E-1,3.456681073E-1,1.153381109E0
7.312187507E0,9.371387362E-1,3.627118468E-1,1.138467789E0
7.314680267E0,9.552477002E-1,3.904078901E-1,1.120358825E0
7.317173080E0,9.744219184E-1,4.255605936E-1,1.105445623E0
7.319665840E0,9.904004335E-1,4.671046734E-1,1.092662811E0
7.322158601E0,1.006378889E0,5.150401592E-1,1.080945253E0
7.324651413E0,1.025553107E0,5.597799420E-1,1.068162441E0
7.327144174E0,1.040466309E0,5.981283188E-1,1.054314375E0
7.329636934E0,1.054314375E0,6.236939430E-1,1.047922969E0
7.332129746E0,1.070292830E0,6.396724582E-1,1.041531563E0
7.334622507E0,1.083075643E0,6.449986100E-1,1.035140157E0
7.337115267E0,1.089467049E0,6.460638046E-1,1.033009768E0
7.339595267E0,1.099054217E0,6.418029070E-1,1.033009768E0
7.342088080E0,1.107576013E0,6.386072040E-1,1.033009768E0
7.344580840E0,1.111836910E0,6.332810521E-1,1.036205411E0
7.347073653E0,1.120358825E0,6.322157979E-1,1.040466309E0
7.349566413E0,1.129945874E0,6.364767551E-1,1.043662071E0
7.352059174E0,1.140598297E0,6.418029070E-1,1.050053477E0
7.354551986E0,1.158707261E0,6.503247619E-1,1.052183867E0
7.357044746E0,1.178946614E0,6.705641747E-1,1.053249121E0
7.359537507E0,1.202381730E0,6.886731386E-1,1.056444883E0
7.362030319E0,1.232208252E0,7.057169080E-1,1.059640527E0
7.364523080E0,1.260969639E0,7.184996605E-1,1.063901424E0
7.367015840E0,1.284404755E0,7.323477268E-1,1.066031933E0
7.369502351E0,1.308905125E0,7.430000305E-1,1.069227695E0
7.371995163E0,1.333405495E0,7.493914366E-1,1.073488593E0
7.374487924E0,1.360036254E0,7.557828426E-1,1.079879999E0
7.376980736E0,1.384536624E0,7.557828426E-1,1.088401794E0
7.379473496E0,1.406906486E0,7.525871396E-1,1.096923709E0
7.381966257E0,1.425015450E0,7.430000305E-1,1.104380369E0
7.384459069E0,1.445254922E0,7.312824726E-1,1.115032673E0
7.386951830E0,1.465494275E0,7.238258123E-1,1.122489333E0
7.389444590E0,1.483603239E0,7.227606177E-1,1.131011128E0
7.391937403E0,1.501712203E0,7.174344659E-1,1.141663551E0
7.394430163E0,1.513429761E0,7.142387629E-1,1.150185347E0
7.396922924E0,1.524082184E0,7.121082544E-1,1.157642007E0
7.399437819E0,1.530473590E0,7.099778056E-1,1.165098667E0
7.401930632E0,1.531538725E0,6.961297989E-1,1.170424819E0
7.404423392E0,1.529408336E0,6.769555807E-1,1.175750971E0
7.406916205E0,1.526212573E0,6.503247619E-1,1.183207631E0
7.409408965E0,1.516625524E0,6.183677912E-1,1.188533783E0
7.411901726E0,1.504907966E0,5.832150578E-1,1.191729426E0
7.414394538E0,1.493190408E0,5.501928329E-1,1.198120832E0
7.416887299E0,1.475081444E0,5.182358623E-1,1.200251341E0
7.419380059E0,1.455907226E0,4.841484129E-1,1.201316595E0
7.421872871E0,1.435667753E0,4.543218911E-1,1.200251341E0
7.424365632E0,1.416493654E0,4.287562966E-1,1.193859935E0
7.426858392E0,1.395188928E0,3.957340717E-1,1.182142377E0
7.429347611E0,1.378145218E0,3.648423254E-1,1.166163802E0
7.431840424E0,1.360036254E0,3.296896219E-1,1.149120092E0
7.434333184E0,1.341927290E0,2.966673970E-1,1.127815485E0
7.436825996E0,1.327014089E0,2.625799477E-1,1.102249861E0
7.439318757E0,1.311035514E0,2.274272442E-1,1.074553847E0
7.441811517E0,1.298252702E0,1.890788674E-1,1.048988223E0
7.444304330E0,1.282274246E0,1.496652365E-1,1.019161701E0
7.446797090E0,1.267361045E0,1.166430190E-1,9.935960770E-1
7.449289851E0,1.247121572E0,9.320788831E-2,9.712262154E-1
7.451782663E0,1.218360305E0,7.509893179E-2,9.520519972E-1
7.454275424E0,1.187468529E0,6.977276504E-2,9.286168814E-1
7.456768184E0,1.151250601E0,7.403369248E-2,9.051817656E-1
7.459241049E0,1.112902164E0,9.640359133E-2,8.774856925E-1
7.461733809E0,1.066031933E0,1.411433816E-1,8.487244248E-1
7.464226569E0,1.009574652E0,1.976007223E-1,8.167673945E-1
7.466719382E0,9.456605911E-1,2.732322812E-1,7.869408727E-1
7.469212142E0,8.710942864E-1,3.637770712E-1,7.549839020E-1
7.471704903E0,7.826799750E-1,4.734960794E-1,7.262226343E-1
7.474197715E0,6.878741980E-1,5.981283188E-1,6.953308582E-1
7.476690476E0,5.920032263E-1,7.312824726E-1,6.655043364E-1
7.479183236E0,4.940018058E-1,8.633713722E-1,6.324821115E-1
7.481676049E0,3.981308341E-1,9.848079085E-1,5.951989293E-1
7.484168809E0,3.086512685E-1,1.091331244E0,5.515244007E-1
7.486661569E0,2.276935577E-1,1.192528367E0,4.971975088E-1
7.489147819E0,1.392792165E-1,1.280942678E0,4.386096895E-1
7.491640580E0,4.979964346E-2,1.361900449E0,3.661738634E-1
7.494133340E0,-4.820179567E-2,1.450314760E0,2.852161527E-1
7.496626153E0,-1.547250897E-1,1.535533428E0,1.989322603E-1
7.499118913E0,-2.697702646E-1,1.601577878E0,1.062569916E-1
7.501611674E0,-3.890763521E-1,1.643121958E0,1.038602181E-2
7.504104486E0,-5.169043541E-1,1.644187212E0,-8.548495173E-2
7.506597246E0,-6.457974911E-1,1.598382115E0,-1.834863871E-1
7.509090007E0,-7.714950442E-1,1.509967804E0,-2.782921195E-1
7.511582819E0,-8.939968348E-1,1.381074667E0,-3.709673882E-1
7.514075580E0,-1.014368176E0,1.221289635E0,-4.551208019E-1
7.516568340E0,-1.131543756E0,1.046591401E0,-5.371437669E-1
7.519090215E0,-1.241262794E0,8.782846332E-1,-6.191666722E-1
7.521583028E0,-1.343525171E0,7.174344659E-1,-7.001243830E-1
7.524075788E0,-1.442591786E0,5.672366023E-1,-7.768211961E-1
7.526568601E0,-1.529940963E0,4.383433759E-1,-8.577789068E-1
7.529061361E0,-1.603441954E0,3.243634701E-1,-9.366061091E-1
7.531554121E0,-1.674812675E0,2.295577228E-1,-1.017563820E0
7.534046882E0,-1.739791870E0,1.517957002E-1,-1.101717234E0
7.536539694E0,-1.800510168E0,7.722939551E-2,-1.186935902E0
7.539032455E0,-1.858032703E0,1.864157803E-2,-1.275350213E0
7.541525267E0,-1.913424850E0,-2.716344222E-2,-1.370155931E0
7.544018028E0,-1.966686487E0,-6.444659829E-2,-1.468157411E0
7.546510788E0,-2.017817736E0,-8.575125784E-2,-1.569354534E0
7.549000944E0,-2.073209763E0,-1.006645188E-1,-1.674812675E0
7.551493757E0,-2.124341011E0,-1.059906855E-1,-1.780270696E0
7.553986517E0,-2.174407005E0,-1.102516204E-1,-1.887859225E0
7.556479330E0,-2.227668524E0,-1.059906855E-1,-1.993317246E0
7.558972090E0,-2.280930281E0,-9.746882319E-2,-2.097710133E0
7.561464851E0,-2.328865767E0,-8.042509109E-2,-2.204233408E0
7.563957663E0,-2.371474981E0,-4.527240247E-2,-2.306495905E0
7.566450424E0,-2.406627655E0,7.989247330E-3,-2.408758163E0
7.568943184E0,-2.437519550E0,7.616416365E-2,-2.499302864E0
7.571435996E0,-2.456693649E0,1.603175700E-1,-2.579195499E0
7.573928757E0,-2.466280699E0,2.519276142E-1,-2.654827118E0
7.576421517E0,-2.466280699E0,3.520595133E-1,-2.723001957E0
7.578918653E0,-2.451367378E0,4.532566369E-1,-2.779459238E0
7.581411465E0,-2.431128025E0,5.512580872E-1,-2.827394724E0
7.583904226E0,-2.406627655E0,6.524552107E-1,-2.873199701E0
7.586397038E0,-2.373605490E0,7.536523938E-1,-2.911548138E0
7.588889799E0,-2.341648579E0,8.505885601E-1,-2.942440033E0
7.591382559E0,-2.310756683E0,9.379376769E-1,-2.969070673E0
7.593875371E0,-2.276669264E0,1.015699744E0,-2.993571043E0
7.596368132E0,-2.242581844E0,1.082809329E0,-3.004223347E0
7.598860892E0,-2.206363916E0,1.136070967E0,-3.008484364E0
7.601353653E0,-2.161624193E0,1.176549911E0,-3.013810635E0
7.603846465E0,-2.119014740E0,1.195724010E0,-3.010614872E0
7.606339226E0,-2.068948746E0,1.197854519E0,-3.002093077E0
7.608835059E0,-2.019948006E0,1.184006453E0,-2.991440535E0
7.611327871E0,-1.977338791E0,1.148853779E0,-2.976527452E0
7.613820632E0,-1.945381761E0,1.092396498E0,-2.962679386E0
7.616313444E0,-1.920881510E0,1.013569236E0,-2.939244270E0
7.618806205E0,-1.904902935E0,9.038501978E-1,-2.917939663E0
7.621298965E0,-1.897446275E0,7.643046975E-1,-2.896634817E0
7.623791778E0,-1.898511529E0,5.938674212E-1,-2.878525972E0
7.626284538E0,-1.900642037E0,3.989297748E-1,-2.859351635E0
7.628777299E0,-1.902772546E0,1.848179251E-1,-2.833786249E0
7.631270111E0,-1.902772546E0,-4.314193875E-2,-2.805024862E0
7.633762871E0,-1.899576783E0,-2.732322812E-1,-2.772002697E0
7.636255632E0,-1.876141667E0,-5.342143774E-1,-2.723001957E0
7.638738965E0,-1.790922999E0,-9.219591618E-1,-2.652696609E0
7.641231778E0,-1.581072092E0,-1.546185732E0,-2.544042826E0
7.643724538E0,-1.364829779E0,-1.785863161E0,-2.406627655E0
7.646217351E0,-1.258306503E0,-7.238258123E-1,-2.313952446E0
7.648710111E0,-1.244458437E0,1.507304758E-1,-2.303300142E0
7.651202871E0,-1.305176735E0,6.125089899E-2,-2.326735258E0
7.653695684E0,-1.437265635E0,-3.190372884E-1,-2.379996777E0
7.656188444E0,-1.593854904E0,-8.207620382E-1,-2.442845583E0
7.658681205E0,-1.754705071E0,-1.388531208E0,-2.482259274E0
7.661174017E0,-1.913424850E0,-1.907299757E0,-2.511020660E0
7.663666778E0,-2.046578884E0,-2.291848898E0,-2.529129505E0
7.666159538E0,-2.127536774E0,-2.552830935E0,-2.513150930E0
7.668650788E0,-2.164819717E0,-2.710485458E0,-2.483324528E0
7.671143549E0,-2.169080734E0,-2.807421684E0,-2.442845583E0
7.673636361E0,-2.156297922E0,-2.856422424E0,-2.400236368E0
7.676129174E0,-2.139254332E0,-2.867074728E0,-2.355496407E0
7.678621934E0,-2.117949486E0,-2.859617949E0,-2.323539495E0
7.681114746E0,-2.098775387E0,-2.834052563E0,-2.301169634E0
7.683607559E0,-2.089188337E0,-2.782921314E0,-2.290517330E0
7.686100319E0,-2.079601288E0,-2.698767900E0,-2.283060789E0
7.688593132E0,-2.077470779E0,-2.578396559E0,-2.278799772E0
7.691085944E0,-2.080666304E0,-2.402633190E0,-2.275604010E0
7.693578705E0,-2.089188337E0,-2.174673319E0,-2.273473501E0
7.696071517E0,-2.100905895E0,-1.901973605E0,-2.267082214E0
7.698564017E0,-2.110492945E0,-1.606904030E0,-2.259625435E0
7.701056778E0,-2.115818977E0,-1.309703946E0,-2.252168894E0
7.703549590E0,-2.113688707E0,-1.024221539E0,-2.245777607E0
7.706042403E0,-2.109427691E0,-7.802832127E-1,-2.250038385E0
7.708535163E0,-2.106231928E0,-5.959978700E-1,-2.256429911E0
7.711027976E0,-2.093449116E0,-4.820179343E-1,-2.260690689E0
7.713520788E0,-2.077470779E0,-4.266258180E-1,-2.263886452E0
7.716013549E0,-2.072144508E0,-4.479304850E-1,-2.272408247E0
7.718506361E0,-2.094514370E0,-5.469971299E-1,-2.287321568E0
7.720999174E0,-2.110492945E0,-6.535204649E-1,-2.292647839E0
7.723491934E0,-2.109427691E0,-7.259563208E-1,-2.288386822E0
7.725984746E0,-2.103036404E0,-8.111749291E-1,-2.290517330E0
7.728476257E0,-2.116884232E0,-9.943950176E-1,-2.306495905E0
7.730969017E0,-2.179733038E0,-1.353378534E0,-2.330996275E0
7.733461830E0,-2.290517330E0,-1.876407981E0,-2.349105120E0
7.735954642E0,-2.413019180E0,-2.410089731E0,-2.344844103E0
7.738447403E0,-2.507824898E0,-2.839378595E0,-2.315017700E0
7.740940215E0,-2.559089184E0,-3.099295378E0,-2.273473501E0
7.743433028E0,-2.555893421E0,-3.180253267E0,-2.221277237E0
7.745925788E0,-2.505694389E0,-3.122730494E0,-2.165884972E0
7.748418601E0,-2.432193279E0,-2.984250307E0,-2.117949486E0
7.750911413E0,-2.346974611E0,-2.834052563E0,-2.074275017E0
7.753404174E0,-2.266016960E0,-2.721137762E0,-2.041252851E0
7.755896986E0,-2.196776867E0,-2.646571398E0,-2.013556719E0
7.758386674E0,-2.140319347E0,-2.591179371E0,-1.984795451E0
7.760879434E0,-2.091318846E0,-2.538982868E0,-1.949642777E0
7.763372246E0,-2.041252851E0,-2.493177891E0,-1.907033443E0
7.765865059E0,-1.993317246E0,-2.434590101E0,-1.855902195E0
7.768357819E0,-1.937925220E0,-2.361088991E0,-1.803705812E0
7.770850632E0,-1.871880770E0,-2.282261848E0,-1.750444174E0
7.773343444E0,-1.807966709E0,-2.214086771E0,-1.702508688E0
7.775836205E0,-1.742987514E0,-2.176803589E0,-1.659899354E0
7.778329017E0,-1.682269216E0,-2.164020777E0,-1.609833360E0
7.780821830E0,-1.617290020E0,-2.166151285E0,-1.549115181E0
7.783314590E0,-1.559767485E0,-2.173608065E0,-1.486266375E0
7.785807403E0,-1.491592526E0,-2.188521147E0,-1.420221925E0
7.788303601E0,-1.426613331E0,-2.206630230E0,-1.349916577E0
7.790796361E0,-1.352046967E0,-2.222608805E0,-1.282806873E0
7.793289174E0,-1.284937382E0,-2.242848158E0,-1.215697169E0
7.795781986E0,-1.211436272E0,-2.253500462E0,-1.151783228E0
7.798274746E0,-1.135804653E0,-2.263087511E0,-1.083608270E0
7.800767559E0,-1.066564560E0,-2.280131340E0,-1.019694328E0
7.803260371E0,-9.962592125E-1,-2.304631710E0,-9.493889213E-1
7.805753132E0,-9.238233566E-1,-2.320610046E0,-8.705616593E-1
7.808245944E0,-8.535179496E-1,-2.338719130E0,-7.885387540E-1
7.810738705E0,-7.853430510E-1,-2.350436687E0,-7.161028981E-1
7.813231517E0,-7.214290500E-1,-2.368545532E0,-6.457974911E-1
7.815724330E0,-6.628412604E-1,-2.387719870E0,-5.733616948E-1
7.818215319E0,-6.106448174E-1,-2.403698206E0,-5.030562878E-1
7.820708080E0,-5.584484339E-1,-2.414350748E0,-4.348813891E-1
7.823200892E0,-5.147738457E-1,-2.430329084E0,-3.677717149E-1
7.825693705E0,-4.679036140E-1,-2.442046642E0,-3.091838956E-1
7.828186465E0,-4.242290556E-1,-2.454829454E0,-2.442046702E-1
7.830679278E0,-3.762935698E-1,-2.471873283E0,-1.888125539E-1
7.833172090E0,-3.262276053E-1,-2.488916874E0,-1.355509013E-1
7.835664851E0,-2.761616707E-1,-2.509156466E0,-8.122401685E-2
7.838157663E0,-2.207695395E-1,-2.534722090E0,-3.222329915E-2
7.840650476E0,-1.611164957E-1,-2.558157206E0,1.251648832E-2
7.843143236E0,-9.400681406E-2,-2.575200796E0,5.299534276E-2
7.845636049E0,-2.157096937E-2,-2.578396559E0,9.347419441E-2
7.848123861E0,5.832150951E-2,-2.567744255E0,1.264964193E-1
7.850616621E0,1.414096802E-1,-2.540048122E0,1.584534049E-1
7.853109434E0,2.255630940E-1,-2.489982128E0,1.861494780E-1
7.855602246E0,3.139774203E-1,-2.423937798E0,2.149107605E-1
7.858095007E0,4.013265371E-1,-2.342980146E0,2.404763550E-1
7.860587819E0,4.918713570E-1,-2.248174191E0,2.596505582E-1
7.863080632E0,5.845466256E-1,-2.143781424E0,2.777595222E-1
7.865573392E0,6.793523431E-1,-2.022344828E0,2.969337106E-1
7.868066205E0,7.709624171E-1,-1.879603624E0,3.118469715E-1
7.870559017E0,8.615072370E-1,-1.717688203E0,3.288906813E-1
7.873051778E0,9.467258453E-1,-1.544055223E0,3.448691964E-1
7.875544590E0,1.029814005E0,-1.368291855E0,3.587172329E-1
7.878033549E0,1.104380369E0,-1.185071707E0,3.778914213E-1
7.880526309E0,1.175750971E0,-9.954602718E-1,3.928046823E-1
7.883019121E0,1.250317216E0,-7.983921766E-1,4.151745737E-1
7.885511934E0,1.320622683E0,-5.959978700E-1,4.332835376E-1
7.888004694E0,1.383471370E0,-3.914731443E-1,4.481967986E-1
7.890497507E0,1.449515820E0,-1.954702586E-1,4.652405083E-1
7.892990319E0,1.512364626E0,-6.924014539E-3,4.790885448E-1
7.895483080E0,1.575213313E0,1.741656065E-1,4.971975088E-1
7.897975892E0,1.636996865E0,3.509942889E-1,5.110455155E-1
7.900468705E0,1.695584655E0,5.182358623E-1,5.259587765E-1
7.902961465E0,1.746715903E0,6.694989800E-1,5.387415886E-1
7.905454278E0,1.791455626E0,8.079792261E-1,5.515244007E-1
7.907943444E0,1.815955997E0,9.358072281E-1,5.632419586E-1
7.910436205E0,1.817021251E0,1.051917553E0,5.760247707E-1
7.912929017E0,1.794651389E0,1.146723390E0,5.941337347E-1
7.915421830E0,1.754172444E0,1.228746295E0,6.186341047E-1
7.917914590E0,1.706236959E0,1.301182151E0,6.452649236E-1
7.920407403E0,1.662562490E0,1.359769940E0,6.569824815E-1
7.922900215E0,1.618887901E0,1.414096832E0,6.537867785E-1
7.925392976E0,1.550712943E0,1.479076028E0,6.314168572E-1
7.927885788E0,1.426080704E0,1.539794326E0,5.888075829E-1
7.930378601E0,1.244991064E0,1.586664557E0,5.493939519E-1
7.932871361E0,1.040466309E0,1.585599303E0,5.280892849E-1
7.935364174E0,8.785509467E-1,1.496119738E0,5.174369216E-1
7.937853861E0,8.157021999E-1,1.300116897E0,5.195674300E-1
7.940346621E0,8.412677646E-1,1.006112576E0,5.398068428E-1
7.942839434E0,8.881380558E-1,6.918688416E-1,5.824161768E-1
7.945332246E0,9.200950265E-1,4.415390790E-1,6.367430687E-1
7.947825007E0,9.222254753E-1,3.179720640E-1,6.804175973E-1
7.950317819E0,9.019860625E-1,3.467333615E-1,7.038527131E-1
7.952810632E0,8.678985834E-1,4.926702678E-1,7.123745680E-1
7.955303392E0,8.210283518E-1,6.726946831E-1,6.985265613E-1
7.957796205E0,7.890713811E-1,8.250229955E-1,6.804175973E-1
7.960289017E0,7.965279818E-1,8.995893002E-1,6.527215242E-1
7.962781778E0,8.593767285E-1,8.836107850E-1,6.037208438E-1
7.965274590E0,9.776176214E-1,8.101097345E-1,5.493939519E-1
7.967770788E0,1.150185347E0,7.547175884E-1,4.886756539E-1
7.970263549E0,1.344057798E0,7.824136615E-1,4.268921316E-1
7.972756361E0,1.526212573E0,9.230244160E-1,3.555215299E-1
7.975249174E0,1.668953896E0,1.168027997E0,2.703028917E-1
7.977741934E0,1.769085765E0,1.474815130E0,1.680405140E-1
7.980234746E0,1.855369568E0,1.816754937E0,7.856093347E-2
7.982727559E0,1.943783998E0,2.125805616E0,2.316881903E-2
7.985220319E0,2.032198191E0,2.335656643E0,8.255556226E-3
7.987713132E0,2.106764555E0,2.414483786E0,3.701684624E-2
7.990205944E0,2.148308754E0,2.375070095E0,9.560466558E-2
7.992698705E0,2.140851974E0,2.262155533E0,1.648448110E-1
7.995191517E0,2.080133677E0,2.099174738E0,2.447372824E-1
7.997687455E0,1.978936672E0,1.893584847E0,3.320863843E-1
8.000180215E0,1.858565331E0,1.650578618E0,4.279573560E-1
8.002673028E0,1.738193989E0,1.399183631E0,5.312849879E-1
8.005165840E0,1.628474951E0,1.157375693E0,6.239602566E-1
8.007658601E0,1.526212573E0,9.592423439E-1,7.155702710E-1
8.010151413E0,1.440994024E0,8.378057480E-1,7.901365757E-1
8.012644226E0,1.391993284E0,8.026530743E-1,8.391373158E-1
8.015136986E0,1.376014709E0,8.601756692E-1,8.647028804E-1
8.017629799E0,1.396254182E0,9.826774597E-1,8.700290918E-1
8.020122611E0,1.435667753E0,1.135005832E0,8.604419827E-1
8.022615371E0,1.474016190E0,1.288399339E0,8.423330188E-1
8.025108184E0,1.500647068E0,1.422618747E0,8.146369457E-1
8.027601778E0,1.502777457E0,1.527011514E0,7.784190178E-1
8.030094538E0,1.487864256E0,1.593055964E0,7.390053868E-1
8.032587351E0,1.456972480E0,1.605838776E0,7.177007794E-1
8.035080163E0,1.422885060E0,1.569620848E0,7.230269313E-1
8.037572924E0,1.387732267E0,1.491858840E0,7.379401922E-1
8.040065736E0,1.361101508E0,1.421553493E0,7.400706410E-1
8.042558549E0,1.346188188E0,1.360835195E0,7.432663441E-1
8.045051309E0,1.335535884E0,1.293725491E0,7.315487862E-1
8.047544121E0,1.325948834E0,1.210637331E0,7.283530831E-1
8.050036934E0,1.305709362E0,1.116896868E0,7.336792350E-1
8.052529694E0,1.280143738E0,1.030612946E0,7.443315983E-1
8.055022507E0,1.244991064E0,9.517856836E-1,7.656362653E-1
8.057514017E0,1.198120832E0,8.846760392E-1,7.933322787E-1
8.060006778E0,1.142728686E0,8.271534443E-1,8.231588006E-1
8.062499590E0,1.088401794E0,7.951964736E-1,8.561810255E-1
8.064992403E0,1.040466309E0,7.856093645E-1,8.806813955E-1
8.067485163E0,9.999874830E-1,7.994573712E-1,8.913337588E-1
8.069977976E0,9.754871130E-1,8.314144015E-1,8.710942864E-1
8.072470788E0,9.595086575E-1,8.655018210E-1,7.901365757E-1
8.074963549E0,9.051817656E-1,7.866745591E-1,4.886756539E-1
8.077456361E0,7.773538232E-1,4.948007464E-1,-3.070534170E-1
8.079949174E0,7.880061269E-1,6.023892760E-1,-5.914706588E-1
8.082441934E0,9.722914696E-1,1.159506202E0,5.299534276E-2
8.084934746E0,1.117163181E0,1.508902550E0,8.412677646E-1
8.087422090E0,1.167229056E0,1.508902550E0,1.451646328E0
8.089914851E0,1.162968159E0,1.328878164E0,1.812760353E0
8.092407663E0,1.129945874E0,1.096657395E0,1.961892962E0
8.094900476E0,1.088401794E0,8.686975241E-1,1.964023352E0
8.097393236E0,1.042596817E0,6.897383928E-1,1.877739549E0
8.099886049E0,9.999874830E-1,5.810846090E-1,1.750976801E0
8.102378861E0,9.669652581E-1,5.438014865E-1,1.609300733E0
8.104871621E0,9.509868026E-1,5.651060939E-1,1.484668493E0
8.107364434E0,9.424648881E-1,6.141068339E-1,1.383471370E0
8.109857246E0,9.435301423E-1,6.758903265E-1,1.307839870E0
8.112350007E0,9.520519972E-1,7.334129214E-1,1.253512979E0
8.114842819E0,9.627043605E-1,7.845441103E-1,1.219425559E0
8.117339278E0,9.712262154E-1,8.196967840E-1,1.191729426E0
8.119832038E0,9.861394763E-1,8.473928571E-1,1.167229056E0
8.122324851E0,9.957265854E-1,8.729584813E-1,1.149120092E0
8.124817663E0,1.007444143E0,9.059807062E-1,1.136337280E0
8.127310424E0,1.017031193E0,9.443290830E-1,1.125684977E0
8.129803236E0,1.024487853E0,9.794817567E-1,1.121424079E0
8.132296049E0,1.027683616E0,1.009308338E0,1.123554587E0
8.134788809E0,1.026618361E0,1.033808708E0,1.131011128E0
8.137281621E0,1.027683616E0,1.051917553E0,1.143793941E0
8.139774434E0,1.026618361E0,1.062569976E0,1.160837650E0
8.142267194E0,1.025553107E0,1.066830873E0,1.177881360E0
8.144760007E0,1.028748751E0,1.065765619E0,1.201316595E0
8.147255684E0,1.027683616E0,1.054048061E0,1.218360305E0
8.149748444E0,1.028748751E0,1.029547691E0,1.224751711E0
8.152241257E0,1.026618361E0,1.006112576E0,1.230077863E0
8.154734069E0,1.035140157E0,9.752208591E-1,1.229012609E0
8.157226830E0,1.043662071E0,9.421986341E-1,1.227947354E0
8.159719642E0,1.054314375E0,9.081111550E-1,1.230077863E0
8.162212455E0,1.061771035E0,8.761541843E-1,1.233273506E0
8.164705215E0,1.073488593E0,8.452624083E-1,1.237534523E0
8.167198028E0,1.082010388E0,8.303491473E-1,1.243925810E0
8.169690840E0,1.085206151E0,8.292838931E-1,1.249252081E0
8.172183601E0,1.083075643E0,8.239577413E-1,1.249252081E0
8.174676413E0,1.077749491E0,8.058487773E-1,1.249252081E0
8.177167663E0,1.073488593E0,7.696308494E-1,1.248186827E0
8.179660424E0,1.070292830E0,7.216953635E-1,1.252447724E0
8.182153184E0,1.071358085E0,6.769555807E-1,1.262034774E0
8.184645996E0,1.071358085E0,6.375419497E-1,1.272687197E0
8.187138757E0,1.078814745E0,5.981283188E-1,1.280143738E0
8.189631569E0,1.080945253E0,5.544537902E-1,1.284404755E0
8.192124330E0,1.083075643E0,5.139749050E-1,1.285470009E0
8.194617142E0,1.088401794E0,4.724308550E-1,1.287600398E0
8.197109903E0,1.089467049E0,4.394086301E-1,1.289730906E0
8.199602663E0,1.089467049E0,4.138430357E-1,1.285470009E0
8.202095476E0,1.094793200E0,3.989297748E-1,1.282274246E0
8.204588236E0,1.095858455E0,3.957340717E-1,1.279078603E0
8.207073392E0,1.096923709E0,4.042559266E-1,1.281208992E0
8.209566153E0,1.093728065E0,4.085168540E-1,1.287600398E0
8.212058913E0,1.092662811E0,4.106473327E-1,1.289730906E0
8.214551726E0,1.091597557E0,4.010602236E-1,1.290796161E0
8.217044486E0,1.088401794E0,3.786903322E-1,1.297187567E0
8.219537299E0,1.090532303E0,3.477985859E-1,1.297187567E0
8.222030059E0,1.097988963E0,3.073197305E-1,1.298252702E0
8.224522871E0,1.110771775E0,2.657756507E-1,1.292926550E0
8.227015632E0,1.125684977E0,2.274272442E-1,1.282274246E0
8.229508392E0,1.146989703E0,1.976007223E-1,1.272687197E0
8.232001205E0,1.169359565E0,1.784265339E-1,1.264165282E0
8.234493965E0,1.194925189E0,1.709699035E-1,1.251382470E0
8.237006726E0,1.221555948E0,1.837527007E-1,1.239664912E0
8.239499486E0,1.246056318E0,2.157096863E-1,1.232208252E0
8.241992246E0,1.265230536E0,2.593842447E-1,1.220490694E0
8.244485059E0,1.280143738E0,3.019935489E-1,1.210903645E0
8.246977819E0,1.297187567E0,3.520595133E-1,1.198120832E0
8.249470632E0,1.313166022E0,4.042559266E-1,1.187468529E0
8.251963392E0,1.334470630E0,4.553871155E-1,1.173620462E0
8.254456205E0,1.356840611E0,5.043878555E-1,1.159772396E0
8.256948965E0,1.382406116E0,5.459319353E-1,1.142728686E0
8.259441726E0,1.415428400E0,5.800193548E-1,1.126750231E0
8.261934538E0,1.455907226E0,6.141068339E-1,1.110771775E0
8.264427299E0,1.495320916E0,6.460638046E-1,1.091597557E0
8.266897351E0,1.535799742E0,6.694989800E-1,1.080945253E0
8.269390111E0,1.578409076E0,6.961297989E-1,1.070292830E0
8.271882871E0,1.616757393E0,7.206301689E-1,1.064966679E0
8.274375684E0,1.650844932E0,7.461957335E-1,1.064966679E0
8.276868444E0,1.682801843E0,7.685656548E-1,1.069227695E0
8.279361257E0,1.710497975E0,7.824136615E-1,1.073488593E0
8.281854017E0,1.733933091E0,7.856093645E-1,1.082010388E0
8.284346830E0,1.755237699E0,7.749570012E-1,1.091597557E0
8.286839590E0,1.771216154E0,7.525871396E-1,1.109706521E0
8.289332351E0,1.778672814E0,7.227606177E-1,1.122489333E0
8.291825163E0,1.787194729E0,6.822817326E-1,1.137402534E0
8.294317924E0,1.794651389E0,6.439333558E-1,1.156576753E0
8.296808809E0,1.797847033E0,6.109111309E-1,1.175750971E0
8.299301569E0,1.802107930E0,5.757584572E-1,1.191729426E0
8.301794330E0,1.801042676E0,5.438014865E-1,1.208773136E0
8.304287142E0,1.796781778E0,5.193011165E-1,1.225816846E0
8.306779903E0,1.795716524E0,5.022573471E-1,1.242860675E0
8.309272715E0,1.791455626E0,4.852136374E-1,1.251382470E0
8.311765476E0,1.786129475E0,4.628437459E-1,1.262034774E0
8.314258288E0,1.779738069E0,4.458000064E-1,1.266295791E0
8.316751049E0,1.768020511E0,4.308867455E-1,1.265230536E0
8.319243809E0,1.749911547E0,4.212996662E-1,1.265230536E0
8.321736621E0,1.727541685E0,4.138430357E-1,1.257773876E0
8.324229382E0,1.697715163E0,4.021254778E-1,1.250317216E0
8.326724955E0,1.666823387E0,3.850817382E-1,1.237534523E0
8.329217715E0,1.633801103E0,3.722989559E-1,1.225816846E0
8.331710476E0,1.598648429E0,3.605813682E-1,1.216229796E0
8.334203288E0,1.560300112E0,3.499290347E-1,1.204512239E0
8.336696049E0,1.523016930E0,3.403419554E-1,1.190664172E0
8.339188861E0,1.481472850E0,3.254286945E-1,1.175750971E0
8.341681621E0,1.439928770E0,3.147763610E-1,1.159772396E0
8.344174382E0,1.398384690E0,3.019935489E-1,1.139533043E0
8.346667194E0,1.352579594E0,2.860150635E-1,1.120358825E0
8.349159955E0,1.305709362E0,2.689713240E-1,1.101184607E0
8.351652767E0,1.262034774E0,2.551233172E-1,1.080945253E0
8.354145528E0,1.215164542E0,2.348838747E-1,1.060705781E0
8.356634851E0,1.170424819E0,2.125139832E-1,1.037270665E0
8.359127611E0,1.125684977E0,1.986659616E-1,1.013835549E0
8.361620371E0,1.074553847E0,1.858831644E-1,9.935960770E-1
8.364113184E0,1.026618361E0,1.826874614E-1,9.744219184E-1
8.366605944E0,9.765523672E-1,1.901440918E-1,9.477910995E-1
8.369098757E0,9.232907295E-1,2.071878165E-1,9.222254753E-1
8.371591517E0,8.710942864E-1,2.338186502E-1,8.923989534E-1
8.374084330E0,8.135717511E-1,2.732322812E-1,8.561810255E-1
8.376577090E0,7.549839020E-1,3.318201005E-1,8.178326488E-1
8.379069851E0,6.868090034E-1,4.063864052E-1,7.709624171E-1
8.381562611E0,6.165035963E-1,4.948007464E-1,7.177007794E-1
8.384078236E0,5.430025458E-1,5.981283188E-1,6.633738875E-1
8.386571049E0,4.673709869E-1,7.121082544E-1,6.037208438E-1
8.389063809E0,3.896089792E-1,8.314144015E-1,5.419372916E-1
8.391556569E0,3.150426745E-1,9.528509378E-1,4.822842479E-1
8.394049382E0,2.383458912E-1,1.066830873E0,4.151745737E-1
8.396542142E0,1.584534049E-1,1.165897489E0,3.523258269E-1
8.399034955E0,7.643046975E-2,1.245790005E0,2.830856740E-1
8.401527715E0,-1.837527007E-2,1.311834455E0,2.106498331E-1
8.404020528E0,-1.227681041E-1,1.371487498E0,1.414096802E-1
8.406513288E0,-2.324871123E-1,1.418357730E0,6.577813625E-2
8.409006101E0,-3.560541272E-1,1.448184252E0,-1.304910425E-2
8.411484851E0,-4.806863964E-1,1.472684622E0,-9.294158220E-2
8.413977611E0,-6.074491143E-1,1.482271791E0,-1.728340536E-1
8.416470371E0,-7.427337170E-1,1.460967064E0,-2.623136342E-1
8.418963184E0,-8.726921678E-1,1.416227341E0,-3.507279754E-1
8.421455944E0,-9.983896613E-1,1.339530468E0,-4.338161349E-1
8.423948757E0,-1.128348112E0,1.242594361E0,-5.254262090E-1
8.426441517E0,-1.254045606E0,1.137136221E0,-6.138405204E-1
8.428934330E0,-1.368025541E0,1.030612946E0,-6.990591884E-1
8.431427090E0,-1.473483562E0,9.230244160E-1,-7.853430510E-1
8.433919851E0,-1.568289280E0,8.218272924E-1,-8.684312105E-1
8.436412663E0,-1.651377439E0,7.248910666E-1,-9.461932182E-1
8.438905424E0,-1.717421889E0,6.364767551E-1,-1.025020480E0
8.441405424E0,-1.767487884E0,5.629756451E-1,-1.095325828E0
8.443898184E0,-1.805836320E0,4.916050434E-1,-1.163500786E0
8.446390944E0,-1.837793231E0,4.276910722E-1,-1.229545236E0
8.448883757E0,-1.861228347E0,3.765598834E-1,-1.292393923E0
8.451376517E0,-1.879337311E0,3.382114768E-1,-1.360568881E0
8.453869330E0,-1.885728717E0,3.115806580E-1,-1.423417687E0
8.456362090E0,-1.892120123E0,2.828193605E-1,-1.492657781E0
8.458854903E0,-1.893185377E0,2.572537661E-1,-1.568289280E0
8.461347663E0,-1.885728717E0,2.327534109E-1,-1.638594747E0
8.463840424E0,-1.876141667E0,2.093182951E-1,-1.709965348E0
8.466333236E0,-1.859097958E0,1.986659616E-1,-1.781335950E0
8.468825996E0,-1.842054248E0,1.826874614E-1,-1.852706552E0
8.471308028E0,-1.820749521E0,1.645784974E-1,-1.915555239E0
8.473800788E0,-1.798379660E0,1.454043090E-1,-1.974143147E0
8.476293549E0,-1.778140187E0,1.326215118E-1,-2.024209023E0
8.478786361E0,-1.764292240E0,1.315562725E-1,-2.070014000E0
8.481279121E0,-1.749378920E0,1.336867511E-1,-2.114753962E0
8.483771934E0,-1.737661362E0,1.368824393E-1,-2.154167414E0
8.486264694E0,-1.729139447E0,1.422086060E-1,-2.188254833E0
8.488757507E0,-1.728074312E0,1.496652365E-1,-2.219146729E0
8.491250267E0,-1.731269956E0,1.688394397E-1,-2.257495165E0
8.493743028E0,-1.734465718E0,1.880136281E-1,-2.295843363E0
8.496235840E0,-1.741922259E0,2.082530558E-1,-2.338452816E0
8.498728601E0,-1.749378920E0,2.370143533E-1,-2.381062031E0
8.501220163E0,-1.751509428E0,2.700365782E-1,-2.424736738E0
8.503712924E0,-1.754705071E0,3.073197305E-1,-2.470541716E0
8.506205684E0,-1.753639817E0,3.467333615E-1,-2.514216185E0
8.508698496E0,-1.753639817E0,3.872122169E-1,-2.551499367E0
8.511191257E0,-1.751509428E0,4.276910722E-1,-2.582391262E0
8.513684069E0,-1.751509428E0,4.671046734E-1,-2.607956648E0
8.516176830E0,-1.752574682E0,4.884093404E-1,-2.623935223E0
8.518669642E0,-1.753639817E0,4.830831885E-1,-2.629261494E0
8.521162403E0,-1.760031223E0,4.458000064E-1,-2.628196239E0
8.523655163E0,-1.774944544E0,3.701684773E-1,-2.617543936E0
8.526147976E0,-1.794118762E0,2.231663167E-1,-2.590913057E0
8.528640736E0,-1.817553878E0,-5.805519968E-2,-2.544042826E0
8.531135319E0,-1.839923739E0,-5.299534202E-1,-2.474802732E0
8.533628080E0,-1.863358855E0,-1.066830873E0,-2.384257793E0
8.536120840E0,-1.897446275E0,-1.404509783E0,-2.280930281E0
8.538613653E0,-1.901707292E0,-1.705970645E0,-2.132862806E0
8.541106413E0,-1.852706552E0,-2.339784384E0,-1.905968189E0
8.543599226E0,-1.811162472E0,-3.049229622E0,-1.671616912E0
8.546091986E0,-1.859097958E0,-3.219666719E0,-1.593854904E0
8.548584799E0,-1.953903675E0,-2.871335506E0,-1.689725876E0
8.551077559E0,-2.032730818E0,-2.387719870E0,-1.871880770E0
8.553570319E0,-2.055100918E0,-1.991453171E0,-2.044448376E0
8.556063132E0,-1.994382501E0,-1.913691163E0,-2.089188337E0
8.558555892E0,-1.840988994E0,-2.332327604E0,-1.929403305E0
8.561049746E0,-1.720617652E0,-2.721137762E0,-1.764292240E0
8.563542507E0,-1.714226246E0,-2.507025957E0,-1.855902195E0
8.566035267E0,-1.732335210E0,-2.015953541E0,-2.091318846E0
8.568528080E0,-1.725943804E0,-1.614360690E0,-2.299039125E0
8.571020840E0,-1.683334470E0,-1.406640172E0,-2.416214705E0
8.573513653E0,-1.625811934E0,-1.324617267E0,-2.448171854E0
8.576006413E0,-1.595985413E0,-1.239398599E0,-2.448171854E0
8.578499226E0,-1.594920158E0,-1.108374953E0,-2.441780329E0
8.580991986E0,-1.605572462E0,-9.752208591E-1,-2.423671484E0
8.583484746E0,-1.613029122E0,-8.931978941E-1,-2.387453556E0
8.585977559E0,-1.618355274E0,-8.772193789E-1,-2.342713833E0
8.588470319E0,-1.625811934E0,-9.123721123E-1,-2.294778347E0
8.590958705E0,-1.642855644E0,-9.464595318E-1,-2.259625435E0
8.593451465E0,-1.680138826E0,-9.443290830E-1,-2.239386082E0
8.595944226E0,-1.734465718E0,-9.283505678E-1,-2.219146729E0
8.598437038E0,-1.779205441E0,-9.283505678E-1,-2.193581104E0
8.600929799E0,-1.821814775E0,-9.603075981E-1,-2.159493685E0
8.603422611E0,-1.855902195E0,-1.006112576E0,-2.116884232E0
8.605915371E0,-1.882533073E0,-1.043395758E0,-2.071079254E0
8.608408184E0,-1.904902935E0,-1.067896128E0,-2.029535294E0
8.610900944E0,-1.926207662E0,-1.066830873E0,-1.989056349E0
8.613393705E0,-1.936859965E0,-1.040199995E0,-1.949642777E0
8.615886517E0,-1.944316626E0,-1.009308338E0,-1.911294341E0
8.618379278E0,-1.936859965E0,-9.624380469E-1,-1.882533073E0
8.620871882E0,-1.915555239E0,-8.857412338E-1,-1.852706552E0
8.623364642E0,-1.867619753E0,-7.398043275E-1,-1.818619132E0
8.625857403E0,-1.789857745E0,-5.214315653E-1,-1.785596848E0
8.628350215E0,-1.712095737E0,-3.914731443E-1,-1.760031223E0
8.630842976E0,-1.675877810E0,-5.075835586E-1,-1.745118022E0
8.633335788E0,-1.669486403E0,-7.760222554E-1,-1.740857124E0
8.635828549E0,-1.691856384E0,-1.037004352E0,-1.737661362E0
8.638321361E0,-1.723813295E0,-1.237268209E0,-1.739791870E0
8.640814121E0,-1.756835580E0,-1.409835935E0,-1.742987514E0
8.643306882E0,-1.790922999E0,-1.573881745E0,-1.751509428E0
8.645799694E0,-1.831401825E0,-1.736862421E0,-1.756835580E0
8.648292455E0,-1.868685007E0,-1.894516945E0,-1.763226986E0
8.650789955E0,-1.887859225E0,-2.009562016E0,-1.774944544E0
8.653282715E0,-1.883598328E0,-2.061758518E0,-1.781335950E0
8.655775476E0,-1.869750261E0,-2.073476076E0,-1.788792610E0
8.658268288E0,-1.856967449E0,-2.061758518E0,-1.805836320E0
8.660761049E0,-1.848445654E0,-2.039388657E0,-1.827140927E0
8.663253861E0,-1.845249891E0,-2.014888287E0,-1.843119383E0
8.665746621E0,-1.850576043E0,-1.992518425E0,-1.853771806E0
8.668239434E0,-1.862293601E0,-1.973344207E0,-1.860163212E0
8.670732194E0,-1.870815516E0,-1.945648074E0,-1.861228347E0
8.673224955E0,-1.870815516E0,-1.896647453E0,-1.852706552E0
8.675717767E0,-1.869750261E0,-1.842320561E0,-1.840988994E0
8.678210528E0,-1.868685007E0,-1.801841617E0,-1.826075673E0
8.680698653E0,-1.875076413E0,-1.786928415E0,-1.812227726E0
8.683191413E0,-1.888924479E0,-1.810363531E0,-1.801575303E0
8.685684174E0,-1.912359595E0,-1.877473235E0,-1.787727356E0
8.688176986E0,-1.931533813E0,-1.960561395E0,-1.767487884E0
8.690669746E0,-1.936859965E0,-2.035127640E0,-1.737661362E0
8.693162559E0,-1.930468559E0,-2.077737093E0,-1.697182536E0
8.695655319E0,-1.913424850E0,-2.088389397E0,-1.649247050E0
8.698148132E0,-1.882533073E0,-2.062823772E0,-1.600246310E0
8.700640892E0,-1.842054248E0,-2.022344828E0,-1.549115181E0
8.703133653E0,-1.810097218E0,-1.998909712E0,-1.496918678E0
8.705626465E0,-1.769618392E0,-1.995714068E0,-1.445787549E0
8.708119226E0,-1.724878550E0,-1.990387917E0,-1.390395403E0
8.710610892E0,-1.679073572E0,-1.993583560E0,-1.336068511E0
8.713103653E0,-1.624746680E0,-2.007431746E0,-1.278545976E0
8.715596413E0,-1.571485043E0,-2.037258148E0,-1.222088575E0
8.718089226E0,-1.519288659E0,-2.073476076E0,-1.160305023E0
8.720581986E0,-1.463896513E0,-2.113955021E0,-1.098521590E0
8.723074799E0,-1.402112961E0,-2.157629490E0,-1.027150989E0
8.725567559E0,-1.340329409E0,-2.204499722E0,-9.589760303E-1
8.728060371E0,-1.277480721E0,-2.246043921E0,-8.982577324E-1
8.730553132E0,-1.213566780E0,-2.276935577E0,-8.386046886E-1
8.733045892E0,-1.143261313E0,-2.292914152E0,-7.757559419E-1
8.735538705E0,-1.076151609E0,-2.296109676E0,-7.192986012E-1
8.738031465E0,-1.009042025E0,-2.290783644E0,-6.628412604E-1
8.740526101E0,-9.408670664E-1,-2.273739815E0,-6.042534113E-1
8.743018861E0,-8.758878708E-1,-2.254565716E0,-5.541874766E-1
8.745511621E0,-8.130391240E-1,-2.234326363E0,-5.073172450E-1
8.748004434E0,-7.469946742E-1,-2.213021517E0,-4.593817294E-1
8.750497194E0,-6.862763762E-1,-2.193847418E0,-4.210333526E-1
8.752990007E0,-6.319494843E-1,-2.170412302E0,-3.784240186E-1
8.755482767E0,-5.765573978E-1,-2.142716169E0,-3.358147144E-1
8.757975580E0,-5.190348029E-1,-2.119281054E0,-2.900096774E-1
8.760468340E0,-4.604469836E-1,-2.106498241E0,-2.516613007E-1
8.762961101E0,-4.050548673E-1,-2.093715429E0,-2.101172209E-1
8.765453913E0,-3.464670479E-1,-2.083063126E0,-1.675078869E-1
8.767946674E0,-2.793573737E-1,-2.061758518E0,-1.259638071E-1
8.770435267E0,-2.079867423E-1,-2.045779943E0,-8.015878499E-2
8.772928028E0,-1.376813650E-1,-2.025540590E0,-4.074516147E-2
8.775420788E0,-6.311506033E-2,-1.997844577E0,-1.331541222E-3
8.777913601E0,1.677742042E-2,-1.965887547E0,3.595161438E-2
8.780406361E0,9.986559302E-2,-1.932865381E0,7.216953486E-2
8.782899174E0,1.893451661E-1,-1.897712588E0,1.094526947E-1
8.785391934E0,2.798899710E-1,-1.863625169E0,1.467358470E-1
8.787884746E0,3.704347908E-1,-1.816754937E0,1.840189993E-1
8.790377507E0,4.641752839E-1,-1.762428045E0,2.213021666E-1
8.792870267E0,5.557853580E-1,-1.708101153E0,2.575200796E-1
8.795363080E0,6.463301182E-1,-1.653774261E0,2.862813771E-1
8.797855840E0,7.358096838E-1,-1.595186472E0,3.129121959E-1
8.800347299E0,8.220936060E-1,-1.531272531E0,3.395430148E-1
8.802840059E0,9.126383662E-1,-1.465228081E0,3.619129062E-1
8.805332819E0,9.989222884E-1,-1.403444529E0,3.800218701E-1
8.807825632E0,1.083075643E0,-1.334204316E0,3.981308341E-1
8.810318392E0,1.165098667E0,-1.268159866E0,4.119788706E-1
8.812811205E0,1.246056318E0,-1.199985027E0,4.258269072E-1
8.815303965E0,1.325948834E0,-1.125418663E0,4.375444651E-1
8.817796778E0,1.400515079E0,-1.031678200E0,4.428706169E-1
8.820289538E0,1.466559529E0,-9.315462708E-1,4.535229504E-1
8.822782299E0,1.527277827E0,-8.335448503E-1,4.588491321E-1
8.825275111E0,1.577343822E0,-7.238258123E-1,4.631100595E-1
8.827767871E0,1.622083545E0,-5.970631242E-1,4.684362113E-1
8.830260736E0,1.663627625E0,-4.639089704E-1,4.758928418E-1
8.832753496E0,1.703041315E0,-3.169068098E-1,4.844147265E-1
8.835246257E0,1.732867837E0,-1.581871063E-1,4.918713570E-1
8.837739069E0,1.768020511E0,1.225017942E-2,5.078498721E-1
8.840231830E0,1.796781778E0,1.858831644E-1,5.195674300E-1
8.842724642E0,1.815955997E0,3.616466224E-1,5.344806910E-1
8.845217403E0,1.825543046E0,5.256925225E-1,5.579158068E-1
8.847710215E0,1.821282148E0,6.822817326E-1,5.866770744E-1
8.850202976E0,1.796781778E0,8.292838931E-1,6.218297482E-1
8.852695736E0,1.757368207E0,9.688294530E-1,6.655043364E-1
8.855188549E0,1.712628365E0,1.105179310E0,7.155702710E-1
8.857681309E0,1.678540945E0,1.247920513E0,7.667014599E-1
8.860171153E0,1.662562490E0,1.398118377E0,8.157021999E-1
8.862663913E0,1.652975321E0,1.579208016E0,8.348763585E-1
8.865156674E0,1.633801103E0,1.810363531E0,8.242240548E-1
8.867649486E0,1.589061379E0,2.056565523E0,7.880061269E-1
8.870142246E0,1.504907966E0,2.263220787E0,7.358096838E-1
8.872635059E0,1.394123673E0,2.386787653E0,6.750914454E-1
8.875127819E0,1.307839870E0,2.382526875E0,6.186341047E-1
8.877620580E0,1.296122313E0,2.246176958E0,5.770899653E-1
8.880113392E0,1.364297152E0,1.989455819E0,5.632419586E-1
8.882606153E0,1.478277087E0,1.650578618E0,5.930684805E-1
8.885098965E0,1.600778937E0,1.327812910E0,6.505910754E-1
8.887591726E0,1.698780417E0,1.095592141E0,7.038527131E-1
8.890087559E0,1.770151019E0,9.943950176E-1,7.443315983E-1
8.892580319E0,1.815955997E0,1.021025896E0,7.645710111E-1
8.895073080E0,1.836195469E0,1.119027257E0,7.581796050E-1
8.897565788E0,1.831934452E0,1.176549911E0,7.336792350E-1
8.900058549E0,1.812760353E0,1.142462373E0,6.921351552E-1
8.902551309E0,1.803173184E0,1.026352048E0,6.346125603E-1
8.905044069E0,1.815955997E0,8.410014510E-1,5.632419586E-1
8.907536830E0,1.866021991E0,6.588466167E-1,4.940018058E-1
8.910029590E0,1.944849253E0,5.342143774E-1,4.247616827E-1
8.912522351E0,2.041785479E0,5.033226013E-1,3.587172329E-1
8.915015111E0,2.137656450E0,5.725627542E-1,2.948032320E-1
8.917507871E0,2.200505018E0,7.270215154E-1,2.298240215E-1
8.920002507E0,2.218614101E0,9.358072281E-1,1.659100503E-1
8.922495267E0,2.196244240E0,1.205311179E0,1.137136221E-1
8.924988028E0,2.153634787E0,1.523815870E0,7.536523789E-2
8.927480736E0,2.106764555E0,1.847779870E0,6.897383928E-2
8.929973496E0,2.056698561E0,2.130066633E0,8.921326697E-2
8.932466257E0,2.014089346E0,2.313286781E0,1.382139921E-1
8.934959017E0,1.970414758E0,2.384657383E0,2.063889056E-1
8.937451778E0,1.918218374E0,2.349504471E0,2.862813771E-1
8.939944538E0,1.850043416E0,2.230198383E0,3.789566457E-1
8.942437299E0,1.770151019E0,2.068283081E0,4.726971686E-1
8.944930059E0,1.690258503E0,1.886128187E0,5.653724074E-1
8.947422819E0,1.632735968E0,1.699579239E0,6.505910754E-1
8.949918809E0,1.599713683E0,1.521685362E0,7.262226343E-1
8.952411569E0,1.587996125E0,1.358704686E0,7.901365757E-1
8.954904330E0,1.599713683E0,1.218093991E0,8.391373158E-1
8.957397038E0,1.627409697E0,1.119027257E0,8.764204979E-1
8.959889799E0,1.676410437E0,1.056178570E0,8.923989534E-1
8.962382559E0,1.737128735E0,1.022091031E0,9.009208083E-1
8.964875319E0,1.804238439E0,1.019960642E0,9.019860625E-1
8.967368080E0,1.868152380E0,1.044461012E0,9.030513167E-1
8.969860840E0,1.922479272E0,1.079613686E0,9.019860625E-1
8.972353601E0,1.958697200E0,1.115831614E0,9.019860625E-1
8.974846361E0,1.967219114E0,1.147788525E0,9.073122144E-1
8.977339121E0,1.946979642E0,1.163767099E0,9.168993235E-1
8.979830267E0,1.907566071E0,1.160571337E0,9.318125844E-1
8.982323028E0,1.862826228E0,1.135005832E0,9.499215484E-1
8.984815788E0,1.806368947E0,1.094526887E0,9.680305123E-1
8.987308496E0,1.745650649E0,1.051917553E0,9.882699251E-1
8.989801257E0,1.695584655E0,1.006112576E0,1.004248381E0
8.992294017E0,1.655105829E0,9.635032415E-1,1.021292210E0
8.994786778E0,1.624214053E0,9.326115251E-1,1.038335919E0
8.997279538E0,1.600778937E0,9.059807062E-1,1.055379629E0
8.999772299E0,1.586930871E0,8.910674453E-1,1.062836289E0
9.002265059E0,1.575213313E0,8.836107850E-1,1.069227695E0
9.004757819E0,1.556039095E0,8.814803362E-1,1.071358085E0
9.007250580E0,1.536864996E0,8.846760392E-1,1.075619102E0
9.009741986E0,1.509168863E0,8.846760392E-1,1.072423339E0
9.012234746E0,1.474016190E0,9.123721123E-1,1.066031933E0
9.014727507E0,1.443124413E0,9.517856836E-1,1.057510138E0
9.017220215E0,1.425015450E0,1.011438727E0,1.040466309E0
9.019712976E0,1.421819806E0,1.128614426E0,1.007444143E0
9.022205736E0,1.455907226E0,1.351248145E0,9.435301423E-1
9.024698496E0,1.508103609E0,1.638861060E0,8.561810255E-1
9.027191257E0,1.493190408E0,1.780537009E0,8.402025700E-1
9.029684017E0,1.419689298E0,1.723014474E0,9.137036204E-1
9.032176778E0,1.340862036E0,1.588795066E0,1.014900804E0
9.034669538E0,1.274817586E0,1.447119117E0,1.110771775E0
9.037162299E0,1.235404015E0,1.329943419E0,1.177881360E0
9.039654694E0,1.214099288E0,1.238333344E0,1.214099288E0
9.042147455E0,1.197055578E0,1.164832354E0,1.236469269E0
9.044640215E0,1.183207631E0,1.094526887E0,1.251382470E0
9.047132924E0,1.170424819E0,1.033808708E0,1.263100028E0
9.049625684E0,1.164033413E0,9.901341200E-1,1.267361045E0
9.052118444E0,1.153381109E0,9.421986341E-1,1.263100028E0
9.054611205E0,1.133141637E0,8.708279729E-1,1.272687197E0
9.057103965E0,1.111836910E0,7.834789157E-1,1.285470009E0
9.059596726E0,1.089467049E0,6.886731386E-1,1.298252702E0
9.062089486E0,1.068162441E0,5.938674212E-1,1.302513719E0
9.064582246E0,1.046857715E0,5.193011165E-1,1.299317956E0
9.067075007E0,1.027683616E0,4.724308550E-1,1.293991804E0
9.069569955E0,1.015965939E0,4.468652606E-1,1.289730906E0
9.072062715E0,1.001052737E0,4.426043332E-1,1.283339500E0
9.074555476E0,9.946613312E-1,4.585828185E-1,1.280143738E0
9.077048184E0,9.914656281E-1,4.948007464E-1,1.280143738E0
9.079540944E0,9.925308824E-1,5.438014865E-1,1.274817586E0
9.082033705E0,1.002117991E0,5.991935730E-1,1.271621943E0
9.084526465E0,1.008509398E0,6.535204649E-1,1.271621943E0
9.087019226E0,1.012770295E0,7.057169080E-1,1.279078603E0
9.089511986E0,1.012770295E0,7.536523938E-1,1.291861296E0
9.092004746E0,1.010639787E0,7.898702621E-1,1.302513719E0
9.094497507E0,1.003183246E0,8.165011406E-1,1.311035514E0
9.096990267E0,1.002117991E0,8.441971540E-1,1.322753072E0
9.099485528E0,9.882699251E-1,8.644366264E-1,1.333405495E0
9.101978288E0,9.765523672E-1,8.825455308E-1,1.341927290E0
9.104471049E0,9.659000635E-1,9.027850032E-1,1.351514339E0
9.106963757E0,9.595086575E-1,9.315462708E-1,1.362166762E0
9.109456517E0,9.520519972E-1,9.571118951E-1,1.372819066E0
9.111949278E0,9.392692447E-1,9.752208591E-1,1.385601878E0
9.114442038E0,9.307473302E-1,9.816122055E-1,1.394123673E0
9.116934799E0,9.158340693E-1,9.677641988E-1,1.407971740E0
9.119427559E0,8.998556137E-1,9.358072281E-1,1.417558789E0
9.121920319E0,8.806813955E-1,9.059807062E-1,1.422885060E0
9.124413080E0,8.678985834E-1,8.963935971E-1,1.428211212E0
9.126905840E0,8.540505767E-1,8.985240459E-1,1.431406856E0
9.129395267E0,8.444634676E-1,8.985240459E-1,1.431406856E0
9.131888028E0,8.391373158E-1,8.836107850E-1,1.431406856E0
9.134380788E0,8.359416127E-1,8.612409234E-1,1.425015450E0
9.136873496E0,8.338111639E-1,8.367405534E-1,1.417558789E0
9.139366257E0,8.295502067E-1,8.111749291E-1,1.412232637E0
9.141859017E0,8.263545036E-1,7.728265524E-1,1.410102248E0
9.144351778E0,8.220936060E-1,7.206301689E-1,1.398384690E0
9.146844538E0,8.146369457E-1,6.716294289E-1,1.385601878E0
9.149337299E0,8.114412427E-1,6.173025370E-1,1.374949574E0
9.151830059E0,8.061150908E-1,5.640408993E-1,1.357905746E0
9.154322819E0,8.018541336E-1,5.011921525E-1,1.340862036E0
9.156815580E0,7.997236848E-1,4.458000064E-1,1.321687818E0
9.159313861E0,7.965279818E-1,3.957340717E-1,1.306774616E0
9.161806621E0,7.975932360E-1,3.509942889E-1,1.291861296E0
9.164299382E0,7.997236848E-1,3.083849549E-1,1.273752332E0
9.166792090E0,8.029193878E-1,2.679060996E-1,1.262034774E0
9.169284851E0,7.954627872E-1,2.583190203E-1,1.250317216E0
9.171777611E0,7.890713811E-1,2.529928386E-1,1.240730166E0
9.174270371E0,7.837451696E-1,2.487319112E-1,1.227947354E0
9.176763132E0,7.794842720E-1,2.529928386E-1,1.218360305E0
9.179255892E0,7.805495262E-1,2.561885417E-1,1.202381730E0
9.181748653E0,7.805495262E-1,2.593842447E-1,1.183207631E0
9.184241413E0,7.869408727E-1,2.636451721E-1,1.159772396E0
9.186734174E0,7.975932360E-1,2.636451721E-1,1.133141637E0
9.189222976E0,8.082455397E-1,2.700365782E-1,1.101184607E0
9.191715736E0,8.220936060E-1,2.774932086E-1,1.068162441E0
9.194208496E0,8.370068669E-1,2.892107666E-1,1.034074903E0
9.196701205E0,8.508548737E-1,3.179720640E-1,9.999874830E-1
9.199193965E0,8.593767285E-1,3.531247377E-1,9.627043605E-1
9.201686726E0,8.710942864E-1,3.957340717E-1,9.222254753E-1
9.204179486E0,8.742899895E-1,4.394086301E-1,8.849423528E-1
9.206672246E0,8.796161413E-1,4.777570069E-1,8.529853225E-1
9.209165007E0,8.870728016E-1,5.203663111E-1,8.210283518E-1
9.211657767E0,8.923989534E-1,5.565842390E-1,7.858756781E-1
9.214150528E0,8.934642076E-1,5.885412693E-1,7.549839020E-1
9.216643288E0,9.030513167E-1,6.247591972E-1,7.283530831E-1
9.219136986E0,9.062470198E-1,6.556509137E-1,7.081136703E-1
9.221629746E0,9.051817656E-1,6.844122410E-1,6.868090034E-1
9.224122507E0,9.083774686E-1,7.121082544E-1,6.718957424E-1
9.226615215E0,9.137036204E-1,7.344781756E-1,6.612433791E-1
9.229107976E0,9.105079174E-1,7.557828426E-1,6.537867785E-1
9.231600736E0,9.094427228E-1,7.706961036E-1,6.463301182E-1
9.234093496E0,9.105079174E-1,7.802832127E-1,6.431344151E-1
9.236586257E0,9.094427228E-1,7.920007706E-1,6.378082633E-1
9.239079017E0,9.126383662E-1,7.994573712E-1,6.367430687E-1
9.241571778E0,9.105079174E-1,8.079792261E-1,6.431344151E-1
9.244064538E0,9.094427228E-1,8.154358864E-1,6.463301182E-1
9.246557299E0,9.073122144E-1,8.239577413E-1,6.527215242E-1
9.249050684E0,9.009208083E-1,8.335448503E-1,6.612433791E-1
9.251543392E0,8.966599107E-1,8.452624083E-1,6.687000394E-1
9.254036205E0,8.987903595E-1,8.516538143E-1,6.750914454E-1
9.256528913E0,8.977251053E-1,8.431319594E-1,6.857437491E-1
9.259021674E0,8.998556137E-1,8.314144015E-1,6.953308582E-1
9.261514434E0,9.019860625E-1,8.133054376E-1,7.070484161E-1
9.264007194E0,9.009208083E-1,7.856093645E-1,7.198312283E-1
9.266499955E0,9.030513167E-1,7.525871396E-1,7.347444892E-1
9.268992715E0,9.030513167E-1,7.238258123E-1,7.485924959E-1
9.271485476E0,8.966599107E-1,6.939992905E-1,7.603100538E-1
9.273978236E0,8.913337588E-1,6.673684716E-1,7.720276117E-1
9.276470996E0,8.870728016E-1,6.481943130E-1,7.901365757E-1
9.278964486E0,8.796161413E-1,6.354115009E-1,8.093107939E-1
9.281457246E0,8.710942864E-1,6.236939430E-1,8.199630976E-1
9.283950007E0,8.710942864E-1,6.141068339E-1,8.370068669E-1
9.286442715E0,8.668333888E-1,6.055849791E-1,8.487244248E-1
9.288935476E0,8.678985834E-1,5.981283188E-1,8.615072370E-1
9.291428236E0,8.700290918E-1,5.896064639E-1,8.753552437E-1
9.293920996E0,8.732247949E-1,5.832150578E-1,8.860075474E-1
9.296413757E0,8.806813955E-1,5.746932030E-1,8.987903595E-1
9.298906517E0,8.870728016E-1,5.661713481E-1,9.115731716E-1
9.301399278E0,8.923989534E-1,5.587147474E-1,9.222254753E-1
9.303892038E0,9.030513167E-1,5.544537902E-1,9.339430332E-1
9.306384799E0,9.126383662E-1,5.501928329E-1,9.435301423E-1
9.308875840E0,9.158340693E-1,5.469971299E-1,9.563129544E-1
9.311368549E0,9.232907295E-1,5.395405293E-1,9.659000635E-1
9.313861361E0,9.275516272E-1,5.342143774E-1,9.733566642E-1
9.316354069E0,9.360735416E-1,5.310186744E-1,9.765523672E-1
9.318846830E0,9.424648881E-1,5.256925225E-1,9.776176214E-1
9.321339590E0,9.467258453E-1,5.203663111E-1,9.786828160E-1
9.323832351E0,9.584434032E-1,5.182358623E-1,9.765523672E-1
9.326325111E0,9.637695551E-1,5.161054134E-1,9.744219184E-1
9.328817871E0,9.712262154E-1,5.139749050E-1,9.733566642E-1
9.331310632E0,9.808133245E-1,5.054530501E-1,9.680305123E-1
9.333803392E0,9.850742221E-1,4.969311953E-1,9.616391063E-1
9.336296153E0,9.872047305E-1,4.948007464E-1,9.531172514E-1
9.338790371E0,9.914656281E-1,4.926702678E-1,9.467258453E-1
9.341283132E0,9.893351793E-1,4.926702678E-1,9.360735416E-1
9.343775892E0,9.893351793E-1,4.916050434E-1,9.211602807E-1
9.346268601E0,9.882699251E-1,4.852136374E-1,9.051817656E-1
9.348761361E0,9.818785191E-1,4.766917825E-1,8.881380558E-1
9.351254121E0,9.776176214E-1,4.671046734E-1,8.689638376E-1
9.353746882E0,9.722914696E-1,4.585828185E-1,8.476591706E-1
9.356239642E0,9.627043605E-1,4.585828185E-1,8.178326488E-1
9.358732403E0,9.499215484E-1,4.628437459E-1,7.858756781E-1
9.361225163E0,9.339430332E-1,4.734960794E-1,7.549839020E-1
9.363717924E0,9.105079174E-1,5.001268983E-1,7.272878289E-1
9.366210684E0,8.806813955E-1,5.374100804E-1,7.049179673E-1
9.368702767E0,8.348763585E-1,5.725627542E-1,6.889394522E-1
9.371195528E0,7.826799750E-1,5.991935730E-1,6.772218943E-1
9.373688288E0,7.219616771E-1,6.023892760E-1,6.676347852E-1
9.376180996E0,6.591129303E-1,5.874760151E-1,6.537867785E-1
9.378673757E0,5.973294377E-1,5.683017969E-1,6.399387121E-1
9.381166517E0,5.312849879E-1,5.533885360E-1,6.282211542E-1
9.383659278E0,4.684362113E-1,5.629756451E-1,6.154384017E-1
9.386152038E0,4.066527188E-1,5.928021669E-1,6.090469956E-1
9.388644799E0,3.438039720E-1,6.386072040E-1,5.941337347E-1
9.391137559E0,2.820204496E-1,6.918688416E-1,5.770899653E-1
9.393630319E0,2.234326303E-1,7.376738787E-1,5.557853580E-1
9.396123080E0,1.659100503E-1,7.621742487E-1,5.291544795E-1
9.398619226E0,1.094526947E-1,7.557828426E-1,4.940018058E-1
9.401111986E0,5.299534276E-2,7.312824726E-1,4.609795809E-1
9.403604746E0,-5.592473317E-3,6.844122410E-1,4.290226102E-1
9.406097507E0,-7.483261824E-2,6.290200949E-1,4.013265371E-1
9.408590267E0,-1.493989378E-1,5.885412693E-1,3.789566457E-1
9.411083028E0,-2.282261699E-1,5.714974999E-1,3.597824574E-1
9.413575788E0,-3.091838956E-1,5.651060939E-1,3.374125659E-1
9.416068549E0,-3.901416063E-1,5.651060939E-1,3.097164929E-1
9.418561361E0,-4.710993171E-1,5.597799420E-1,2.692376375E-1
9.421054121E0,-5.424699187E-1,5.427362323E-1,2.191716880E-1
9.423546882E0,-6.095796227E-1,5.086487532E-1,1.669752747E-1
9.426039642E0,-6.745588183E-1,4.596480429E-1,1.062569916E-1
9.428526413E0,-7.320814133E-1,4.010602236E-1,4.660394415E-2
9.431019174E0,-7.842777967E-1,3.360810280E-1,-1.731003635E-2
9.433511934E0,-8.311480880E-1,2.721670270E-1,-8.441971987E-2
9.436004694E0,-8.748226166E-1,2.093182951E-1,-1.536598653E-1
9.438497455E0,-9.142362475E-1,1.486000121E-1,-2.260957062E-1
9.440990215E0,-9.515193701E-1,8.894696087E-2,-3.017272651E-1
9.443482976E0,-9.802806973E-1,3.142437339E-2,-3.730978668E-1
9.445975736E0,-1.006911516E0,-2.077204362E-2,-4.338161349E-1
9.448468549E0,-1.034607530E0,-6.870753318E-2,-4.924039543E-1
9.450961309E0,-1.056977510E0,-1.091863886E-1,-5.392742157E-1
9.453454069E0,-1.081477880E0,-1.432738453E-1,-5.808182955E-1
9.455946830E0,-1.104912996E0,-1.741656065E-1,-6.138405204E-1
9.458450476E0,-1.129413366E0,-2.029268891E-1,-6.457974911E-1
9.460943236E0,-1.158174634E0,-2.252967805E-1,-6.756240726E-1
9.463435996E0,-1.190131545E0,-2.434057444E-1,-7.054505944E-1
9.465928757E0,-1.224219084E0,-2.583190203E-1,-7.299509048E-1
9.468421517E0,-1.260437012E0,-2.668408751E-1,-7.544512749E-1
9.470914278E0,-1.298785329E0,-2.679060996E-1,-7.800168991E-1
9.473407038E0,-1.342459917E0,-2.604494691E-1,-8.013215661E-1
9.475899799E0,-1.389330149E0,-2.508623898E-1,-8.311480880E-1
9.478392611E0,-1.439396143E0,-2.391448170E-1,-8.609746099E-1
9.480885371E0,-1.489462018E0,-2.242315561E-1,-8.908011317E-1
9.483378132E0,-1.540593266E0,-2.125139832E-1,-9.216928482E-1
9.485870892E0,-1.591724396E0,-1.997311860E-1,-9.600412846E-1
9.488356153E0,-1.640725136E0,-1.869483888E-1,-9.994548559E-1
9.490848913E0,-1.689725876E0,-1.720351279E-1,-1.036738038E0
9.493341674E0,-1.735530853E0,-1.645784974E-1,-1.072955966E0
9.495834434E0,-1.779205441E0,-1.507304758E-1,-1.114500046E0
9.498327194E0,-1.825010419E0,-1.368824393E-1,-1.156044126E0
9.500819955E0,-1.866554618E0,-1.187734827E-1,-1.199718714E0
9.503312715E0,-1.914490104E0,-1.027949899E-1,-1.255110860E0
9.505805476E0,-1.957099319E0,-8.788172156E-2,-1.307307243E0
9.508298288E0,-1.992252111E0,-7.296846062E-2,-1.355242729E0
9.510791049E0,-2.019948006E0,-5.379426852E-2,-1.403178215E0
9.513283809E0,-2.038057089E0,-3.462007269E-2,-1.447917938E0
9.515776569E0,-2.050839901E0,-1.970681176E-2,-1.492657781E0
9.518269486E0,-2.047644138E0,-9.054481052E-3,-1.539528012E0
9.520762246E0,-2.036991835E0,5.326165119E-4,-1.586398244E0
9.523255007E0,-2.014621973E0,2.663082443E-3,-1.634333730E0
9.525747767E0,-1.983730197E0,1.597849536E-3,-1.684399724E0
9.528240528E0,-1.945381761E0,-3.728315700E-3,-1.739791870E0
9.530733288E0,-1.901707292E0,-1.118494663E-2,-1.797314405E0
9.533226049E0,-1.847380400E0,-2.503297664E-2,-1.861228347E0
9.535718809E0,-1.788792610E0,-4.314193875E-2,-1.926207662E0
9.538211621E0,-1.729139447E0,-5.698996782E-2,-1.991186857E0
9.540704382E0,-1.665225506E0,-7.296846062E-2,-2.049774647E0
9.543197142E0,-1.605572462E0,-9.427312016E-2,-2.104101419E0
9.545689903E0,-1.543788910E0,-1.102516204E-1,-2.147776127E0
9.548184486E0,-1.489462018E0,-1.283605844E-1,-2.179733038E0
9.550677246E0,-1.438330889E0,-1.507304758E-1,-2.204233408E0
9.553170007E0,-1.396786809E0,-1.752308309E-1,-2.213820457E0
9.555662767E0,-1.362699389E0,-2.050573528E-1,-2.210624933E0
9.558155528E0,-1.339264274E0,-2.423405200E-1,-2.199972391E0
9.560648288E0,-1.327546597E0,-2.924064696E-1,-2.181863546E0
9.563141049E0,-1.324350953E0,-3.414071798E-1,-2.153102160E0
9.565633809E0,-1.330742359E0,-3.967992961E-1,-2.124341011E0
9.568126621E0,-1.344590425E0,-4.575175941E-1,-2.097710133E0
9.570619382E0,-1.371221185E0,-5.331491232E-1,-2.070014000E0
9.573112142E0,-1.409569621E0,-6.449986100E-1,-2.052970409E0
9.575604903E0,-1.470287919E0,-8.186315894E-1,-2.054035664E0
9.578102142E0,-1.568289280E0,-1.107309699E0,-2.080666304E0
9.580594903E0,-1.718487144E0,-1.557903290E0,-2.139254332E0
9.583087663E0,-1.897446275E0,-2.116085291E0,-2.209559679E0
9.585580424E0,-2.013556719E0,-2.525134802E0,-2.235125303E0
9.588073184E0,-1.985860705E0,-2.491047382E0,-2.174407005E0
9.590565944E0,-1.854837060E0,-2.118215799E0,-2.044448376E0
9.593058705E0,-1.691856384E0,-1.682535529E0,-1.908098698E0
9.595551465E0,-1.536332369E0,-1.297986388E0,-1.798379660E0
9.598044278E0,-1.384003997E0,-9.848079085E-1,-1.712095737E0
9.600537038E0,-1.243393302E0,-7.323477268E-1,-1.652442694E0
9.603029799E0,-1.121956706E0,-5.352795720E-1,-1.611963868E0
9.605522559E0,-1.025020480E0,-3.936035931E-1,-1.584267855E0
9.608011517E0,-9.483237267E-1,-3.051892519E-1,-1.567224145E0
9.610504278E0,-8.918663263E-1,-2.700365782E-1,-1.554441333E0
9.612997038E0,-8.545832038E-1,-2.870802879E-1,-1.539528012E0
9.615489799E0,-8.300828338E-1,-3.446028829E-1,-1.518223405E0
9.617982559E0,-8.247566819E-1,-4.415390790E-1,-1.482005477E0
9.620475319E0,-8.322132826E-1,-5.683017969E-1,-1.444722295E0
9.622968080E0,-8.471265435E-1,-7.099778056E-1,-1.402112961E0
9.625460840E0,-8.567136526E-1,-8.505885601E-1,-1.350981832E0
9.627953653E0,-8.663007617E-1,-9.858731627E-1,-1.301981091E0
9.630446413E0,-8.663007617E-1,-1.109440207E0,-1.265763164E0
9.632939174E0,-8.673660159E-1,-1.226615787E0,-1.239132285E0
9.635431934E0,-8.758878708E-1,-1.346987128E0,-1.221023321E0
9.637924017E0,-8.908011317E-1,-1.466293216E0,-1.210371017E0
9.640416778E0,-9.110405445E-1,-1.580273151E0,-1.200783968E0
9.642909538E0,-9.440627694E-1,-1.689992189E0,-1.189066410E0
9.645402299E0,-9.738892913E-1,-1.794385076E0,-1.178413987E0
9.647895059E0,-1.001585364E0,-1.896647453E0,-1.163500786E0
9.650387819E0,-1.027150989E0,-1.983996511E0,-1.144326568E0
9.652880580E0,-1.052716494E0,-2.053236723E0,-1.127282858E0
9.655373340E0,-1.072955966E0,-2.102237463E0,-1.109173894E0
9.657866153E0,-1.088934422E0,-2.128868103E0,-1.094260573E0
9.660358913E0,-1.101717234E0,-2.127802849E0,-1.081477880E0
9.662851674E0,-1.116630554E0,-2.097976446E0,-1.078282118E0
9.665344434E0,-1.132609010E0,-2.038323402E0,-1.077216864E0
9.667839799E0,-1.146457076E0,-1.955235243E0,-1.078282118E0
9.670332559E0,-1.154978871E0,-1.863625169E0,-1.088934422E0
9.672825319E0,-1.163500786E0,-1.769884706E0,-1.102782488E0
9.675318080E0,-1.164566040E0,-1.671883225E0,-1.116630554E0
9.677810840E0,-1.161370277E0,-1.566425204E0,-1.136869907E0
9.680303601E0,-1.156044126E0,-1.448184252E0,-1.164566040E0
9.682796361E0,-1.146457076E0,-1.315030217E0,-1.194392562E0
9.685289121E0,-1.129413366E0,-1.177615166E0,-1.226349473E0
9.687781934E0,-1.109173894E0,-1.040199995E0,-1.263632655E0
9.690274694E0,-1.081477880E0,-9.091764092E-1,-1.296654940E0
9.692767455E0,-1.049520850E0,-7.856093645E-1,-1.331807613E0
9.695260215E0,-1.016498566E0,-6.748251319E-1,-1.366960287E0
9.697752611E0,-9.802806973E-1,-5.864107609E-1,-1.401047707E0
9.700245371E0,-9.429975152E-1,-5.182358623E-1,-1.433004737E0
9.702738132E0,-9.089100957E-1,-4.671046734E-1,-1.461766005E0
9.705230892E0,-8.737573624E-1,-4.266258180E-1,-1.486266375E0
9.707723653E0,-8.449960947E-1,-4.031907022E-1,-1.508636236E0
9.710216413E0,-8.151695728E-1,-4.042559266E-1,-1.525679946E0
9.712709174E0,-7.906692028E-1,-4.266258180E-1,-1.537397504E0
9.715201934E0,-7.640383840E-1,-4.639089704E-1,-1.541658521E0
9.717745007E0,-7.437989712E-1,-5.182358623E-1,-1.542723775E0
9.720237767E0,-7.256900072E-1,-5.778889060E-1,-1.540593266E0
9.722730528E0,-7.075810432E-1,-6.375419497E-1,-1.535267115E0
9.725223288E0,-6.916025281E-1,-7.014559507E-1,-1.527810454E0
9.727716049E0,-6.734935641E-1,-7.568480372E-1,-1.521419048E0
9.730208809E0,-6.617760062E-1,-8.047835231E-1,-1.513962388E0
9.732701569E0,-6.468627453E-1,-8.537842631E-1,-1.504375339E0
9.735194330E0,-6.362104416E-1,-8.900021911E-1,-1.495853424E0
9.737687090E0,-6.255580783E-1,-9.240896702E-1,-1.486266375E0
9.740179851E0,-6.095796227E-1,-9.571118951E-1,-1.478809714E0
9.742672663E0,-6.010577083E-1,-9.869384170E-1,-1.470287919E0
9.745120736E0,-5.818835497E-1,-1.014634490E0,-1.457505107E0
9.747613496E0,-5.648398399E-1,-1.039134860E0,-1.443657041E0
9.750106257E0,-5.456656218E-1,-1.061504722E0,-1.427678585E0
9.752599017E0,-5.286219120E-1,-1.082809329E0,-1.412765265E0
9.755091778E0,-5.051867366E-1,-1.095592141E0,-1.395721555E0
9.757584538E0,-4.796211720E-1,-1.106244445E0,-1.373351693E0
9.760077299E0,-4.508598745E-1,-1.124353409E0,-1.352046967E0
9.762570059E0,-4.231638312E-1,-1.133940578E0,-1.331807613E0
9.765062871E0,-3.965329826E-1,-1.143527627E0,-1.306241989E0
9.767555632E0,-3.603150845E-1,-1.148853779E0,-1.282806873E0
9.770048392E0,-3.272928596E-1,-1.146723390E0,-1.256175995E0
9.772541153E0,-2.932053804E-1,-1.141397238E0,-1.227414727E0
9.775033965E0,-2.580527067E-1,-1.133940578E0,-1.199718714E0
9.777526726E0,-2.218347788E-1,-1.122223020E0,-1.167761683E0
9.780019486E0,-1.877473146E-1,-1.112635851E0,-1.141130924E0
9.782512246E0,-1.504641622E-1,-1.101983547E0,-1.108108640E0
9.785005007E0,-1.153114736E-1,-1.090265989E0,-1.080412626E0
9.787497767E0,-8.548495173E-2,-1.076417923E0,-1.048455596E0
9.789990528E0,-5.459319428E-2,-1.070026517E0,-1.015433431E0
9.792483288E0,-2.157096937E-2,-1.063635230E0,-9.877372980E-1
9.794976101E0,3.994623665E-3,-1.066830873E0,-9.557803273E-1
9.797468861E0,3.062544949E-2,-1.065765619E0,-9.216928482E-1
9.799961621E0,5.193011090E-2,-1.066830873E0,-8.886706233E-1
9.802454382E0,7.536523789E-2,-1.066830873E0,-8.513875008E-1
9.804952246E0,1.009308323E-1,-1.066830873E0,-8.141043186E-1
9.807445007E0,1.264964193E-1,-1.063635230E0,-7.746906877E-1
9.809937767E0,1.520620137E-1,-1.060439467E0,-7.374075651E-1
9.812430528E0,1.840189993E-1,-1.054048061E0,-6.958634853E-1
9.814923288E0,2.149107605E-1,-1.043395758E0,-6.585803032E-1
9.817416049E0,2.500634491E-1,-1.029547691E0,-6.202319264E-1
9.819908809E0,2.862813771E-1,-1.013569236E0,-5.861444473E-1
9.822401569E0,3.224993050E-1,-9.933298230E-1,-5.509917736E-1
9.824894382E0,3.608476818E-1,-9.741556048E-1,-5.169043541E-1
9.827387142E0,4.023917615E-1,-9.528509378E-1,-4.860125780E-1
9.829879903E0,4.428706169E-1,-9.304810166E-1,-4.508598745E-1
9.832372663E0,4.844147265E-1,-9.102416039E-1,-4.189028740E-1
9.834867819E0,5.280892849E-1,-8.868064880E-1,-3.858806491E-1
9.837360580E0,5.706986189E-1,-8.623061180E-1,-3.539236784E-1
9.839853340E0,6.101121902E-1,-8.367405534E-1,-3.198362291E-1
9.842346101E0,6.548519731E-1,-8.101097345E-1,-2.825530469E-1
9.844838861E0,7.038527131E-1,-7.824136615E-1,-2.463351339E-1
9.847331621E0,7.517881989E-1,-7.536523938E-1,-2.090519816E-1
9.849824382E0,8.039846420E-1,-7.259563208E-1,-1.707035899E-1
9.852317142E0,8.540505767E-1,-7.003906965E-1,-1.302247345E-1
9.854809903E0,9.083774686E-1,-6.748251319E-1,-8.548495173E-2
9.857302715E0,9.605738521E-1,-6.449986100E-1,-3.861469775E-2
9.859795476E0,1.014900804E0,-6.173025370E-1,2.929390874E-3
9.862288236E0,1.071358085E0,-5.896064639E-1,4.234301299E-2
9.864777507E0,1.125684977E0,-5.640408993E-1,8.708280325E-2
9.867270267E0,1.177881360E0,-5.406057835E-1,1.307573467E-1
9.869763028E0,1.227947354E0,-5.203663111E-1,1.744319052E-1
9.872255788E0,1.279078603E0,-5.065183043E-1,2.138455361E-1
9.874748549E0,1.327014089E0,-4.937354922E-1,2.585853040E-1
9.877241309E0,1.377079964E0,-4.841484129E-1,3.054555655E-1
9.879734069E0,1.425015450E0,-4.820179343E-1,3.501953483E-1
9.882226830E0,1.478277087E0,-4.809527099E-1,3.885437548E-1
9.884719642E0,1.529408336E0,-4.852136374E-1,4.354139864E-1
9.887212403E0,1.578409076E0,-4.979964495E-1,4.801537991E-1
9.889705163E0,1.623148799E0,-5.203663111E-1,5.227631330E-1
9.892197924E0,1.671084285E0,-5.491276383E-1,5.696333647E-1
9.894694382E0,1.713693619E0,-5.832150578E-1,6.186341047E-1
9.897187142E0,1.754172444E0,-6.258243918E-1,6.644390821E-1
9.899679903E0,1.789325118E0,-6.737598777E-1,7.123745680E-1
9.902172663E0,1.820216894E0,-7.216953635E-1,7.581796050E-1
9.904665424E0,1.844717264E0,-7.696308494E-1,8.039846420E-1
9.907158184E0,1.855369568E0,-8.196967840E-1,8.497896194E-1
9.909650944E0,1.855369568E0,-8.750889301E-1,8.902685046E-1
9.912143705E0,1.845782518E0,-9.347419739E-1,9.254211783E-1
9.914636465E0,1.820216894E0,-9.943950176E-1,9.563129544E-1
9.917129278E0,1.779738069E0,-1.062569976E0,9.818785191E-1
9.919622038E0,1.710497975E0,-1.130744815E0,9.989222884E-1
9.922114799E0,1.616757393E0,-1.207441688E0,1.008509398E0
9.924622246E0,1.489994645E0,-1.292660236E0,1.012770295E0
9.927115059E0,1.328079224E0,-1.392792225E0,1.007444143E0
9.929607819E0,1.131011128E0,-1.501445889E0,9.840090275E-1
9.932100580E0,8.785509467E-1,-1.611164927E0,9.392692447E-1
9.934593340E0,5.706986189E-1,-1.699579239E0,8.785509467E-1
9.937086101E0,2.063889056E-1,-1.772015095E0,7.943975329E-1
9.939578861E0,-2.090519816E-1,-1.844450951E0,6.846785545E-1
9.942071621E0,-6.617760062E-1,-1.910495400E0,5.515244007E-1
9.944564434E0,-1.124087095E0,-1.959496140E0,3.960003853E-1
9.947057194E0,-1.537397504E0,-1.969083190E0,2.181064636E-1
9.949549955E0,-1.865489364E0,-1.884929776E0,1.997311972E-2
9.952042715E0,-2.033796072E0,-1.654839516E0,-1.920082569E-1
9.954530267E0,-2.029535294E0,-1.308638811E0,-4.071853161E-1
9.957023080E0,-1.853771806E0,-9.006544948E-1,-6.106448174E-1
9.959515840E0,-1.549115181E0,-4.692351520E-1,-7.864083052E-1
9.962008601E0,-1.162435532E0,-6.125089899E-2,-9.536498785E-1
9.964501361E0,-7.384728193E-1,3.403419554E-1,-1.097456336E0
9.966994121E0,-3.336842358E-1,7.643046975E-1,-1.184805393E0
9.969486882E0,-2.370143496E-2,1.237268209E0,-1.191196799E0
9.971979642E0,1.669752747E-1,1.719818711E0,-1.133674264E0
9.974472455E0,2.479329854E-1,2.133262396E0,-1.054847002E0
9.976965215E0,2.458025217E-1,2.461354017E0,-9.674978852E-1
9.979469538E0,2.053236663E-1,2.695705414E0,-8.726921678E-1
9.981962246E0,1.627143472E-1,2.841642141E0,-7.661688328E-1
9.984455007E0,1.350182891E-1,2.941774130E0,-6.468627453E-1
9.986947819E0,1.392792165E-1,3.002492428E0,-5.200999975E-1
9.989440580E0,1.627143472E-1,3.015275240E0,-3.869459033E-1
9.991933340E0,2.085193694E-1,2.965209246E0,-2.516613007E-1
9.994426101E0,2.756290436E-1,2.840577126E0,-1.163767055E-1
9.996918861E0,3.565867543E-1,2.609421492E0,1.997311972E-2
9.999411621E0,4.290226102E-1,2.257894516E0,1.573881805E-1
1.000190438E1,4.897408783E-1,1.773080349E0,3.033251166E-1
1.000439719E1,5.142412186E-1,1.164832354E0,4.609795809E-1
1.000688996E1,4.886756539E-1,4.745613039E-1,6.282211542E-1
1.000938272E1,4.215659797E-1,-2.125139832E-1,8.061150908E-1
1.001184626E1,3.193036020E-1,-8.175663352E-1,9.818785191E-1
1.001433902E1,2.074541301E-1,-1.261768460E0,1.148054838E0
1.001683178E1,1.147788614E-1,-1.515293956E0,1.284404755E0
1.001932454E1,6.258244067E-2,-1.582403660E0,1.369623303E0
1.002181730E1,5.619104207E-2,-1.487597942E0,1.409036994E0
1.002431006E1,8.495233208E-2,-1.311834455E0,1.427145958E0
1.002680282E1,1.467358470E-1,-1.106244445E0,1.435667753E0
1.002929558E1,2.362154275E-1,-8.931978941E-1,1.439928770E0
1.003178839E1,3.320863843E-1,-6.812165380E-1,1.444189668E0
1.003428110E1,4.332835376E-1,-4.809527099E-1,1.454841971E0
1.003677391E1,5.270240307E-1,-2.924064696E-1,1.466559529E0
1.003926667E1,6.122426987E-1,-1.102516204E-1,1.486799002E0
1.004177699E1,6.708304882E-1,1.049254537E-1,1.520886421E0
1.004426980E1,6.942656040E-1,3.627118468E-1,1.554973960E0
1.004676256E1,6.910699010E-1,6.375419497E-1,1.574148059E0
1.004925532E1,6.782871485E-1,9.113068581E-1,1.578409076E0
1.005174808E1,6.729609370E-1,1.152049541E0,1.572017670E0
1.005424084E1,6.900047064E-1,1.328878164E0,1.562430501E0
1.005673360E1,7.358096838E-1,1.446053863E0,1.552843451E0
1.005922636E1,8.029193878E-1,1.502511144E0,1.551778197E0
1.006171917E1,8.764204979E-1,1.490793586E0,1.548582554E0
1.006421188E1,9.509868026E-1,1.427944899E0,1.541125894E0
1.006670469E1,1.022357345E0,1.328878164E0,1.517690778E0
1.006919746E1,1.077749491E0,1.222354889E0,1.471885681E0
1.007167261E1,1.120358825E0,1.119027257E0,1.404776096E0
1.007416537E1,1.152315855E0,1.017830133E0,1.325948834E0
1.007665813E1,1.181077123E0,9.123721123E-1,1.236469269E0
1.007915089E1,1.203446984E0,7.962616682E-1,1.137402534E0
1.008164365E1,1.224751711E0,6.726946831E-1,1.031944513E0
1.008413641E1,1.243925810E0,5.523233414E-1,9.200950265E-1
1.008662917E1,1.262034774E0,4.394086301E-1,7.986584306E-1
1.008912193E1,1.271621943E0,3.371462524E-1,6.825480461E-1
1.009161475E1,1.280143738E0,2.466014475E-1,5.696333647E-1
1.009410746E1,1.273752332E0,1.731003672E-1,4.673709869E-1
1.009660027E1,1.268426180E0,1.070559174E-1,3.874785006E-1
1.009909303E1,1.243925810E0,4.207670316E-2,3.352820873E-1
1.010158699E1,1.215164542E0,-1.757634431E-2,3.033251166E-1
1.010407975E1,1.177881360E0,-6.977276504E-2,2.926727831E-1
1.010657251E1,1.134206891E0,-1.177082509E-1,2.979989350E-1
1.010906527E1,1.084140897E0,-1.560566425E-1,3.075860441E-1
1.011155803E1,1.033009768E0,-1.880136281E-1,3.246297538E-1
1.011407371E1,9.872047305E-1,-2.125139832E-1,3.448691964E-1
1.011656641E1,9.371387362E-1,-2.231663167E-1,3.651086092E-1
1.011905923E1,8.998556137E-1,-2.178401500E-1,3.810871243E-1
1.012155199E1,8.742899895E-1,-2.071878165E-1,4.013265371E-1
1.012404475E1,8.519201279E-1,-1.848179251E-1,4.205007255E-1
1.012653751E1,8.423330188E-1,-1.368824393E-1,4.386096895E-1
1.012903027E1,8.338111639E-1,-8.894696087E-2,4.556534290E-1
1.013152303E1,8.338111639E-1,-2.822867595E-2,4.790885448E-1
1.013401579E1,8.391373158E-1,4.314193875E-2,5.014584661E-1
1.013650860E1,8.455287218E-1,1.134473160E-1,5.238283277E-1
1.013900136E1,8.508548737E-1,1.858831644E-1,5.472634435E-1
1.014149412E1,8.540505767E-1,2.593842447E-1,5.749595165E-1
1.014398688E1,8.519201279E-1,3.232982159E-1,6.069164872E-1
1.014645881E1,8.476591706E-1,3.701684773E-1,6.420692205E-1
1.014895157E1,8.508548737E-1,3.914731443E-1,6.804175973E-1
1.015144433E1,8.615072370E-1,3.840165138E-1,7.251573801E-1
1.015393709E1,8.625724316E-1,3.818860352E-1,7.656362653E-1
1.015642985E1,8.497896194E-1,3.967992961E-1,8.018541336E-1
1.015892261E1,8.348763585E-1,4.031907022E-1,8.263545036E-1
1.016141537E1,8.146369457E-1,3.967992961E-1,8.476591706E-1
1.016390813E1,7.975932360E-1,3.776251078E-1,8.689638376E-1
1.016640094E1,7.773538232E-1,3.552552164E-1,8.817466497E-1
1.016889370E1,7.571143508E-1,3.307548463E-1,8.966599107E-1
1.017138647E1,7.390053868E-1,3.030588031E-1,9.030513167E-1
1.017387923E1,7.123745680E-1,2.774932086E-1,9.073122144E-1
1.017636990E1,6.900047064E-1,2.561885417E-1,9.062470198E-1
1.017886266E1,6.644390821E-1,2.423405200E-1,9.019860625E-1
1.018135542E1,6.367430687E-1,2.391448170E-1,8.966599107E-1
1.018384818E1,6.090469956E-1,2.476666719E-1,8.849423528E-1
1.018634094E1,5.856118798E-1,2.615146935E-1,8.721595407E-1
1.018883370E1,5.664376616E-1,2.689713240E-1,8.572462797E-1
1.019132647E1,5.493939519E-1,2.742975056E-1,8.391373158E-1
1.019381923E1,5.312849879E-1,2.902759910E-1,8.252893090E-1
1.019631204E1,5.121107697E-1,3.105154335E-1,8.082455397E-1
1.019880480E1,4.929365814E-1,3.318201005E-1,7.848104239E-1
1.020129756E1,4.780233204E-1,3.552552164E-1,7.560491562E-1
1.020379032E1,4.620448351E-1,3.744294047E-1,7.240921259E-1
1.020628225E1,4.513925016E-1,3.776251078E-1,6.953308582E-1
1.020877501E1,4.439358711E-1,3.754946291E-1,6.655043364E-1
1.021126777E1,4.407401681E-1,3.701684773E-1,6.356778145E-1
1.021376053E1,4.428706169E-1,3.595161438E-1,6.037208438E-1
1.021625329E1,4.460663199E-1,3.499290347E-1,5.738942623E-1
1.021874605E1,4.471315742E-1,3.435376585E-1,5.387415886E-1
1.022123881E1,4.556534290E-1,3.392767310E-1,5.035889149E-1
1.022373157E1,4.609795809E-1,3.382114768E-1,4.695014656E-1
1.022622438E1,4.705666900E-1,3.424724042E-1,4.364792407E-1
1.022871714E1,4.801537991E-1,3.563204408E-1,4.066527188E-1
1.023120990E1,4.950670600E-1,3.722989559E-1,3.746957183E-1
1.023370266E1,5.121107697E-1,3.840165138E-1,3.480648994E-1
1.023619449E1,5.323501825E-1,3.936035931E-1,3.278254569E-1
1.023868725E1,5.483286977E-1,4.063864052E-1,3.107817471E-1
1.024118001E1,5.621767044E-1,4.319519997E-1,2.969337106E-1
1.024367277E1,5.749595165E-1,4.607132971E-1,2.809551954E-1
1.024616553E1,5.856118798E-1,4.852136374E-1,2.713681161E-1
1.024865829E1,5.909380317E-1,5.118444562E-1,2.607157826E-1
1.025115105E1,6.005251408E-1,5.427362323E-1,2.553896308E-1
1.025364381E1,6.047860384E-1,5.736280084E-1,2.521939278E-1
1.025613662E1,6.090469956E-1,6.034545302E-1,2.500634491E-1
1.025862938E1,6.101121902E-1,6.343462467E-1,2.500634491E-1
1.026112214E1,6.133078933E-1,6.599118710E-1,2.500634491E-1
1.026361490E1,6.154384017E-1,6.790860295E-1,2.532591522E-1
1.026611511E1,6.154384017E-1,6.950645447E-1,2.575200796E-1
1.026860787E1,6.143731475E-1,7.035863996E-1,2.617810071E-1
1.027110063E1,6.101121902E-1,7.025212049E-1,2.639114857E-1
1.027359339E1,6.058512926E-1,6.929340959E-1,2.756290436E-1
1.027608615E1,5.994598866E-1,6.822817326E-1,2.841508985E-1
1.027857891E1,5.930684805E-1,6.694989800E-1,2.969337106E-1
1.028107167E1,5.845466256E-1,6.513900161E-1,3.097164929E-1
1.028356443E1,5.717638135E-1,6.332810521E-1,3.182383776E-1
1.028605725E1,5.568505526E-1,6.236939430E-1,3.246297538E-1
1.028855001E1,5.398068428E-1,6.098458767E-1,3.299559355E-1
1.029104277E1,5.206326246E-1,5.970631242E-1,3.384777904E-1
1.029353553E1,5.025236607E-1,5.821498632E-1,3.469996452E-1
1.029602251E1,4.865451753E-1,5.651060939E-1,3.555215299E-1
1.029851527E1,4.758928418E-1,5.320838690E-1,3.619129062E-1
1.030100803E1,4.567186534E-1,5.256925225E-1,3.661738634E-1
1.030350079E1,4.364792407E-1,5.267577171E-1,3.715000153E-1
1.030599355E1,4.205007255E-1,5.203663111E-1,3.778914213E-1
1.030848631E1,4.023917615E-1,5.203663111E-1,3.842828274E-1
1.031097907E1,3.853480518E-1,5.193011165E-1,3.906742036E-1
1.031347183E1,3.704347908E-1,5.193011165E-1,3.949351311E-1
1.031596464E1,3.533910513E-1,5.182358623E-1,4.013265371E-1
1.031845740E1,3.395430148E-1,5.171706080E-1,4.066527188E-1
1.032095016E1,3.267602324E-1,5.150401592E-1,4.087831676E-1
1.032344292E1,3.150426745E-1,5.161054134E-1,4.109136462E-1
1.032593423E1,3.001294136E-1,5.107792616E-1,4.141093493E-1
1.032842699E1,2.873466015E-1,5.107792616E-1,4.162397981E-1
1.033091975E1,2.756290436E-1,5.097140074E-1,4.119788706E-1
1.033341251E1,2.671071887E-1,5.065183043E-1,4.109136462E-1
1.033590527E1,2.617810071E-1,4.969311953E-1,4.066527188E-1
1.033839803E1,2.543243766E-1,4.820179343E-1,4.087831676E-1
1.034089079E1,2.458025217E-1,4.692351520E-1,4.055874646E-1
1.034338355E1,2.383458912E-1,4.596480429E-1,3.981308341E-1
1.034587636E1,2.308892608E-1,4.479304850E-1,3.928046823E-1
1.034836912E1,2.244978547E-1,4.330172241E-1,3.864132762E-1
1.035086188E1,2.159759998E-1,4.127778113E-1,3.800218701E-1
1.035335464E1,2.053236663E-1,3.946688473E-1,3.746957183E-1
1.035585152E1,1.946713328E-1,3.786903322E-1,3.693695366E-1
1.035834428E1,1.808233112E-1,3.616466224E-1,3.640433848E-1
1.036083704E1,1.712362021E-1,3.446028829E-1,3.629781604E-1
1.036332980E1,1.584534049E-1,3.190372884E-1,3.640433848E-1
1.036582256E1,1.467358470E-1,2.956021726E-1,3.661738634E-1
1.036831532E1,1.446053833E-1,2.679060996E-1,3.683043122E-1
1.037080808E1,1.382139921E-1,2.434057444E-1,3.672390878E-1
1.037330084E1,1.233007237E-1,2.327534109E-1,3.608476818E-1
1.037579365E1,1.041265279E-1,2.327534109E-1,3.544562757E-1
1.037828641E1,9.027849883E-2,2.348838747E-1,3.469996452E-1
1.038077917E1,9.027849883E-2,2.167749256E-1,3.469996452E-1
1.038327193E1,1.073222235E-1,1.677742004E-1,3.544562757E-1
1.038575975E1,1.296921223E-1,1.123820841E-1,3.597824574E-1
1.038825251E1,1.403444558E-1,7.722939551E-2,3.576519787E-1
1.039074527E1,1.467358470E-1,5.698996782E-2,3.480648994E-1
1.039323803E1,1.478010863E-1,5.379426852E-2,3.342168629E-1
1.039573079E1,1.435401440E-1,6.231613085E-2,3.150426745E-1
1.039822355E1,1.307573467E-1,8.468602598E-2,3.075860441E-1
1.040071631E1,1.179745570E-1,1.081211492E-1,3.097164929E-1
1.040320907E1,1.158440933E-1,1.145125479E-1,3.193036020E-1
1.040570188E1,1.222354919E-1,1.059906855E-1,3.448691964E-1
1.040819464E1,1.360835135E-1,7.935985923E-2,3.736304939E-1
1.041068740E1,1.541924775E-1,6.018566713E-2,4.045222402E-1
1.041318016E1,1.680405140E-1,5.592473224E-2,4.268921316E-1
1.041567412E1,1.733666807E-1,7.509893179E-2,4.364792407E-1
1.041816688E1,1.786928326E-1,1.081211492E-1,4.354139864E-1
1.042065964E1,1.925408691E-1,1.422086060E-1,4.343487620E-1
1.042315240E1,2.074541301E-1,1.688394397E-1,4.375444651E-1
1.042564516E1,2.191716880E-1,1.997311860E-1,4.407401681E-1
1.042813792E1,2.191716880E-1,2.380795777E-1,4.386096895E-1
1.043063068E1,2.095845938E-1,2.817541361E-1,4.300878346E-1
1.043312344E1,1.978670359E-1,3.222329915E-1,4.205007255E-1
1.043561626E1,1.872147024E-1,3.563204408E-1,4.109136462E-1
1.043810902E1,1.786928326E-1,3.797555864E-1,4.045222402E-1
1.044060178E1,1.701709777E-1,3.989297748E-1,4.023917615E-1
1.044309454E1,1.605838835E-1,4.117125571E-1,4.013265371E-1
1.044558574E1,1.531272531E-1,4.255605936E-1,4.002613127E-1
1.044807850E1,1.488663107E-1,4.330172241E-1,3.991960883E-1
1.045057126E1,1.478010863E-1,4.436695576E-1,3.960003853E-1
1.045306402E1,1.520620137E-1,4.436695576E-1,3.906742036E-1
1.045555678E1,1.509967744E-1,4.394086301E-1,3.842828274E-1
1.045804954E1,1.637795717E-1,4.276910722E-1,3.800218701E-1
1.046054230E1,1.723014414E-1,4.074516296E-1,3.661738634E-1
1.046303506E1,1.840189993E-1,3.850817382E-1,3.576519787E-1
1.046552787E1,1.978670359E-1,3.541899920E-1,3.512606025E-1
1.046802063E1,2.138455361E-1,3.264939189E-1,3.448691964E-1
1.047051339E1,2.319544852E-1,2.966673970E-1,3.406082690E-1
1.047300615E1,2.479329854E-1,2.711018026E-1,3.363473415E-1
1.047550397E1,2.628462613E-1,2.476666719E-1,3.320863843E-1
1.047799673E1,2.756290436E-1,2.263620198E-1,3.310211599E-1
1.048048949E1,2.852161527E-1,2.082530558E-1,3.278254569E-1
1.048298225E1,3.033251166E-1,1.986659616E-1,3.299559355E-1
1.048547501E1,3.203688264E-1,1.890788674E-1,3.352820873E-1
1.048796777E1,3.363473415E-1,1.805569977E-1,3.395430148E-1
1.049046053E1,3.501953483E-1,1.784265339E-1,3.438039720E-1
1.049295329E1,3.640433848E-1,1.784265339E-1,3.501953483E-1
1.049544610E1,3.757609427E-1,1.880136281E-1,3.533910513E-1
1.049793886E1,3.896089792E-1,1.890788674E-1,3.533910513E-1
1.050043162E1,4.066527188E-1,1.794917583E-1,3.533910513E-1
1.050292438E1,4.226312041E-1,1.741656065E-1,3.533910513E-1
1.050542058E1,4.354139864E-1,1.549914032E-1,3.544562757E-1
1.050791334E1,4.492620230E-1,1.358172148E-1,3.555215299E-1
1.051040610E1,4.641752839E-1,1.113168523E-1,3.501953483E-1
1.051289886E1,4.822842479E-1,7.829462737E-2,3.395430148E-1
1.051539162E1,5.035889149E-1,3.675054014E-2,3.299559355E-1
1.051788438E1,5.366111398E-1,-3.035914153E-2,3.097164929E-1
1.052037714E1,5.621767044E-1,-1.145125479E-1,2.777595222E-1
1.052286990E1,5.749595165E-1,-1.837527007E-1,2.511286736E-1
1.052536272E1,5.813509226E-1,-2.370143533E-1,2.394111156E-1
1.052785542E1,5.472634435E-1,-2.274272442E-1,2.553896308E-1
1.053034824E1,5.174369216E-1,-2.221010923E-1,2.713681161E-1
1.053284100E1,4.982627332E-1,-2.348838747E-1,2.905423045E-1
1.053532699E1,4.567186534E-1,-2.029268891E-1,3.395430148E-1
1.053781975E1,4.236964285E-1,-1.592523307E-1,3.853480518E-1
1.054031251E1,4.002613127E-1,-1.283605844E-1,4.077179432E-1
1.054280527E1,3.885437548E-1,-1.155777797E-1,4.098483920E-1
1.054529803E1,3.885437548E-1,-1.155777797E-1,3.960003853E-1
1.054779079E1,4.247616827E-1,-2.231663167E-1,2.979989350E-1
1.055028355E1,4.641752839E-1,-3.786903322E-1,1.914756298E-1
1.055277631E1,4.716319144E-1,-4.969311953E-1,1.339530498E-1
1.055526912E1,4.577838778E-1,-5.800193548E-1,1.147788614E-1
1.055776188E1,4.290226102E-1,-6.290200949E-1,1.190397888E-1
1.056025464E1,3.885437548E-1,-6.588466167E-1,1.478010863E-1
1.056274740E1,3.416734934E-1,-6.716294289E-1,1.914756298E-1
1.056524167E1,2.990641594E-1,-6.684337258E-1,2.415415943E-1
1.056773443E1,2.575200796E-1,-6.599118710E-1,2.862813771E-1
1.057022719E1,2.255630940E-1,-6.503247619E-1,3.256950080E-1
1.057271996E1,1.925408691E-1,-6.258243918E-1,3.587172329E-1
1.057521272E1,1.605838835E-1,-5.832150578E-1,3.789566457E-1
1.057770548E1,1.296921223E-1,-5.331491232E-1,3.853480518E-1
1.058019824E1,1.009308323E-1,-4.820179343E-1,3.853480518E-1
1.058269100E1,7.643046975E-2,-4.415390790E-1,3.757609427E-1
1.058518381E1,5.938674137E-2,-4.170387387E-1,3.629781604E-1
1.058767657E1,4.234301299E-2,-4.053211510E-1,3.523258269E-1
1.059016933E1,2.956021577E-2,-4.074516296E-1,3.406082690E-1
1.059266209E1,2.210358530E-2,-4.191691875E-1,3.310211599E-1
1.059515261E1,1.251648832E-2,-4.436695576E-1,3.214340508E-1
1.059764537E1,5.059856921E-3,-4.660394490E-1,3.171731234E-1
1.060013813E1,-4.527240526E-3,-4.948007464E-1,3.107817471E-1
1.060263089E1,-1.198387146E-2,-5.203663111E-1,3.054555655E-1
1.060512365E1,-1.731003635E-2,-5.469971299E-1,2.969337106E-1
1.060761641E1,-2.370143496E-2,-5.683017969E-1,2.873466015E-1
1.061010917E1,-2.476666868E-2,-5.821498632E-1,2.766942680E-1
1.061260193E1,-2.263620123E-2,-5.896064639E-1,2.639114857E-1
1.061509475E1,-2.263620123E-2,-5.991935730E-1,2.511286736E-1
1.061758751E1,-2.050573565E-2,-5.970631242E-1,2.351501882E-1
1.062008027E1,-1.837527007E-2,-5.896064639E-1,2.170412242E-1
1.062257303E1,-1.837527007E-2,-5.768237114E-1,1.957365721E-1
1.062506277E1,-1.624480449E-2,-5.597799420E-1,1.712362021E-1
1.062755548E1,-1.731003635E-2,-5.352795720E-1,1.467358470E-1
1.063004824E1,-2.157096937E-2,-5.065183043E-1,1.190397888E-1
1.063254094E1,-2.263620123E-2,-4.724308550E-1,9.453943372E-2
1.063503371E1,-2.583190054E-2,-4.298215210E-1,7.003907114E-2
1.063752646E1,-2.583190054E-2,-3.786903322E-1,4.766917601E-2
1.064001917E1,-2.476666868E-2,-3.254286945E-1,2.316881903E-2
1.064251188E1,-2.370143496E-2,-2.679060996E-1,6.125089712E-3
1.064500464E1,-2.050573565E-2,-2.071878165E-1,-1.198387146E-2
1.064749740E1,-1.304910425E-2,-1.432738453E-1,-3.328853101E-2
1.064999011E1,-1.198387146E-2,-8.468602598E-2,-4.820179567E-2
1.065248287E1,-3.462007269E-3,-2.929390781E-2,-6.204982474E-2
1.065498214E1,-2.396774245E-3,2.396774292E-2,-7.589785010E-2
1.065747485E1,-5.592473317E-3,7.935985923E-2,-8.761541545E-2
1.065996761E1,-1.091863867E-2,1.336867511E-1,-1.067896113E-1
1.066246032E1,-2.050573565E-2,1.890788674E-1,-1.312899739E-1
1.066495308E1,-3.328853101E-2,2.380795777E-1,-1.557903290E-1
1.066744579E1,-3.861469775E-2,2.785584331E-1,-1.696383655E-1
1.066993855E1,-5.033225939E-2,3.126458824E-1,-1.717688292E-1
1.067243131E1,-5.778888986E-2,3.392767310E-1,-1.792254597E-1
1.067492402E1,-6.311506033E-2,3.605813682E-1,-1.941387206E-1
1.067741678E1,-7.163692266E-2,3.818860352E-1,-2.143781483E-1
1.067990949E1,-7.802832127E-2,4.031907022E-1,-2.410089672E-1
1.068240225E1,-8.548495173E-2,4.223648906E-1,-2.665745616E-1
1.068489329E1,-9.081111848E-2,4.436695576E-1,-2.910749316E-1
1.068738600E1,-9.507204592E-2,4.585828185E-1,-3.059881926E-1
1.068987876E1,-1.035939083E-1,4.703003764E-1,-3.155752718E-1
1.069237146E1,-1.089200750E-1,4.734960794E-1,-3.219666779E-1
1.069486423E1,-1.131810099E-1,4.745613039E-1,-3.272928596E-1
1.069735699E1,-1.163767055E-1,4.745613039E-1,-3.294233084E-1
1.069984969E1,-1.248985752E-1,4.724308550E-1,-3.368799388E-1
1.070234246E1,-1.387466043E-1,4.692351520E-1,-3.411408663E-1
1.070483516E1,-1.472684592E-1,4.596480429E-1,-3.422061205E-1
1.070732792E1,-1.515294015E-1,4.372781515E-1,-3.422061205E-1
1.070982063E1,-1.536598653E-1,3.957340717E-1,-3.347494900E-1
1.071231339E1,-1.451379955E-1,3.328853250E-1,-3.187709749E-1
1.071480772E1,-1.121157780E-1,2.146444470E-1,-2.846835256E-1
1.071730042E1,-5.778888986E-2,4.207670316E-2,-2.303566486E-1
1.071979318E1,-1.198387146E-2,-1.123820841E-1,-1.749645174E-1
1.072228589E1,1.571218669E-2,-2.082530558E-1,-1.302247345E-1
1.072477865E1,3.808208182E-2,-2.604494691E-1,-9.613727778E-2
1.072727141E1,4.873441160E-2,-2.817541361E-1,-8.015878499E-2
1.072976412E1,5.086487532E-2,-2.892107666E-1,-7.589785010E-2
1.073225688E1,4.979964346E-2,-2.934716940E-1,-7.163692266E-2
1.073474959E1,5.193011090E-2,-3.041240275E-1,-7.909355313E-2
1.073724235E1,4.979964346E-2,-3.222329915E-1,-9.400681406E-2
1.073973506E1,4.979964346E-2,-3.573856652E-1,-1.110505462E-1
1.074222782E1,5.086487532E-2,-4.031907022E-1,-1.206376404E-1
1.074472074E1,5.938674137E-2,-4.703003764E-1,-1.227681041E-1
1.074721344E1,7.003907114E-2,-5.555190444E-1,-1.217028722E-1
1.074970620E1,8.069140464E-2,-6.460638046E-1,-1.238333359E-1
1.075219891E1,9.560466558E-2,-7.248910666E-1,-1.302247345E-1
1.075469167E1,1.126483902E-1,-8.058487773E-1,-1.344856620E-1
1.075718443E1,1.360835135E-1,-8.910674453E-1,-1.344856620E-1
1.075967714E1,1.616491079E-1,-9.730903506E-1,-1.451379955E-1
1.076216990E1,1.829537749E-1,-1.050852418E0,-1.643121988E-1
1.076466261E1,2.031932026E-1,-1.122223020E0,-1.632469594E-1
1.076715537E1,2.287587970E-1,-1.195724010E0,-1.579207927E-1
1.076964808E1,2.479329854E-1,-1.238333344E0,-1.462032348E-1
1.077214084E1,2.660419345E-1,-1.263898969E0,-1.163767055E-1
1.077463673E1,2.852161527E-1,-1.277747035E0,-7.270215452E-2
1.077712943E1,3.033251166E-1,-1.276681781E0,-2.689713426E-2
1.077962219E1,3.193036020E-1,-1.252181411E0,-1.331541222E-3
1.078211490E1,3.331516385E-1,-1.221289635E0,2.849498391E-2
1.078460766E1,3.491301239E-1,-1.191463113E0,5.193011090E-2
1.078710042E1,3.661738634E-1,-1.158440948E0,6.045197323E-2
1.078959313E1,3.821523488E-1,-1.128614426E0,4.660394415E-2
1.079208589E1,3.981308341E-1,-1.084939837E0,2.636451647E-2
1.079457860E1,4.162397981E-1,-1.061504722E0,1.677742042E-2
1.079707136E1,4.439358711E-1,-1.055113316E0,2.929390874E-3
1.079956407E1,4.705666900E-1,-1.051917553E0,-1.411433797E-2
1.080205683E1,5.110455155E-1,-1.065765619E0,-5.592473317E-3
1.080454907E1,5.696333647E-1,-1.110505462E0,1.864157850E-3
1.080704178E1,6.165035963E-1,-1.145658135E0,-3.648423031E-2
1.080953454E1,6.484606266E-1,-1.172288895E0,-9.187635034E-2
1.081202725E1,6.868090034E-1,-1.223420143E0,-1.398118287E-1
1.081452001E1,7.475273013E-1,-1.339530468E0,-1.675078869E-1
1.081701277E1,8.071803451E-1,-1.473749876E0,-1.941387206E-1
1.081950548E1,8.508548737E-1,-1.585599303E0,-2.165086120E-1
1.082199824E1,8.849423528E-1,-1.679339886E0,-2.452699095E-1
1.082449094E1,9.158340693E-1,-1.744319081E0,-2.665745616E-1
1.082698370E1,9.477910995E-1,-1.800776482E0,-2.793573737E-1
1.082947641E1,9.744219184E-1,-1.865755677E0,-2.921401560E-1
1.083196917E1,9.957265854E-1,-1.942452431E0,-3.091838956E-1
1.083446110E1,1.008509398E0,-2.015953541E0,-3.368799388E-1
1.083695381E1,1.021292210E0,-2.068149805E0,-3.485974967E-1
1.083944657E1,1.047922969E0,-2.094780684E0,-3.358147144E-1
1.084193928E1,1.067097187E0,-2.105432987E0,-3.283580840E-1
1.084443204E1,1.075619102E0,-2.086258888E0,-3.230319023E-1
1.084692475E1,1.059640527E0,-2.031931877E0,-3.134448230E-1
1.084941751E1,1.036205411E0,-1.942452431E0,-2.932053804E-1
1.085191027E1,1.014900804E0,-1.857233763E0,-2.697702646E-1
1.085440298E1,9.999874830E-1,-1.794385076E0,-2.442046702E-1
1.085689574E1,9.882699251E-1,-1.772015095E0,-2.260957062E-1
1.085938844E1,9.861394763E-1,-1.752840996E0,-2.122476846E-1
1.086188121E1,9.925308824E-1,-1.753906131E0,-1.941387206E-1
1.086437548E1,9.935960770E-1,-1.768819451E0,-1.728340536E-1
1.086686818E1,9.925308824E-1,-1.754971385E0,-1.462032348E-1
1.086936094E1,9.818785191E-1,-1.713427305E0,-1.089200750E-1
1.087185365E1,9.584434032E-1,-1.642056704E0,-7.057169080E-2
1.087434641E1,9.179645777E-1,-1.539794326E0,-2.689713426E-2
1.087683912E1,8.753552437E-1,-1.430075288E0,2.956021577E-2
1.087933188E1,8.348763585E-1,-1.324617267E0,8.814803511E-2
1.088182464E1,8.007889390E-1,-1.226615787E0,1.360835135E-1
1.088431735E1,7.656362653E-1,-1.133940578E0,1.776276082E-1
1.088681011E1,7.453967929E-1,-1.080678940E0,2.127802968E-1
1.088930282E1,7.315487862E-1,-1.051917553E0,2.426068187E-1
1.089179558E1,7.123745680E-1,-1.033808708E0,2.617810071E-1
1.089429173E1,7.059831619E-1,-1.037004352E0,2.724333405E-1
1.089678443E1,7.081136703E-1,-1.052982807E0,2.724333405E-1
1.089927719E1,7.113093734E-1,-1.062569976E0,2.639114857E-1
1.090176990E1,7.240921259E-1,-1.092396498E0,2.628462613E-1
1.090426266E1,7.443315983E-1,-1.130744815E0,2.543243766E-1
1.090675542E1,7.571143508E-1,-1.149919033E0,2.372806519E-1
1.090924813E1,7.805495262E-1,-1.185071707E0,2.255630940E-1
1.091174089E1,7.890713811E-1,-1.199985027E0,1.978670359E-1
1.091423360E1,7.837451696E-1,-1.193593621E0,1.648448110E-1
1.091672636E1,7.816147208E-1,-1.188267469E0,1.328878254E-1
1.091921907E1,7.517881989E-1,-1.143527627E0,9.560466558E-2
1.092171183E1,6.814828515E-1,-1.029547691E0,4.873441160E-2
1.092420141E1,5.834813714E-1,-8.718932271E-1,7.190322969E-3
1.092669412E1,5.003932118E-1,-7.355434299E-1,-2.050573565E-2
1.092918688E1,4.492620230E-1,-6.567161679E-1,-2.902759984E-2
1.093167959E1,4.109136462E-1,-5.949326158E-1,-4.500609636E-2
1.093417235E1,3.469996452E-1,-4.969311953E-1,-9.613727778E-2
1.093666511E1,2.724333405E-1,-3.936035931E-1,-1.366161406E-1
1.093915782E1,2.372806519E-1,-3.552552164E-1,-1.440727711E-1
1.094165058E1,2.458025217E-1,-3.957340717E-1,-1.248985752E-1
1.094414329E1,2.607157826E-1,-4.543218911E-1,-1.025286764E-1
1.094663605E1,1.914756298E-1,-4.095821083E-1,-8.015878499E-2
1.094912876E1,1.382139921E-1,-3.765598834E-1,3.062544949E-2
1.095162152E1,1.318225861E-1,-3.414071798E-1,2.724333405E-1
1.095411553E1,5.832150951E-2,-6.870753318E-2,5.248935819E-1
1.095660824E1,-5.459319428E-2,3.765598834E-1,6.633738875E-1
1.095910100E1,-1.813559234E-1,8.324795961E-1,7.123745680E-1
1.096159370E1,-2.431394309E-1,1.105179310E0,6.687000394E-1
1.096408647E1,-2.303566486E-1,1.153114796E0,6.037208438E-1
1.096657917E1,-1.568555683E-1,1.013569236E0,5.983946323E-1
1.096907193E1,-1.259638071E-1,9.059807062E-1,6.069164872E-1
1.097156469E1,-1.707035899E-1,9.017197490E-1,5.728290677E-1
1.097405740E1,-2.505960763E-1,9.432638288E-1,5.142412186E-1
1.097655016E1,-3.326190114E-1,9.997211695E-1,4.556534290E-1
1.097904287E1,-4.093157947E-1,1.045526266E0,4.055874646E-1
1.098153563E1,-4.625774324E-1,1.051917553E0,3.725652397E-1
1.098403199E1,-4.870778024E-1,1.025286794E0,3.384777904E-1
1.098652469E1,-4.902735054E-1,9.645684958E-1,2.916075289E-1
1.098901746E1,-4.796211720E-1,8.782846332E-1,2.372806519E-1
1.099151016E1,-4.625774324E-1,7.845441103E-1,1.914756298E-1
1.099400292E1,-4.540555775E-1,7.206301689E-1,1.307573467E-1
1.099649568E1,-4.519250989E-1,6.790860295E-1,7.856093347E-2
1.099898839E1,-4.668383598E-1,6.503247619E-1,2.529928461E-2
1.100148115E1,-4.870778024E-1,6.236939430E-1,-2.476666868E-2
1.100397386E1,-5.254262090E-1,5.991935730E-1,-7.270215452E-2
1.100646662E1,-5.744268894E-1,5.800193548E-1,-1.003982127E-1
1.100895933E1,-5.882749557E-1,5.384752750E-1,-9.826774895E-2
1.101145209E1,-5.446003675E-1,5.043878555E-1,-5.139749497E-2
1.101395074E1,-5.019910336E-1,5.054530501E-1,-1.411433797E-2
1.101644344E1,-4.892082810E-1,5.320838690E-1,-1.517957076E-2
1.101893621E1,-5.019910336E-1,5.661713481E-1,-5.033225939E-2
1.102142891E1,-5.286219120E-1,6.055849791E-1,-1.078548431E-1
1.102392167E1,-5.701659918E-1,6.386072040E-1,-1.525946259E-1
1.102641443E1,-6.255580783E-1,6.577813625E-1,-1.962691844E-1
1.102890714E1,-6.756240726E-1,6.652380228E-1,-2.292914093E-1
1.103139990E1,-7.171681523E-1,6.620423198E-1,-2.516613007E-1
1.103389261E1,-7.661688328E-1,6.556509137E-1,-2.772268951E-1
1.103638537E1,-8.236914277E-1,6.822817326E-1,-3.123795986E-1
1.103887808E1,-9.142362475E-1,7.579132915E-1,-3.762935698E-1
1.104137084E1,-9.611064792E-1,7.728265524E-1,-4.583165050E-1
1.104385605E1,-9.760197401E-1,8.165011406E-1,-4.636426866E-1
1.104634876E1,-1.009042025E0,9.219591618E-1,-4.465989470E-1
1.104884152E1,-1.004781008E0,9.986559749E-1,-4.380770922E-1
1.105133423E1,-9.504541755E-1,1.033808708E0,-4.178376496E-1
1.105382699E1,-8.865401745E-1,1.024221539E0,-4.050548673E-1
1.105631975E1,-8.396699429E-1,1.012503982E0,-4.370118380E-1
1.105881246E1,-7.906692028E-1,1.018895388E0,-4.434032440E-1
1.106130522E1,-9.078448415E-1,1.306508303E0,-4.178376496E-1
1.106379792E1,-1.214631915E0,1.889323950E0,-2.495308369E-1
1.106629068E1,-1.485201120E0,2.467745543E0,-8.655018359E-2
1.106878339E1,-1.771748781E0,3.084515333E0,4.127778113E-2
1.107127615E1,-1.984795451E0,3.462673187E0,1.041265279E-1
1.107377011E1,-2.030600548E0,3.605414391E0,1.126483902E-1
1.107626282E1,-1.981599689E0,3.682111025E0,9.773512930E-2
1.107875558E1,-1.849510789E0,3.686372042E0,7.749570161E-2
1.108124829E1,-1.664160252E0,3.599022865E0,4.873441160E-2
1.108374105E1,-1.441526532E0,3.407280922E0,2.316881903E-2
1.108623376E1,-1.186935902E0,3.129255056E0,1.677742042E-2
1.108872652E1,-9.163666964E-1,2.760684490E0,2.316881903E-2
1.109121928E1,-6.521888971E-1,2.310091019E0,3.701684624E-2
1.109371199E1,-4.114462435E-1,1.794385076E0,6.045197323E-2
1.109620475E1,-2.069215178E-1,1.242594361E0,8.495233208E-2
1.109869746E1,-4.074516147E-2,6.950645447E-1,1.169093251E-1
1.110119022E1,9.027849883E-2,1.890788674E-1,1.414096802E-1
1.110368334E1,1.925408691E-1,-2.316881865E-1,1.616491079E-1
1.110617605E1,2.617810071E-1,-5.480623841E-1,1.712362021E-1
1.110866881E1,3.139774203E-1,-7.547175884E-1,1.744319052E-1
1.111116152E1,3.587172329E-1,-8.729584813E-1,1.723014414E-1
1.111365428E1,3.928046823E-1,-9.187634587E-1,1.669752747E-1
1.111614699E1,4.055874646E-1,-9.155677557E-1,1.552577168E-1
1.111863975E1,4.055874646E-1,-8.772193789E-1,1.446053833E-1
1.112113251E1,3.906742036E-1,-8.101097345E-1,1.328878254E-1
1.112362522E1,3.597824574E-1,-7.216953635E-1,1.222354919E-1
1.112611798E1,3.193036020E-1,-6.173025370E-1,1.105179265E-1
1.112861068E1,2.671071887E-1,-5.118444562E-1,9.666989744E-2
1.113110344E1,2.170412242E-1,-3.999949992E-1,8.495233208E-2
1.113360662E1,1.637795717E-1,-2.870802879E-1,7.003907114E-2
1.113609938E1,1.169093251E-1,-1.837527007E-1,4.979964346E-2
1.113859214E1,7.110430300E-2,-8.788172156E-2,3.062544949E-2
1.114108490E1,3.169068322E-2,-4.793548491E-3,1.677742042E-2
1.114357766E1,2.929390874E-3,6.444659829E-2,-2.663082560E-4
1.114607042E1,-2.796236612E-2,1.145125479E-1,-1.198387146E-2
1.114856318E1,-4.713656008E-2,1.517957002E-1,-2.050573565E-2
1.115105594E1,-6.418029219E-2,1.720351279E-1,-2.689713426E-2
1.115354870E1,-7.589785010E-2,1.794917583E-1,-2.902759984E-2
1.115604147E1,-8.335448056E-2,1.731003672E-1,-2.583190054E-2
1.115853423E1,-8.335448056E-2,1.624480337E-1,-1.731003635E-2
1.116102699E1,-8.335448056E-2,1.475347728E-1,-6.657706574E-3
1.116351787E1,-7.696308941E-2,1.326215118E-1,1.864157850E-3
1.116601063E1,-7.270215452E-2,1.230344176E-1,8.255556226E-3
1.116850339E1,-7.057169080E-2,1.209039465E-1,1.145125460E-2
1.117099615E1,-6.524552405E-2,1.209039465E-1,1.251648832E-2
1.117348891E1,-6.204982474E-2,1.262301207E-1,1.145125460E-2
1.117598167E1,-5.885412544E-2,1.347519755E-1,1.677742042E-2
1.117847443E1,-5.246272683E-2,1.422086060E-1,2.423405088E-2
1.118096719E1,-4.607132822E-2,1.475347728E-1,3.275591508E-2
1.118345996E1,-4.074516147E-2,1.581871063E-1,5.086487532E-2
1.118595272E1,-3.009283356E-2,1.709699035E-1,7.003907114E-2
1.118844548E1,-1.944050193E-2,1.816222370E-1,8.601756394E-2
1.119093824E1,-3.462007269E-3,1.986659616E-1,9.986559302E-2
1.119342167E1,1.677742042E-2,2.178401500E-1,1.137136221E-1
1.119591443E1,3.701684624E-2,2.359491140E-1,1.222354919E-1
1.119840719E1,5.619104207E-2,2.529928386E-1,1.275616586E-1
1.120089996E1,7.643046975E-2,2.657756507E-1,1.254311949E-1
1.120339272E1,9.240896255E-2,2.774932086E-1,1.222354919E-1
1.120588548E1,1.094526947E-1,2.838846147E-1,1.211702600E-1
1.120837824E1,1.201050207E-1,2.881455421E-1,1.169093251E-1
1.121087100E1,1.286268830E-1,2.924064696E-1,1.147788614E-1
1.121336376E1,1.350182891E-1,2.892107666E-1,1.158440933E-1
1.121585652E1,1.382139921E-1,2.796236575E-1,1.179745570E-1
1.121834928E1,1.392792165E-1,2.668408751E-1,1.179745570E-1
1.122084204E1,1.243659556E-1,2.700365782E-1,1.158440933E-1
1.122334136E1,8.069140464E-2,3.137111366E-1,1.286268830E-1
1.122583412E1,2.956021577E-2,3.872122169E-1,1.744319052E-1
1.122832688E1,-2.689713426E-2,5.043878555E-1,2.500634491E-1
1.123081964E1,-8.868064731E-2,6.620423198E-1,3.427387178E-1
1.123331240E1,-1.493989378E-1,8.410014510E-1,4.343487620E-1
1.123580516E1,-2.143781483E-1,1.041265249E0,5.057193637E-1
1.123829792E1,-2.793573737E-1,1.234072447E0,5.504591465E-1
1.124079068E1,-3.443365693E-1,1.405574918E0,5.643072128E-1
1.124328344E1,-4.007939398E-1,1.540859580E0,5.536548495E-1
1.124577620E1,-4.391423166E-1,1.648448110E0,5.206326246E-1
1.124826897E1,-4.561860561E-1,1.723014474E0,4.684362113E-1
1.125076173E1,-4.561860561E-1,1.743253827E0,3.949351311E-1
1.125324860E1,-4.295552075E-1,1.715557814E0,3.097164929E-1
1.125574136E1,-3.858806491E-1,1.640991449E0,2.202369273E-1
1.125823412E1,-3.347494900E-1,1.536598682E0,1.424749196E-1
1.126072688E1,-2.804225981E-1,1.414096832E0,8.069140464E-2
1.126321964E1,-2.271609455E-1,1.283073187E0,4.021254554E-2
1.126571240E1,-1.802906841E-1,1.131810069E0,1.571218669E-2
1.126820516E1,-1.376813650E-1,9.613727927E-1,3.994623665E-3
1.127069792E1,-9.826774895E-2,7.728265524E-1,2.929390874E-3
1.127319068E1,-6.950645149E-2,5.981283188E-1,1.890788600E-2
1.127568344E1,-6.204982474E-2,4.362129271E-1,5.832150951E-2
1.127817621E1,-6.737598777E-2,2.838846147E-1,1.105179265E-1
1.128066896E1,-9.613727778E-2,1.677742004E-1,1.573881805E-1
1.128316167E1,-1.430075318E-1,9.320788831E-2,2.063889056E-1
1.128565443E1,-2.026605755E-1,4.846810177E-2,2.564548552E-1
1.128814719E1,-2.633788586E-1,4.633763805E-2,3.107817471E-1
1.129063996E1,-3.272928596E-1,8.575125784E-2,3.576519787E-1
1.129313272E1,-3.880111277E-1,1.422086060E-1,3.917394578E-1
1.129562548E1,-4.370118380E-1,2.125139832E-1,4.247616827E-1
1.129811824E1,-4.710993171E-1,2.966673970E-1,4.588491321E-1
1.130061100E1,-4.966649115E-1,3.893426657E-1,4.908061028E-1
1.130310376E1,-5.211652517E-1,5.075835586E-1,5.185021758E-1
1.130559652E1,-5.360785127E-1,6.151720881E-1,5.355458856E-1
1.130808928E1,-5.424699187E-1,7.184996605E-1,5.366111398E-1
1.131058204E1,-5.403394699E-1,7.920007706E-1,5.206326246E-1
1.131307246E1,-5.232957006E-1,8.388710022E-1,4.950670600E-1
1.131556522E1,-5.051867366E-1,8.708279729E-1,4.652405083E-1
1.131805798E1,-4.913387299E-1,8.793498874E-1,4.364792407E-1
1.132055074E1,-4.710993171E-1,8.633713722E-1,4.087831676E-1
1.132304350E1,-4.540555775E-1,8.186315894E-1,3.832175732E-1
1.132553626E1,-4.327509105E-1,7.451304793E-1,3.661738634E-1
1.132802902E1,-4.284899831E-1,6.833469868E-1,3.597824574E-1
1.133052178E1,-4.338161349E-1,6.290200949E-1,3.640433848E-1
1.133301454E1,-4.412727654E-1,5.651060939E-1,3.619129062E-1
1.133550730E1,-4.359466136E-1,4.916050434E-1,3.619129062E-1
1.133800006E1,-4.316856861E-1,4.372781515E-1,3.683043122E-1
1.134049282E1,-4.231638312E-1,3.850817382E-1,3.746957183E-1
1.134299011E1,-3.975982368E-1,3.243634701E-1,3.896089792E-1
1.134548287E1,-3.507279754E-1,2.721670270E-1,4.034570158E-1
1.134797563E1,-3.059881926E-1,2.338186502E-1,4.247616827E-1
1.135046839E1,-2.644441128E-1,2.167749256E-1,4.418053925E-1
1.135296115E1,-2.303566486E-1,2.178401500E-1,4.535229504E-1
1.135545391E1,-1.962691844E-1,2.167749256E-1,4.545882046E-1
1.135794667E1,-1.589860320E-1,2.167749256E-1,4.481967986E-1
1.136043943E1,-1.185071766E-1,2.082530558E-1,4.343487620E-1
1.136293219E1,-3.967992961E-2,1.272953451E-1,4.087831676E-1
1.136542496E1,5.832150951E-2,9.054481052E-3,3.821523488E-1
1.136791772E1,9.880036116E-2,-2.716344222E-2,3.693695366E-1
1.137041048E1,6.045197323E-2,3.355484083E-2,3.651086092E-1
1.137290298E1,2.929390874E-3,1.240996495E-1,3.512606025E-1
1.137539574E1,-2.263620123E-2,1.560566425E-1,3.235645294E-1
1.137788850E1,-3.222329915E-2,1.603175700E-1,2.948032320E-1
1.138038126E1,-3.754946589E-2,1.656437367E-1,2.585853040E-1
1.138287402E1,-3.328853101E-2,1.773612946E-1,2.149107605E-1
1.138536678E1,-6.524552405E-2,2.466014475E-1,1.808233112E-1
1.138785954E1,-1.003982127E-1,2.966673970E-1,1.563229412E-1
1.139035230E1,-1.248985752E-1,3.264939189E-1,1.360835135E-1
1.139284506E1,-1.163767055E-1,3.094501793E-1,1.233007237E-1
1.139533782E1,-8.441971987E-2,2.583190203E-1,1.222354919E-1
1.139783058E1,-9.853405878E-3,1.209039465E-1,1.147788614E-1
1.140032334E1,1.541924775E-1,-1.486000121E-1,1.041265279E-1
1.140281485E1,3.097164929E-1,-4.085168540E-1,9.880036116E-2
1.140530761E1,4.205007255E-1,-5.757584572E-1,9.666989744E-2
1.140780037E1,4.045222402E-1,-5.278229713E-1,1.062569916E-1
1.141029313E1,2.979989350E-1,-2.838846147E-1,1.296921223E-1
1.141278589E1,2.031932026E-1,3.728315700E-3,1.541924775E-1
1.141527865E1,1.243659556E-1,2.764279842E-1,1.818885356E-1
1.141777141E1,4.553871229E-2,5.363448262E-1,2.117150575E-1
1.142026417E1,-1.411433797E-2,7.184996605E-1,2.255630940E-1
1.142275693E1,-2.396774245E-3,7.216953635E-1,2.213021666E-1
1.142524969E1,5.619104207E-2,6.162372828E-1,1.936061084E-1
1.142774246E1,1.435401440E-1,4.511261880E-1,1.563229412E-1
1.143023522E1,2.415415943E-1,2.849498391E-1,1.222354919E-1
1.143273881E1,2.937380075E-1,1.773612946E-1,9.773512930E-2
1.143523157E1,3.129121959E-1,1.379476786E-1,8.708280325E-2
1.143772433E1,2.905423045E-1,1.773612946E-1,7.856093347E-2
1.144021709E1,2.500634491E-1,2.434057444E-1,6.790860742E-2
1.144270985E1,2.255630940E-1,2.902759910E-1,5.619104207E-2
1.144520261E1,2.170412242E-1,2.892107666E-1,3.169068322E-2
1.144769537E1,2.266283184E-1,2.657756507E-1,1.864157850E-3
1.145018813E1,2.383458912E-1,2.519276142E-1,-2.902759984E-2
1.145268089E1,2.511286736E-1,2.359491140E-1,-5.565842614E-2
1.145517365E1,2.628462613E-1,2.242315561E-1,-8.868064731E-2
1.145766641E1,2.692376375E-1,2.402100414E-1,-1.206376404E-1
1.146015917E1,2.734985650E-1,2.444709837E-1,-1.568555683E-1
1.146264334E1,2.777595222E-1,2.476666719E-1,-1.983996481E-1
1.146513610E1,2.713681161E-1,2.615146935E-1,-2.410089672E-1
1.146762886E1,2.596505582E-1,2.636451721E-1,-2.942706347E-1
1.147012162E1,2.330197245E-1,2.860150635E-1,-3.454017937E-1
1.147261438E1,1.957365721E-1,3.190372884E-1,-3.837502003E-1
1.147510714E1,1.424749196E-1,3.680379987E-1,-4.103810191E-1
1.147759990E1,7.110430300E-2,4.436695576E-1,-4.284899831E-1
1.148009266E1,-1.517957076E-2,5.320838690E-1,-4.402075410E-1
1.148258542E1,-1.099853069E-1,6.290200949E-1,-4.593817294E-1
1.148507818E1,-2.037258148E-1,7.248910666E-1,-4.593817294E-1
1.148757094E1,-2.761616707E-1,7.589785457E-1,-4.306204617E-1
1.149006370E1,-3.102491200E-1,6.971949935E-1,-3.752283454E-1
1.149255761E1,-3.166405261E-1,5.640408993E-1,-2.932053804E-1
1.149505037E1,-3.177057505E-1,3.872122169E-1,-2.069215178E-1
1.149754313E1,-2.964010835E-1,2.061225921E-1,-1.280942708E-1
1.150003589E1,-2.612484097E-1,1.970681176E-2,-5.885412544E-2
1.150252865E1,-2.090519816E-1,-1.635132730E-1,-7.722939365E-3
1.150502141E1,-1.398118287E-1,-3.137111366E-1,2.529928461E-2
1.150751417E1,-5.672365800E-2,-4.351477027E-1,4.340824485E-2
1.151000693E1,2.423405088E-2,-5.256925225E-1,4.979964346E-2
1.151249969E1,8.814803511E-2,-5.896064639E-1,4.021254554E-2
1.151499246E1,1.296921223E-1,-6.322157979E-1,3.062544949E-2
1.151748522E1,1.616491079E-1,-6.716294289E-1,3.169068322E-2
1.151997798E1,1.786928326E-1,-7.110430598E-1,4.873441160E-2
1.152246938E1,1.776276082E-1,-7.611089945E-1,6.790860742E-2
1.152496214E1,1.744319052E-1,-8.037183285E-1,9.134373069E-2
1.152745490E1,1.733666807E-1,-8.516538143E-1,1.254311949E-1
1.152994766E1,1.573881805E-1,-9.145025611E-1,1.627143472E-1
1.153244042E1,1.414096802E-1,-9.826774597E-1,2.085193694E-1
1.153493318E1,1.147788614E-1,-1.050852418E0,2.543243766E-1
1.153742594E1,1.009308323E-1,-1.074287534E0,2.777595222E-1
1.153991870E1,9.986559302E-2,-1.080678940E0,2.692376375E-1
1.154241146E1,8.921326697E-2,-1.082809329E0,2.234326303E-1
1.154490423E1,8.601756394E-2,-1.078548431E0,1.499315500E-1
1.154739699E1,7.003907114E-2,-1.086005092E0,6.045197323E-2
1.154988975E1,4.021254554E-2,-1.089200735E0,-2.476666868E-2
1.155238459E1,1.864157850E-3,-1.079613686E0,-1.046591476E-1
1.155487735E1,-3.541899845E-2,-1.073222280E0,-1.845516264E-1
1.155737011E1,-6.524552405E-2,-1.047656655E0,-2.591179311E-1
1.155986287E1,-9.081111848E-2,-1.026352048E0,-3.315537870E-1
1.156235563E1,-1.195724085E-1,-1.010373473E0,-4.199681282E-1
1.156484839E1,-1.419423074E-1,-9.816122055E-1,-5.147738457E-1
1.156734115E1,-1.685731262E-1,-9.304810166E-1,-6.223623753E-1
1.156983391E1,-1.898777932E-1,-8.473928571E-1,-7.278204560E-1
1.157232667E1,-2.005301118E-1,-7.323477268E-1,-8.300828338E-1
1.157481943E1,-2.079867423E-1,-6.066502333E-1,-9.408670664E-1
1.157731219E1,-2.090519816E-1,-4.798874855E-1,-1.035672784E0
1.157980496E1,-1.888125539E-1,-3.499290347E-1,-1.108108640E0
1.158229365E1,-1.536598653E-1,-2.306229472E-1,-1.164566040E0
1.158478641E1,-1.131810099E-1,-1.230344176E-1,-1.216762424E0
1.158727917E1,-6.844121963E-2,-1.597849536E-3,-1.270024061E0
1.158977193E1,-2.157096937E-2,1.134473160E-1,-1.336068511E0
1.159226469E1,1.251648832E-2,2.221010923E-1,-1.412765265E0
1.159475746E1,3.275591508E-2,3.264939189E-1,-1.490527272E0
1.159725022E1,4.234301299E-2,4.383433759E-1,-1.555506468E0
1.159974298E1,4.447348043E-2,5.725627542E-1,-1.603441954E0
1.160223574E1,3.914731368E-2,7.323477268E-1,-1.637529492E0
1.160472850E1,3.169068322E-2,9.102416039E-1,-1.648181796E0
1.160722126E1,2.849498391E-2,1.093461752E0,-1.646051288E0
1.160971402E1,1.997311972E-2,1.254311919E0,-1.648181796E0
1.161221141E1,7.190322969E-3,1.397053123E0,-1.652442694E0
1.161470417E1,-8.788172156E-3,1.511033058E0,-1.656703711E0
1.161719693E1,-2.370143496E-2,1.606904030E0,-1.674812675E0
1.161968969E1,-3.009283356E-2,1.689992189E0,-1.709965348E0
1.162218246E1,-4.394086078E-2,1.747514725E0,-1.751509428E0
1.162467522E1,-4.713656008E-2,1.786928415E0,-1.781335950E0
1.162716798E1,-3.861469775E-2,1.812494040E0,-1.805836320E0
1.162966074E1,-2.476666868E-2,1.836994290E0,-1.807966709E0
1.163215350E1,-6.657706574E-3,1.864823580E0,-1.787727356E0
1.163464626E1,7.190322969E-3,1.903171897E0,-1.752574682E0
1.163713902E1,1.571218669E-2,1.955368400E0,-1.704639196E0
1.163963178E1,1.784265228E-2,2.011825800E0,-1.640725136E0
1.164214058E1,2.423405088E-2,2.050173998E0,-1.573615432E0
1.164463334E1,2.529928461E-2,2.064022064E0,-1.505440593E0
1.164712610E1,2.210358530E-2,2.060826540E0,-1.441526532E0
1.164961886E1,1.890788600E-2,2.043782711E0,-1.377612591E0
1.165211167E1,1.997311972E-2,2.018217087E0,-1.310502887E0
1.165460443E1,1.571218669E-2,1.978803515E0,-1.241262794E0
1.165709719E1,7.190322969E-3,1.919150472E0,-1.156044126E0
1.165958996E1,5.059856921E-3,1.840190053E0,-1.064434052E0
1.166208277E1,-1.331541222E-3,1.762428045E0,-9.728240371E-1
1.166457553E1,-1.624480449E-2,1.688926935E0,-8.865401745E-1
1.166706829E1,-3.222329915E-2,1.629273891E0,-8.098434210E-1
1.166956105E1,-3.967992961E-2,1.586664557E0,-7.374075651E-1
1.167203933E1,-4.820179567E-2,1.549381375E0,-6.766892672E-1
1.167453209E1,-6.311506033E-2,1.507837296E0,-6.287537813E-1
1.167702485E1,-7.057169080E-2,1.474815130E0,-5.904054046E-1
1.167951761E1,-7.057169080E-2,1.449249506E0,-5.691007376E-1
1.168201042E1,-7.163692266E-2,1.427944899E0,-5.573831797E-1
1.168450318E1,-6.524552405E-2,1.407705426E0,-5.403394699E-1
1.168699594E1,-6.098458916E-2,1.389596462E0,-5.286219120E-1
1.168948870E1,-5.139749497E-2,1.377878904E0,-5.137086511E-1
1.169198152E1,-3.754946589E-2,1.384270310E0,-5.105129480E-1
1.169447428E1,-1.944050193E-2,1.392792225E0,-5.051867366E-1
1.169696704E1,2.929390874E-3,1.405574918E0,-5.051867366E-1
1.169945980E1,2.103835158E-2,1.420488238E0,-5.051867366E-1
1.170195334E1,3.595161438E-2,1.435401559E0,-4.966649115E-1
1.170444610E1,5.406057462E-2,1.455640912E0,-4.785559475E-1
1.170693886E1,8.175663650E-2,1.473749876E0,-4.519250989E-1
1.170943162E1,1.041265279E-1,1.468423724E0,-4.135767221E-1
1.171192438E1,1.179745570E-1,1.437531948E0,-3.571193814E-1
1.171441719E1,1.126483902E-1,1.375748396E0,-2.995967865E-1
1.171690996E1,1.115831584E-1,1.262833714E0,-2.569874525E-1
1.171940272E1,9.773512930E-2,1.112635851E0,-2.292914093E-1
1.172189553E1,7.323476672E-2,9.315462708E-1,-2.186390758E-1
1.172438829E1,4.340824485E-2,7.206301689E-1,-2.250304818E-1
1.172688105E1,1.464695390E-2,5.171706080E-1,-2.367480397E-1
1.172937381E1,-1.198387146E-2,3.531247377E-1,-2.591179311E-1
1.173187433E1,-3.115806542E-2,2.423405200E-1,-2.836183012E-1
1.173436709E1,-4.181039706E-2,1.752308309E-1,-3.134448230E-1
1.173685985E1,-4.500609636E-2,1.464695334E-1,-3.422061205E-1
1.173935261E1,-4.181039706E-2,1.411433816E-1,-3.613803089E-1
1.174184542E1,-3.967992961E-2,1.571218669E-1,-3.688369393E-1
1.174433818E1,-3.648423031E-2,1.837527007E-1,-3.805544972E-1
1.174683094E1,-4.181039706E-2,2.199706137E-1,-3.901416063E-1
1.174932370E1,-5.778888986E-2,2.529928386E-1,-3.880111277E-1
1.175181652E1,-8.441971987E-2,2.742975056E-1,-3.645760119E-1
1.175430928E1,-1.035939083E-1,2.806889117E-1,-3.262276053E-1
1.175680204E1,-1.121157780E-1,2.742975056E-1,-2.868140042E-1
1.175929480E1,-1.089200750E-1,2.561885417E-1,-2.612484097E-1
1.176178428E1,-1.025286764E-1,2.348838747E-1,-2.431394309E-1
1.176427704E1,-9.720251709E-2,2.103835195E-1,-2.367480397E-1
1.176676980E1,-8.441971987E-2,1.848179251E-1,-2.399437428E-1
1.176926256E1,-7.270215452E-2,1.720351279E-1,-2.452699095E-1
1.177175537E1,-5.885412544E-2,1.794917583E-1,-2.505960763E-1
1.177424813E1,-4.820179567E-2,1.933397949E-1,-2.569874525E-1
1.177674089E1,-3.967992961E-2,2.125139832E-1,-2.569874525E-1
1.177923365E1,-3.222329915E-2,2.316881865E-1,-2.548570037E-1
1.178172646E1,-2.689713426E-2,2.625799477E-1,-2.527265251E-1
1.178421923E1,-1.517957076E-2,3.009283245E-1,-2.580527067E-1
1.178671199E1,-7.722939365E-3,3.477985859E-1,-2.644441128E-1
1.178920475E1,3.994623665E-3,3.989297748E-1,-2.804225981E-1
1.179169693E1,1.251648832E-2,4.585828185E-1,-2.964010835E-1
1.179418969E1,2.636451647E-2,5.182358623E-1,-3.038577139E-1
1.179668246E1,3.488638252E-2,5.576494932E-1,-3.027924895E-1
1.179917522E1,3.914731368E-2,5.885412693E-1,-2.985315621E-1
1.180166803E1,3.808208182E-2,6.087806821E-1,-3.049229383E-1
1.180416079E1,4.234301299E-2,6.290200949E-1,-3.251623809E-1
1.180665355E1,5.619104207E-2,6.641727686E-1,-3.539236784E-1
1.180914631E1,6.577813625E-2,6.961297989E-1,-3.752283454E-1
1.181163912E1,7.430000603E-2,7.248910666E-1,-3.848154247E-1
1.181413188E1,8.601756394E-2,7.451304793E-1,-3.922720551E-1
1.181662464E1,1.009308323E-1,7.685656548E-1,-3.933372796E-1
1.181911740E1,1.158440933E-1,7.951964736E-1,-3.965329826E-1
1.182160751E1,1.254311949E-1,8.175663352E-1,-4.071853161E-1
1.182410027E1,1.382139921E-1,8.292838931E-1,-4.125114977E-1
1.182659303E1,1.520620137E-1,8.399362564E-1,-4.210333526E-1
1.182908579E1,1.595186442E-1,8.580452204E-1,-4.263595045E-1
1.183157860E1,1.712362021E-1,8.729584813E-1,-4.263595045E-1
1.183407136E1,1.861494780E-1,8.814803362E-1,-4.189028740E-1
1.183656412E1,2.053236663E-1,8.857412338E-1,-3.975982368E-1
1.183905688E1,2.255630940E-1,8.889369369E-1,-3.730978668E-1
1.184154969E1,2.500634491E-1,8.804150820E-1,-3.560541272E-1
1.184404246E1,2.766942680E-1,8.473928571E-1,-3.326190114E-1
1.184653522E1,3.043903410E-1,8.047835231E-1,-3.145100474E-1
1.184902798E1,3.299559355E-1,7.611089945E-1,-3.049229383E-1
1.185153402E1,3.480648994E-1,7.067821026E-1,-3.027924895E-1
1.185402683E1,3.587172329E-1,6.439333558E-1,-3.070534170E-1
1.185651959E1,3.608476818E-1,5.544537902E-1,-3.177057505E-1
1.185901235E1,3.533910513E-1,4.617785215E-1,-3.411408663E-1
1.186150516E1,3.363473415E-1,3.744294047E-1,-3.805544972E-1
1.186399792E1,3.171731234E-1,2.987978756E-1,-4.284899831E-1
1.186649068E1,2.958684862E-1,2.370143533E-1,-4.764254689E-1
1.186898344E1,2.766942680E-1,1.901440918E-1,-5.158390999E-1
1.187147626E1,2.607157826E-1,1.581871063E-1,-5.424699187E-1
1.187396902E1,2.489982247E-1,1.177082509E-1,-5.541874766E-1
1.187646178E1,2.372806519E-1,7.190322876E-2,-5.573831797E-1
1.187895454E1,2.319544852E-1,3.142437339E-2,-5.520570278E-1
1.188143620E1,2.287587970E-1,-1.544587873E-2,-5.275566578E-1
1.188392896E1,2.106498331E-1,-6.338136643E-2,-4.881430268E-1
1.188642173E1,1.904104054E-1,-9.427312016E-2,-4.348813891E-1
1.188891449E1,1.627143472E-1,-8.575125784E-2,-4.050548673E-1
1.189140730E1,1.307573467E-1,-6.125089899E-2,-4.007939398E-1
1.189390006E1,1.115831584E-1,-6.444659829E-2,-4.061200917E-1
1.189639282E1,9.240896255E-2,-8.681648970E-2,-4.167724252E-1
1.189888558E1,8.388710022E-2,-1.262301207E-1,-4.189028740E-1
1.190137839E1,7.749570161E-2,-1.656437367E-1,-4.018591642E-1
1.190387115E1,6.577813625E-2,-1.741656065E-1,-3.858806491E-1
1.190636391E1,4.553871229E-2,-1.507304758E-1,-3.667064607E-1
1.190885667E1,2.423405088E-2,-1.145125479E-1,-3.422061205E-1
1.191134563E1,-4.527240526E-3,-7.935985923E-2,-3.326190114E-1
1.191383844E1,-4.181039706E-2,-2.609820850E-2,-3.230319023E-1
1.191633120E1,-7.376738638E-2,1.864157803E-2,-2.995967865E-1
1.191882397E1,-9.720251709E-2,8.894696087E-2,-2.655093372E-1
1.192131673E1,-1.163767055E-1,1.858831644E-1,-2.314218730E-1
1.192380954E1,-1.185071766E-1,2.668408751E-1,-2.090519816E-1
1.192630230E1,-1.067896113E-1,3.520595133E-1,-1.866820902E-1
1.192879506E1,-8.655018359E-2,4.734960794E-1,-1.717688292E-1
1.193128787E1,-5.991935730E-2,6.204982400E-1,-1.813559234E-1
1.193378063E1,-1.731003635E-2,7.685656548E-1,-2.229000032E-1
1.193627339E1,4.340824485E-2,9.176982641E-1,-2.889444530E-1
1.193876615E1,1.115831584E-1,1.052982807E0,-3.730978668E-1
1.194126423E1,1.701709777E-1,1.166962743E0,-4.700340629E-1
1.194375699E1,2.085193694E-1,1.236202955E0,-5.829487443E-1
1.194624975E1,2.351501882E-1,1.240463853E0,-7.118419409E-1
1.194874251E1,2.532591522E-1,1.209572077E0,-8.354089856E-1
1.195123532E1,2.734985650E-1,1.154179931E0,-9.376713634E-1
1.195372808E1,2.916075289E-1,1.084939837E0,-1.002650619E0
1.195622084E1,3.139774203E-1,1.013569236E0,-1.055912256E0
1.195871360E1,3.320863843E-1,9.464595318E-1,-1.095325828E0
1.196120641E1,3.438039720E-1,9.166330099E-1,-1.120891452E0
1.196369917E1,3.501953483E-1,9.677641988E-1,-1.121956706E0
1.196619193E1,3.374125659E-1,9.975907207E-1,-1.087869167E0
1.196868469E1,3.065207899E-1,9.858731627E-1,-1.054847002E0
1.197117219E1,2.724333405E-1,9.443290830E-1,-1.045259953E0
1.197366496E1,2.458025217E-1,8.473928571E-1,-1.052716494E0
1.197615772E1,2.244978547E-1,7.568480372E-1,-1.063368917E0
1.197865048E1,2.138455361E-1,6.481943130E-1,-1.065499306E0
1.198114329E1,2.021279633E-1,5.587147474E-1,-1.065499306E0
1.198363605E1,1.989322603E-1,5.011921525E-1,-1.058042645E0
1.198612881E1,2.053236663E-1,4.319519997E-1,-1.032477140E0
1.198862157E1,2.340849638E-1,4.479304850E-1,-9.877372980E-1
1.199111438E1,2.649767101E-1,4.447347820E-1,-9.451280236E-1
1.199360714E1,2.990641594E-1,4.106473327E-1,-9.057143927E-1
1.199609990E1,3.246297538E-1,3.904078901E-1,-8.716269135E-1
1.199859266E1,3.459344208E-1,3.680379987E-1,-8.375394940E-1
1.200108646E1,3.768261969E-1,3.296896219E-1,-8.034520149E-1
1.200357923E1,3.928046823E-1,2.753627300E-1,-7.757559419E-1
1.200607199E1,4.045222402E-1,2.103835195E-1,-7.597774267E-1
1.200856475E1,4.141093493E-1,1.400781423E-1,-7.576469779E-1
1.201105756E1,4.226312041E-1,6.977276504E-2,-7.533860803E-1
1.201355032E1,4.258269072E-1,1.331541315E-2,-7.182333469E-1
1.201604308E1,4.151745737E-1,-1.134473160E-1,-6.415365934E-1
1.201853584E1,3.842828274E-1,-2.348838747E-1,-5.275566578E-1
1.202102865E1,3.842828274E-1,-3.680379987E-1,-4.434032440E-1
1.202352141E1,4.322183132E-1,-5.256925225E-1,-4.359466136E-1
1.202601417E1,4.854799509E-1,-6.503247619E-1,-4.508598745E-1
1.202850693E1,5.461982489E-1,-7.898702621E-1,-4.753602445E-1
1.203099829E1,6.292864084E-1,-9.326115251E-1,-4.817516208E-1
1.203349105E1,7.027874589E-1,-9.965254664E-1,-4.487294257E-1
1.203598381E1,7.411358953E-1,-9.624380469E-1,-3.954677582E-1
1.203847657E1,7.326140404E-1,-8.718932271E-1,-3.592498302E-1
1.204096938E1,6.868090034E-1,-7.472609878E-1,-3.603150845E-1
1.204346214E1,6.495258212E-1,-6.204982400E-1,-3.933372796E-1
1.204595490E1,6.324821115E-1,-5.001268983E-1,-4.412727654E-1
1.204844766E1,6.250254512E-1,-4.255605936E-1,-4.881430268E-1
1.205094048E1,6.665695906E-1,-5.427362323E-1,-4.849473238E-1
1.205343324E1,8.029193878E-1,-9.166330099E-1,-4.071853161E-1
1.205592600E1,1.066031933E0,-1.799711227E0,-2.292914093E-1
1.205841876E1,1.328079224E0,-2.675332785E0,3.382114694E-2
1.206091204E1,1.368558168E0,-2.353632450E0,1.478010863E-1
1.206340480E1,1.349383950E0,-1.700644493E0,1.776276082E-1
1.206589756E1,1.361101508E0,-1.351248145E0,2.489982247E-1
1.206839032E1,1.354710102E0,-1.474815130E0,2.724333405E-1
1.207088313E1,1.330209732E0,-1.870016575E0,1.872147024E-1
1.207337589E1,1.337666392E0,-2.165086031E0,4.447348043E-2
1.207586865E1,1.379210472E0,-2.257761478E0,-7.483261824E-2
1.207836141E1,1.426080704E0,-2.300370693E0,-1.323551983E-1
1.208085423E1,1.492125154E0,-2.382393599E0,-1.472684592E-1
1.208334699E1,1.581604719E0,-2.631658077E0,-1.792254597E-1
1.208583975E1,1.708367467E0,-3.112078190E0,-2.676397860E-1
1.208833251E1,1.819151640E0,-3.552152634E0,-3.485974967E-1
1.209082808E1,1.822347403E0,-3.398625851E0,-3.155752718E-1
1.209332084E1,1.795716524E0,-3.198362112E0,-1.376813650E-1
1.209581360E1,1.788259983E0,-3.279319763E0,1.243659556E-1
1.209830636E1,1.824477911E0,-3.460542679E0,3.320863843E-1
1.210079917E1,1.814890742E0,-3.361342907E0,4.322183132E-1
1.210329193E1,1.642323017E0,-2.766942739E0,5.398068428E-1
1.210578469E1,1.407971740E0,-1.966952801E0,6.559172273E-1
1.210827746E1,1.225816846E0,-1.105179310E0,6.388735175E-1
1.211077027E1,1.120358825E0,-1.826874614E-1,4.950670600E-1
1.211326303E1,1.074553847E0,4.468652606E-1,3.374125659E-1
1.211575579E1,1.055379629E0,5.938674212E-1,2.085193694E-1
1.211824855E1,1.015965939E0,4.756265581E-1,8.814803511E-2
1.212074188E1,9.925308824E-1,3.147763610E-1,-4.500609636E-2
1.212323464E1,1.040466309E0,2.487319112E-1,-2.015953511E-1
1.212572740E1,1.182142377E0,2.593842447E-1,-3.730978668E-1
1.212822016E1,1.369623303E0,2.306229472E-1,-5.435351729E-1
1.213071298E1,1.549647689E0,1.230344176E-1,-6.916025281E-1
1.213320574E1,1.689193249E0,-5.858781748E-3,-7.917344570E-1
1.213569850E1,1.772281408E0,-9.640359133E-2,-8.460613489E-1
1.213819126E1,1.815955997E0,-1.198387146E-1,-8.673660159E-1
1.214068407E1,1.823412657E0,-9.320788831E-2,-8.599093556E-1
1.214317683E1,1.789325118E0,-6.018566713E-2,-8.322132826E-1
1.214566959E1,1.752042055E0,-1.864157803E-2,-8.055824637E-1
1.214816235E1,1.782933831E0,1.102516204E-1,-7.768211961E-1
1.215065490E1,1.855369568E0,2.391448170E-1,-7.331466079E-1
1.215314766E1,1.867087126E0,2.817541361E-1,-6.745588183E-1
1.215564042E1,1.848978162E0,3.073197305E-1,-6.191666722E-1
1.215813318E1,1.789325118E0,2.987978756E-1,-5.712311864E-1
1.216062594E1,1.715824127E0,3.051892519E-1,-5.318176150E-1
1.216311870E1,1.721150279E0,4.117125571E-1,-5.073172450E-1
1.216561147E1,1.771216154E0,5.107792616E-1,-4.966649115E-1
1.216810423E1,1.792520881E0,5.224968195E-1,-4.870778024E-1
1.217059699E1,1.762694359E0,4.660394490E-1,-4.753602445E-1
1.217308975E1,1.704106569E0,3.818860352E-1,-4.700340629E-1
1.217558251E1,1.645518661E0,2.998631001E-1,-4.625774324E-1
1.217807527E1,1.612496495E0,2.231663167E-1,-4.561860561E-1
1.218056688E1,1.616757393E0,1.422086060E-1,-4.593817294E-1
1.218305964E1,1.693454146E0,9.320788831E-2,-4.700340629E-1
1.218555240E1,1.799977541E0,2.929390781E-2,-4.828168750E-1
1.218804516E1,1.875609040E0,-9.427312016E-2,-4.987953603E-1
1.219053792E1,1.960827708E0,-1.794917583E-1,-5.147738457E-1
1.219303068E1,2.047111511E0,-2.359491140E-1,-5.222305059E-1
1.219552344E1,2.084394693E0,-2.785584331E-1,-5.318176150E-1
1.219801620E1,2.056698561E0,-3.254286945E-1,-5.509917736E-1
1.220050897E1,1.968284369E0,-3.467333615E-1,-5.818835497E-1
1.220300173E1,1.820216894E0,-3.211677670E-1,-6.191666722E-1
1.220549449E1,1.630605459E0,-2.242315561E-1,-6.734935641E-1
1.220798725E1,1.421819806E0,-5.379426852E-2,-7.406032681E-1
1.221048173E1,1.193859935E0,1.166430190E-1,-8.236914277E-1
1.221297449E1,9.371387362E-1,2.327534109E-1,-9.259538054E-1
1.221546725E1,6.985265613E-1,2.838846147E-1,-1.035672784E0
1.221796001E1,5.195674300E-1,3.222329915E-1,-1.136869907E0
1.222045277E1,3.970656097E-1,3.616466224E-1,-1.233806133E0
1.222294553E1,3.139774203E-1,3.797555864E-1,-1.336068511E0
1.222543829E1,2.553896308E-1,3.605813682E-1,-1.448983192E0
1.222793105E1,2.053236663E-1,3.083849549E-1,-1.571485043E0
1.223042381E1,1.648448110E-1,2.316881865E-1,-1.680138826E0
1.223291657E1,1.296921223E-1,1.358172148E-1,-1.777074933E0
1.223540933E1,9.453943372E-2,3.568530455E-2,-1.870815516E0
1.223790209E1,4.873441160E-2,-5.059856921E-2,-1.956034184E0
1.224039839E1,-3.462007269E-3,-1.177082509E-1,-2.032730818E0
1.224289115E1,-6.311506033E-2,-1.603175700E-1,-2.106231928E0
1.224538391E1,-1.302247345E-1,-1.816222370E-1,-2.171211243E0
1.224787667E1,-2.058562785E-1,-1.794917583E-1,-2.220211983E0
1.225036943E1,-2.804225981E-1,-1.603175700E-1,-2.270277977E0
1.225286219E1,-3.592498302E-1,-1.113168523E-1,-2.319278717E0
1.225535496E1,-4.391423166E-1,-2.396774292E-2,-2.366148949E0
1.225784772E1,-5.158390999E-1,6.657706201E-2,-2.415149689E0
1.226034048E1,-5.882749557E-1,1.475347728E-1,-2.459889412E0
1.226283324E1,-6.724283695E-1,2.189053893E-1,-2.516346693E0
1.226532600E1,-7.555165291E-1,2.870802879E-1,-2.580260754E0
1.226781876E1,-8.258218765E-1,3.477985859E-1,-2.639913797E0
1.227032074E1,-8.822792768E-1,4.127778113E-1,-2.708088636E0
1.227281355E1,-9.291495085E-1,4.884093404E-1,-2.780524492E0
1.227530631E1,-9.643021822E-1,5.555190444E-1,-2.856156111E0
1.227779907E1,-9.919982553E-1,6.002588272E-1,-2.934983253E0
1.228029183E1,-1.004781008E0,6.311505437E-1,-3.014875650E0
1.228278459E1,-1.001585364E0,6.481943130E-1,-3.095833540E0
1.228527735E1,-9.909330010E-1,6.396724582E-1,-3.176791191E0
1.228777011E1,-9.685631394E-1,6.141068339E-1,-3.252422810E0
1.229026287E1,-9.387366176E-1,5.683017969E-1,-3.330317974E0
1.229275563E1,-8.971925378E-1,5.161054134E-1,-3.399558067E0
1.229524839E1,-8.513875008E-1,4.628437459E-1,-3.469863415E0
1.229774115E1,-8.087781668E-1,4.021254778E-1,-3.531646967E0
1.230022329E1,-7.746906877E-1,3.733641803E-1,-3.564669132E0
1.230271605E1,-7.768211961E-1,4.798874855E-1,-3.584908485E0
1.230520881E1,-8.098434210E-1,7.099778056E-1,-3.638170242E0
1.230770157E1,-8.343437910E-1,9.443290830E-1,-3.703149557E0
1.231019433E1,-8.567136526E-1,1.143527627E0,-3.768128633E0
1.231268709E1,-8.609746099E-1,1.309703946E0,-3.846956015E0
1.231517985E1,-8.481917977E-1,1.451380014E0,-3.954544544E0
1.231767261E1,-8.311480880E-1,1.548316240E0,-4.079176903E0
1.232016537E1,-8.130391240E-1,1.577077508E0,-4.218722343E0
1.232265813E1,-7.938649058E-1,1.554707646E0,-4.366789818E0
1.232515089E1,-7.619079351E-1,1.515293956E0,-4.521248341E0
1.232764365E1,-7.214290500E-1,1.452445269E0,-4.674642086E0
1.233013818E1,-6.724283695E-1,1.371487498E0,-4.821644306E0
1.233263094E1,-6.212971807E-1,1.279877424E0,-4.970776558E0
1.233512370E1,-5.691007376E-1,1.190397859E0,-5.112452507E0
1.233761646E1,-5.147738457E-1,1.112635851E0,-5.250933170E0
1.234010923E1,-4.593817294E-1,1.051917553E0,-5.384087086E0
1.234260199E1,-4.050548673E-1,1.012503982E0,-5.506588936E0
1.234509475E1,-3.517931998E-1,9.975907207E-1,-5.621634007E0
1.234758751E1,-3.017272651E-1,1.000786424E0,-5.721765995E0
1.235008027E1,-2.548570037E-1,1.022091031E0,-5.802723885E0
1.235257303E1,-2.133129090E-1,1.050852418E0,-5.873029232E0
1.235506579E1,-1.738992929E-1,1.087070346E0,-5.932682037E0
1.235755855E1,-1.387466043E-1,1.133940578E0,-5.984878540E0
1.236004381E1,-1.067896113E-1,1.191463113E0,-6.029618263E0
1.236253657E1,-7.802832127E-2,1.254311919E0,-6.071162701E0
1.236502933E1,-4.926702753E-2,1.323552012E0,-6.109510899E0
1.236752209E1,-2.689713426E-2,1.392792225E0,-6.143598080E0
1.237001485E1,9.320789017E-3,1.471619368E0,-6.170228958E0
1.237250761E1,6.471290439E-2,1.544055223E0,-6.190468788E0
1.237500037E1,1.211702600E-1,1.582403660E0,-6.214969158E0
1.237749313E1,1.797580719E-1,1.593055964E0,-6.235208511E0
1.237998589E1,2.404763550E-1,1.610099673E0,-6.253317356E0
1.238247865E1,3.065207899E-1,1.638861060E0,-6.267165184E0
1.238497141E1,3.821523488E-1,1.685731292E0,-6.275687218E0
1.238746417E1,4.631100595E-1,1.728340626E0,-6.283143997E0
1.238995834E1,5.366111398E-1,1.762428045E0,-6.293796062E0
1.239245110E1,6.090469956E-1,1.782667518E0,-6.310840130E0
1.239494386E1,6.868090034E-1,1.791189313E0,-6.334275246E0
1.239743662E1,7.613753080E-1,1.794385076E0,-6.367297173E0
1.239992938E1,8.284850121E-1,1.790124059E0,-6.403515339E0
1.240242214E1,8.902685046E-1,1.782667518E0,-6.440798283E0
1.240491490E1,9.499215484E-1,1.765623689E0,-6.475951195E0
1.240740766E1,9.999874830E-1,1.742188573E0,-6.510038376E0
1.240990042E1,1.046857715E0,1.715557814E0,-6.549452305E0
1.241239318E1,1.091597557E0,1.696383595E0,-6.588865757E0
1.241488594E1,1.135272145E0,1.684666038E0,-6.631474972E0
1.241737870E1,1.172555208E0,1.693187833E0,-6.670888424E0
1.241987141E1,1.192794681E0,1.723014474E0,-6.707106590E0
1.242236417E1,1.216229796E0,1.749645233E0,-6.731606960E0
1.242485693E1,1.243925810E0,1.767754197E0,-6.742259502E0
1.242734969E1,1.267361045E0,1.779471755E0,-6.742259502E0
1.242984246E1,1.289730906E0,1.786928415E0,-6.723084927E0
1.243233522E1,1.308905125E0,1.802906871E0,-6.702845573E0
1.243482798E1,1.319557428E0,1.829537749E0,-6.676214695E0
1.243732074E1,1.332340240E0,1.860562682E0,-6.639997005E0
1.243981350E1,1.345123053E0,1.890389204E0,-6.605909348E0
1.244230626E1,1.363232017E0,1.927672267E0,-6.570756912E0
1.244479902E1,1.383471370E0,1.972412109E0,-6.533473492E0
1.244729178E1,1.401580334E0,2.030999899E0,-6.504712105E0
1.244982329E1,1.415428400E0,2.085326910E0,-6.465298653E0
1.245231605E1,1.425015450E0,2.126870871E0,-6.421624184E0
1.245480881E1,1.436733007E0,2.159893036E0,-6.379014969E0
1.245730157E1,1.447385430E0,2.189719677E0,-6.337470531E0
1.245979433E1,1.455907226E0,2.209959030E0,-6.300187588E0
1.246228709E1,1.467624784E0,2.225937605E0,-6.263969421E0
1.246477985E1,1.478277087E0,2.234459400E0,-6.230947495E0
1.246727261E1,1.491059899E0,2.246176958E0,-6.202186108E0
1.246976537E1,1.502777457E0,2.256829262E0,-6.162772655E0
1.247225813E1,1.512364626E0,2.273873091E0,-6.128684998E0
1.247475089E1,1.502777457E0,2.345243692E0,-6.110576153E0
1.247724365E1,1.491059899E0,2.442179918E0,-6.096727848E0
1.247970714E1,1.491059899E0,2.524202824E0,-6.074357986E0
1.248219990E1,1.496386051E0,2.597703934E0,-6.039205551E0
1.248469266E1,1.510234118E0,2.652030706E0,-5.987009048E0
1.248718542E1,1.521951675E0,2.691444397E0,-5.910312176E0
1.248967818E1,1.538995385E0,2.721270800E0,-5.818702221E0
1.249217094E1,1.553908706E0,2.756423712E0,-5.723896503E0
1.249466370E1,1.569887161E0,2.807554722E0,-5.621634007E0
1.249715647E1,1.579474211E0,2.864012241E0,-5.517241478E0
1.249964923E1,1.586930871E0,2.924730539E0,-5.420305252E0
1.250214199E1,1.581604719E0,2.983318329E0,-5.328694820E0
1.250463475E1,1.580539465E0,3.036579847E0,-5.247737408E0
1.250712751E1,1.576278567E0,3.081319571E0,-5.178497314E0
1.250962761E1,1.566691518E0,3.128190041E0,-5.118844032E0
1.251212037E1,1.544321537E0,3.166538239E0,-5.067712784E0
1.251461313E1,1.516625524E0,3.200625658E0,-5.024038315E0
1.251710589E1,1.477211952E0,3.225126028E0,-4.985690117E0
1.251959865E1,1.429276466E0,3.251756907E0,-4.956928730E0
1.252209141E1,1.361101508E0,3.291170597E0,-4.926036835E0
1.252458417E1,1.273752332E0,3.308214426E0,-4.880231857E0
1.252707693E1,1.170424819E0,3.290105343E0,-4.816318035E0
1.252956969E1,1.055379629E0,3.260278940E0,-4.744947433E0
1.253206246E1,9.445953965E-1,3.235778570E0,-4.686359406E0
1.253455522E1,8.476591706E-1,3.197430134E0,-4.643750191E0
1.253704798E1,7.656362653E-1,3.168668747E0,-4.620315075E0
1.253953219E1,7.102441192E-1,3.152690172E0,-4.613923550E0
1.254202496E1,6.687000394E-1,3.151625156E0,-4.610727787E0
1.254451772E1,6.282211542E-1,3.160146952E0,-4.601140976E0
1.254701048E1,5.877423286E-1,3.183582067E0,-4.585162163E0
1.254950324E1,5.312849879E-1,3.216604233E0,-4.559597015E0
1.255199600E1,4.663057625E-1,3.252822161E0,-4.525509357E0
1.255448876E1,3.917394578E-1,3.281583548E0,-4.479704380E0
1.255698152E1,3.097164929E-1,3.302888155E0,-4.424312115E0
1.255947428E1,2.170412242E-1,3.305018663E0,-4.364659309E0
1.256196704E1,1.169093251E-1,3.298627138E0,-4.302875519E0
1.256445980E1,1.251648832E-2,3.279453039E0,-4.241092205E0
1.256695256E1,-9.507204592E-2,3.251756907E0,-4.179308414E0
1.256944339E1,-2.111824453E-1,3.224061012E0,-4.117525101E0
1.257193615E1,-3.304885328E-1,3.183582067E0,-4.054676533E0
1.257442891E1,-4.583165050E-1,3.138842344E0,-3.995023251E0
1.257692167E1,-5.861444473E-1,3.085580587E0,-3.937500715E0
1.257941443E1,-7.118419409E-1,3.033384085E0,-3.881043434E0
1.258190719E1,-8.418003917E-1,2.985448599E0,-3.825651169E0
1.258439996E1,-9.621717334E-1,2.939643621E0,-3.771324396E0
1.258689272E1,-1.079347372E0,2.908751965E0,-3.715932131E0
1.258938548E1,-1.186935902E0,2.891708136E0,-3.663735867E0
1.259187824E1,-1.280676365E0,2.885316849E0,-3.605148077E0
1.259437100E1,-1.358438373E0,2.890642881E0,-3.545495033E0
1.259686376E1,-1.419156671E0,2.908751965E0,-3.489037514E0
1.259935787E1,-1.467092156E0,2.931121826E0,-3.431514978E0
1.260185063E1,-1.509701490E0,2.943904638E0,-3.371861935E0
1.260434339E1,-1.543788910E0,2.966274500E0,-3.307814837E0
1.260683615E1,-1.574680686E0,2.988644361E0,-3.243900776E0
1.260932891E1,-1.601311564E0,3.004622936E0,-3.172530174E0
1.261182167E1,-1.624746680E0,3.014209986E0,-3.092637777E0
1.261431443E1,-1.641790390E0,3.015275240E0,-3.006353855E0
1.261680719E1,-1.657768846E0,2.996101141E0,-2.909417629E0
1.261929996E1,-1.666290760E0,2.966274500E0,-2.809285879E0
1.262179272E1,-1.663095117E0,2.919404268E0,-2.711284399E0
1.262428548E1,-1.651377439E0,2.872534037E0,-2.611152411E0
1.262677824E1,-1.631138086E0,2.819272280E0,-2.508890152E0
1.262926996E1,-1.601311564E0,2.748966932E0,-2.407692909E0
1.263176272E1,-1.565093637E0,2.677596331E0,-2.311821938E0
1.263425548E1,-1.488396883E0,2.632856607E0,-2.225538015E0
1.263674824E1,-1.178413987E0,2.760684490E0,-2.198907375E0
1.263924100E1,-7.469946742E-1,2.949230671E0,-2.208494425E0
1.264173376E1,-5.051867366E-1,2.939643621E0,-2.155232668E0
1.264422652E1,-3.198362291E-1,2.855490208E0,-2.084927320E0
1.264671928E1,-7.483261824E-2,2.788380623E0,-2.021013260E0
1.264921204E1,1.829537749E-1,2.719140530E0,-1.962425590E0
1.265170480E1,4.407401681E-1,2.607290983E0,-1.905968189E0
1.265419756E1,7.059831619E-1,2.424070835E0,-1.854837060E0
1.265669032E1,9.722914696E-1,2.218480825E0,-1.810097218E0
1.265917855E1,1.226882100E0,2.055500269E0,-1.770683646E0
1.266167131E1,1.460168123E0,1.934063673E0,-1.727009058E0
1.266416407E1,1.668953896E0,1.828472495E0,-1.685464978E0
1.266665683E1,1.862826228E0,1.727275372E0,-1.631138086E0
1.266914959E1,2.037524462E0,1.627143502E0,-1.559767485E0
1.267164235E1,2.195178986E0,1.549381375E0,-1.479874969E0
1.267413511E1,2.343246460E0,1.464162827E0,-1.397852063E0
1.267662787E1,2.479596138E0,1.344856739E0,-1.310502887E0
1.267912063E1,2.608489275E0,1.201050282E0,-1.225284338E0
1.268161339E1,2.724599838E0,1.066830873E0,-1.143261313E0
1.268410615E1,2.823799610E0,9.485899806E-1,-1.060173154E0
1.268659891E1,2.910083532E0,8.346100450E-1,-9.770849943E-1
1.268909662E1,2.962279797E0,7.770875096E-1,-8.439308405E-1
1.269158938E1,2.961214542E0,8.228924870E-1,-6.500584483E-1
1.269408214E1,2.940975189E0,9.485899806E-1,-4.647079110E-1
1.269657490E1,2.917540073E0,1.159506202E0,-3.368799388E-1
1.269906766E1,2.874930859E0,1.483337045E0,-2.804225981E-1
1.270156042E1,2.805690527E0,1.903171897E0,-3.113143444E-1
1.270405318E1,2.693707943E0,2.355895996E0,-4.306204617E-1
1.270654594E1,2.523270607E0,2.661617756E0,-6.319494843E-1
1.270903871E1,2.291049957E0,2.654161215E0,-8.726921678E-1
1.271153146E1,1.969349504E0,2.328199863E0,-1.105978131E0
1.271402423E1,1.607170343E0,1.828472495E0,-1.309437752E0
1.271651699E1,1.237534523E0,1.351248145E0,-1.463896513E0
1.271901943E1,9.137036204E-1,9.656337500E-1,-1.572550297E0
1.272151219E1,6.537867785E-1,6.844122410E-1,-1.644986153E0
1.272400496E1,4.577838778E-1,4.958659708E-1,-1.687595367E0
1.272649772E1,3.214340508E-1,3.563204408E-1,-1.718487144E0
1.272899048E1,2.362154275E-1,2.455362082E-1,-1.733400464E0
1.273148324E1,1.744319052E-1,1.454043090E-1,-1.722748160E0
1.273397600E1,1.222354919E-1,4.101147130E-2,-1.696117282E0
1.273646876E1,7.003907114E-2,-6.870753318E-2,-1.652442694E0
1.273896152E1,1.571218669E-2,-2.497971505E-1,-1.578941703E0
1.274145428E1,-3.435376659E-2,-5.139749050E-1,-1.473483562E0
1.274394704E1,-8.015878499E-2,-8.069140315E-1,-1.356307983E0
1.274643980E1,-1.185071766E-1,-1.057243824E0,-1.232740879E0
1.274893730E1,-1.536598653E-1,-1.238333344E0,-1.111304402E0
1.275143011E1,-1.824211627E-1,-1.368291855E0,-9.888025522E-1
1.275392287E1,-1.920082569E-1,-1.474815130E0,-8.694964647E-1
1.275641563E1,-1.845516264E-1,-1.568555593E0,-7.533860803E-1
1.275890839E1,-1.579207927E-1,-1.645252347E0,-6.468627453E-1
1.276140115E1,-1.153114736E-1,-1.689992189E0,-5.477960706E-1
1.276389391E1,-5.352795869E-2,-1.713427305E0,-4.593817294E-1
1.276638667E1,1.677742042E-2,-1.725144863E0,-3.773587942E-1
1.276887943E1,1.009308323E-1,-1.724079609E0,-3.027924895E-1
1.277137219E1,1.936061084E-1,-1.713427305E0,-2.303566486E-1
1.277386496E1,2.852161527E-1,-1.701709747E0,-1.579207927E-1
1.277635772E1,3.789566457E-1,-1.708101153E0,-9.294158220E-2
1.277883876E1,4.726971686E-1,-1.744319081E0,-2.902759984E-2
1.278133152E1,5.706986189E-1,-1.813559175E0,2.956021577E-2
1.278382428E1,6.761566401E-1,-1.907299757E0,7.749570161E-2
1.278631704E1,8.007889390E-1,-2.019149303E0,1.179745570E-1
1.278880980E1,9.382039905E-1,-2.139520645E0,1.467358470E-1
1.279130256E1,1.076684237E0,-2.232195854E0,1.691057384E-1
1.279379532E1,1.205577493E0,-2.304631710E0,1.904104054E-1
1.279628808E1,1.325948834E0,-2.360023737E0,2.053236663E-1
1.279878084E1,1.433537364E0,-2.398372173E0,2.085193694E-1
1.280127360E1,1.532603979E0,-2.412220240E0,2.074541301E-1
1.280376636E1,1.619953156E0,-2.402633190E0,2.021279633E-1
1.280625912E1,1.700910807E0,-2.364284754E0,1.893451661E-1
1.280876860E1,1.765890002E0,-2.289718390E0,1.712362021E-1
1.281126141E1,1.823412657E0,-2.195977926E0,1.478010863E-1
1.281375417E1,1.875609040E0,-2.088389397E0,1.222354919E-1
1.281624693E1,1.916087866E0,-1.975474596E0,9.134373069E-2
1.281873969E1,1.945914388E0,-1.850842357E0,5.832150951E-2
1.282123246E1,1.955501556E0,-1.728340626E0,2.316881903E-2
1.282372522E1,1.946979642E0,-1.620752096E0,-1.198387146E-2
1.282621798E1,1.922479272E0,-1.520620108E0,-4.820179567E-2
1.282871074E1,1.886261344E0,-1.437531948E0,-8.548495173E-2
1.283120350E1,1.841521621E0,-1.361900449E0,-1.185071766E-1
1.283369626E1,1.786129475E0,-1.284138441E0,-1.493989378E-1
1.283618902E1,1.714758873E0,-1.201050282E0,-1.760297567E-1
1.283866969E1,1.643388271E0,-1.107309699E0,-1.983996481E-1
1.284116246E1,1.566691518E0,-9.986559749E-1,-2.143781483E-1
1.284365522E1,1.477211952E0,-8.718932271E-1,-2.271609455E-1
1.284618740E1,1.387732267E0,-7.334129214E-1,-2.356828004E-1
1.284868011E1,1.292926550E0,-5.810846090E-1,-2.388785034E-1
1.285117282E1,1.191729426E0,-4.223648906E-1,-2.367480397E-1
1.285366563E1,1.085206151E0,-2.636451721E-1,-2.282261699E-1
1.285615839E1,9.648348093E-1,-1.049254537E-1,-2.186390758E-1
1.285865115E1,8.444634676E-1,5.485950038E-2,-2.122476846E-1
1.286114391E1,7.219616771E-1,2.061225921E-1,-2.037258148E-1
1.286363667E1,5.994598866E-1,3.424724042E-1,-1.983996481E-1
1.286612943E1,4.758928418E-1,4.681699276E-1,-1.994648874E-1
1.286862219E1,3.608476818E-1,5.853455663E-1,-2.047910541E-1
1.287111496E1,2.553896308E-1,6.886731386E-1,-2.133129090E-1
1.287360772E1,1.573881805E-1,7.738918066E-1,-2.292914093E-1
1.287610048E1,6.471290439E-2,8.410014510E-1,-2.569874525E-1
1.287854949E1,-1.837527007E-2,8.974588513E-1,-2.889444530E-1
1.288104225E1,-9.187635034E-2,9.390029311E-1,-3.251623809E-1
1.288353501E1,-1.525946259E-1,9.720251560E-1,-3.645760119E-1
1.288602777E1,-2.037258148E-1,9.965254664E-1,-4.029243886E-1
1.288852053E1,-2.484655976E-1,1.014634490E0,-4.465989470E-1
1.289101329E1,-2.793573737E-1,1.024221539E0,-4.838820994E-1
1.289350605E1,-3.006620109E-1,1.024221539E0,-5.200999975E-1
1.289599881E1,-3.123795986E-1,1.016764879E0,-5.552527308E-1
1.289849157E1,-3.166405261E-1,9.954602718E-1,-5.882749557E-1
1.290098433E1,-3.091838956E-1,9.635032415E-1,-6.191666722E-1
1.290347709E1,-2.974663079E-1,9.198287129E-1,-6.457974911E-1
1.290596985E1,-2.772268951E-1,8.676322699E-1,-6.734935641E-1
1.290848813E1,-2.431394309E-1,8.026530743E-1,-7.011896372E-1
1.291098094E1,-2.047910541E-1,7.280867696E-1,-7.235595584E-1
1.291347371E1,-1.632469594E-1,6.354115009E-1,-7.427337170E-1
1.291596646E1,-1.174419373E-1,5.352795720E-1,-7.629731297E-1
1.291845923E1,-7.057169080E-2,4.351477027E-1,-7.768211961E-1
1.292095199E1,-2.689713426E-2,3.318201005E-1,-7.874734998E-1
1.292344475E1,1.890788600E-2,2.316881865E-1,-7.927996516E-1
1.292593751E1,6.577813625E-2,1.304910481E-1,-8.034520149E-1
1.292843027E1,1.105179265E-1,3.781577200E-2,-8.130391240E-1
1.293092303E1,1.573881805E-1,-4.953333735E-2,-8.236914277E-1
1.293341579E1,2.042584270E-1,-1.230344176E-1,-8.290175796E-1
1.293590855E1,2.479329854E-1,-1.816222370E-1,-8.386046886E-1
1.293838178E1,2.884118557E-1,-2.263620198E-1,-8.428656459E-1
1.294087454E1,3.235645294E-1,-2.636451721E-1,-8.492570519E-1
1.294336730E1,3.576519787E-1,-2.849498391E-1,-8.524527550E-1
1.294586006E1,3.821523488E-1,-2.966673970E-1,-8.545832038E-1
1.294835282E1,4.077179432E-1,-3.019935489E-1,-8.535179496E-1
1.295084558E1,4.258269072E-1,-3.105154335E-1,-8.460613489E-1
1.295333834E1,4.364792407E-1,-3.222329915E-1,-8.407351375E-1
1.295583110E1,4.471315742E-1,-3.382114768E-1,-8.258218765E-1
1.295832386E1,4.545882046E-1,-3.531247377E-1,-8.141043186E-1
1.296081662E1,4.513925016E-1,-3.605813682E-1,-7.981258631E-1
1.296330938E1,4.481967986E-1,-3.595161438E-1,-7.778863907E-1
1.296580214E1,4.460663199E-1,-3.563204408E-1,-7.544512749E-1
1.296830975E1,4.386096895E-1,-3.467333615E-1,-7.320814133E-1
1.297080256E1,4.279573560E-1,-3.307548463E-1,-7.011896372E-1
1.297329532E1,4.215659797E-1,-3.094501793E-1,-6.702978611E-1
1.297578808E1,4.055874646E-1,-2.828193605E-1,-6.394061446E-1
1.297828084E1,3.906742036E-1,-2.540580630E-1,-6.085143685E-1
1.298077360E1,3.736304939E-1,-2.189053893E-1,-5.712311864E-1
1.298326636E1,3.597824574E-1,-1.869483888E-1,-5.275566578E-1
1.298575912E1,3.438039720E-1,-1.517957002E-1,-4.838820994E-1
1.298825188E1,3.278254569E-1,-1.230344176E-1,-4.402075410E-1
1.299074464E1,3.075860441E-1,-9.533835202E-2,-3.901416063E-1
1.299323740E1,2.937380075E-1,-6.338136643E-2,-3.368799388E-1
1.299573016E1,2.788247466E-1,-3.888100386E-2,-2.846835256E-1
1.299821266E1,2.596505582E-1,-1.970681176E-2,-2.346175760E-1
1.300070542E1,2.362154275E-1,1.597849536E-3,-1.845516264E-1
1.300319818E1,2.149107605E-1,2.183727734E-2,-1.334204376E-1
1.300569094E1,1.978670359E-1,3.675054014E-2,-8.761541545E-2
1.300818370E1,1.829537749E-1,6.018566713E-2,-3.541899845E-2
1.301067647E1,1.659100503E-1,8.468602598E-2,1.251648832E-2
1.301316923E1,1.563229412E-1,1.017297506E-1,6.684337556E-2
1.301566199E1,1.488663107E-1,1.134473160E-1,1.147788614E-1
1.301815475E1,1.403444558E-1,1.294258088E-1,1.627143472E-1
1.302064751E1,1.456706226E-1,1.464695334E-1,2.085193694E-1
1.302314027E1,1.499315500E-1,1.603175700E-1,2.426068187E-1
1.302563303E1,1.552577168E-1,1.720351279E-1,2.660419345E-1
1.302811532E1,1.659100503E-1,1.794917583E-1,2.798899710E-1
1.303060808E1,1.786928326E-1,1.784265339E-1,2.926727831E-1
1.303310084E1,1.957365721E-1,1.741656065E-1,2.979989350E-1
1.303559360E1,2.138455361E-1,1.699046642E-1,2.979989350E-1
1.303808631E1,2.372806519E-1,1.581871063E-1,2.979989350E-1
1.304057912E1,2.596505582E-1,1.400781423E-1,2.958684862E-1
1.304307188E1,2.820204496E-1,1.187734827E-1,2.905423045E-1
1.304556464E1,3.043903410E-1,9.533835202E-2,2.841508985E-1
1.304805740E1,3.267602324E-1,7.403369248E-2,2.745638192E-1
1.305055016E1,3.480648994E-1,5.379426852E-2,2.617810071E-1
1.305304292E1,3.640433848E-1,3.355484083E-2,2.585853040E-1
1.305553568E1,3.789566457E-1,1.651111245E-2,2.553896308E-1
1.305804824E1,3.906742036E-1,-4.793548491E-3,2.447372824E-1
1.306054105E1,4.045222402E-1,-2.822867595E-2,2.372806519E-1
1.306303381E1,4.141093493E-1,-4.953333735E-2,2.308892608E-1
1.306552657E1,4.236964285E-1,-6.870753318E-2,2.213021666E-1
1.306801933E1,4.247616827E-1,-9.107742459E-2,2.095845938E-1
1.307051209E1,4.205007255E-1,-1.102516204E-1,2.010627389E-1
1.307300485E1,4.173050225E-1,-1.230344176E-1,1.957365721E-1
1.307549761E1,4.119788706E-1,-1.283605844E-1,1.904104054E-1
1.307799037E1,4.055874646E-1,-1.272953451E-1,1.840189993E-1
1.308048313E1,3.938699067E-1,-1.251648813E-1,1.723014414E-1
1.308297589E1,3.832175732E-1,-1.219691783E-1,1.637795717E-1
1.308546865E1,3.725652397E-1,-1.155777797E-1,1.573881805E-1
1.308797688E1,3.533910513E-1,-1.113168523E-1,1.478010863E-1
1.309046969E1,3.384777904E-1,-1.038602218E-1,1.414096802E-1
1.309296246E1,3.193036020E-1,-9.746882319E-2,1.339530498E-1
1.309545522E1,2.990641594E-1,-8.681648970E-2,1.286268830E-1
1.309794798E1,2.820204496E-1,-7.829462737E-2,1.233007237E-1
1.310044074E1,2.639114857E-1,-7.083799690E-2,1.179745570E-1
1.310293350E1,2.447372824E-1,-6.125089899E-2,1.147788614E-1
1.310542626E1,2.276935577E-1,-5.272903293E-2,1.083874628E-1
1.310791902E1,2.138455361E-1,-5.059856921E-2,1.019960642E-1
1.311041178E1,2.021279633E-1,-4.420717061E-2,9.560466558E-2
1.311290454E1,1.914756298E-1,-3.781577200E-2,9.453943372E-2
1.311539730E1,1.797580719E-1,-3.355484083E-2,9.880036116E-2
1.311787527E1,1.776276082E-1,-2.716344222E-2,9.666989744E-2
1.312036808E1,1.765623689E-1,-2.716344222E-2,9.560466558E-2
1.312286084E1,1.765623689E-1,-2.609820850E-2,9.773512930E-2
1.312535360E1,1.776276082E-1,-2.822867595E-2,9.560466558E-2
1.312784636E1,1.776276082E-1,-2.396774292E-2,9.134373069E-2
1.313033912E1,1.829537749E-1,-2.822867595E-2,9.027849883E-2
1.313283188E1,1.882799417E-1,-3.248960897E-2,8.495233208E-2
1.313532464E1,1.968017966E-1,-3.994623944E-2,8.388710022E-2
1.313781740E1,2.063889056E-1,-5.485950038E-2,8.388710022E-2
1.314031016E1,2.170412242E-1,-6.977276504E-2,8.175663650E-2
1.314280292E1,2.244978547E-1,-8.681648970E-2,8.175663650E-2
1.314529568E1,2.362154275E-1,-1.006645188E-1,7.962616533E-2
1.314779464E1,2.447372824E-1,-1.145125479E-1,7.856093347E-2
1.315028746E1,2.575200796E-1,-1.251648813E-1,8.388710022E-2
1.315278022E1,2.692376375E-1,-1.368824393E-1,8.282186836E-2
1.315527298E1,2.756290436E-1,-1.496652365E-1,7.856093347E-2
1.315776574E1,2.820204496E-1,-1.581871063E-1,8.175663650E-2
1.316025850E1,2.852161527E-1,-1.688394397E-1,8.708280325E-2
1.316275126E1,2.884118557E-1,-1.762960702E-1,8.708280325E-2
1.316524402E1,2.905423045E-1,-1.805569977E-1,8.921326697E-2
1.316773678E1,2.894770801E-1,-1.869483888E-1,9.240896255E-2
1.317022954E1,2.809551954E-1,-1.912093312E-1,9.347419441E-2
1.317272230E1,2.692376375E-1,-1.954702586E-1,9.773512930E-2
1.317521506E1,2.596505582E-1,-2.007964253E-1,1.030612960E-1
1.317769204E1,2.447372824E-1,-1.986659616E-1,1.137136221E-1
1.318018480E1,2.244978547E-1,-1.954702586E-1,1.222354919E-1
1.318267756E1,2.053236663E-1,-1.890788674E-1,1.286268830E-1
1.318517032E1,1.840189993E-1,-1.794917583E-1,1.424749196E-1
1.318766308E1,1.680405140E-1,-1.677742004E-1,1.573881805E-1
1.319015584E1,1.531272531E-1,-1.592523307E-1,1.701709777E-1
1.319264860E1,1.403444558E-1,-1.443390697E-1,1.765623689E-1
1.319514136E1,1.318225861E-1,-1.326215118E-1,1.850842386E-1
1.319763412E1,1.158440933E-1,-1.198387146E-1,1.904104054E-1
1.320012688E1,1.062569916E-1,-1.102516204E-1,1.925408691E-1
1.320261964E1,1.051917598E-1,-1.049254537E-1,1.925408691E-1
1.320511240E1,1.009308323E-1,-1.091863886E-1,1.893451661E-1
1.320759829E1,9.880036116E-2,-1.155777797E-1,1.850842386E-1
1.321009105E1,9.666989744E-2,-1.240996495E-1,1.808233112E-1
1.321258381E1,9.986559302E-2,-1.315562725E-1,1.797580719E-1
1.321507657E1,1.051917598E-1,-1.390129030E-1,1.776276082E-1
1.321756933E1,1.073222235E-1,-1.475347728E-1,1.754971445E-1
1.322006209E1,1.115831584E-1,-1.560566425E-1,1.723014414E-1
1.322255485E1,1.179745570E-1,-1.645784974E-1,1.733666807E-1
1.322504761E1,1.211702600E-1,-1.720351279E-1,1.723014414E-1
1.322754037E1,1.222354919E-1,-1.794917583E-1,1.733666807E-1
1.323003313E1,1.296921223E-1,-1.837527007E-1,1.733666807E-1
1.323252589E1,1.286268830E-1,-1.869483888E-1,1.754971445E-1
1.323501865E1,1.286268830E-1,-1.965354979E-1,1.765623689E-1
1.323753344E1,1.296921223E-1,-1.965354979E-1,1.786928326E-1
1.324002626E1,1.296921223E-1,-1.965354979E-1,1.818885356E-1
1.324251902E1,1.307573467E-1,-1.976007223E-1,1.808233112E-1
1.324501178E1,1.318225861E-1,-1.954702586E-1,1.797580719E-1
1.324750454E1,1.350182891E-1,-1.965354979E-1,1.808233112E-1
1.324999730E1,1.382139921E-1,-1.933397949E-1,1.786928326E-1
1.325249006E1,1.424749196E-1,-1.933397949E-1,1.754971445E-1
1.325498282E1,1.446053833E-1,-1.933397949E-1,1.680405140E-1
1.325747558E1,1.467358470E-1,-1.976007223E-1,1.616491079E-1
1.325996834E1,1.499315500E-1,-2.029268891E-1,1.520620137E-1
1.326246110E1,1.520620137E-1,-2.039921284E-1,1.446053833E-1
1.326495386E1,1.552577168E-1,-2.061225921E-1,1.382139921E-1
1.326745032E1,1.552577168E-1,-2.061225921E-1,1.296921223E-1
1.326994313E1,1.541924775E-1,-2.029268891E-1,1.222354919E-1
1.327243589E1,1.563229412E-1,-2.050573528E-1,1.126483902E-1
1.327492865E1,1.307573467E-1,-1.880136281E-1,1.083874628E-1
1.327742141E1,1.677742042E-2,-7.296846062E-2,1.137136221E-1
1.327991417E1,-1.270290315E-1,9.107742459E-2,1.190397888E-1
1.328240693E1,-2.154433727E-1,2.082530558E-1,1.307573467E-1
1.328489969E1,-2.687050402E-1,2.732322812E-1,1.403444558E-1
1.328739246E1,-3.166405261E-1,3.137111366E-1,1.478010863E-1
1.328988522E1,-3.613803089E-1,3.456681073E-1,1.456706226E-1
1.329237798E1,-3.890763521E-1,3.659075499E-1,1.392792165E-1
1.329487074E1,-4.018591642E-1,3.829512596E-1,1.264964193E-1
1.329735324E1,-3.954677582E-1,3.925383687E-1,1.169093251E-1
1.329984605E1,-3.794892728E-1,3.925383687E-1,1.105179265E-1
1.330233881E1,-3.635107577E-1,3.808208108E-1,1.041265279E-1
1.330483157E1,-3.400756419E-1,3.616466224E-1,9.986559302E-2
1.330732433E1,-3.123795986E-1,3.307548463E-1,9.560466558E-2
1.330981709E1,-2.772268951E-1,2.998631001E-1,9.560466558E-2
1.331230985E1,-2.442046702E-1,2.785584331E-1,9.453943372E-2
1.331480261E1,-2.122476846E-1,2.551233172E-1,9.773512930E-2
1.331729537E1,-1.728340536E-1,2.348838747E-1,9.986559302E-2
1.331978813E1,-1.334204376E-1,2.125139832E-1,1.030612960E-1
1.332228089E1,-9.507204592E-2,1.933397949E-1,1.083874628E-1
1.332477365E1,-6.524552405E-2,1.741656065E-1,1.126483902E-1
1.332725886E1,-2.902759984E-2,1.581871063E-1,1.190397888E-1
1.332975162E1,1.864157850E-3,1.400781423E-1,1.211702600E-1
1.333224438E1,2.956021577E-2,1.272953451E-1,1.222354919E-1
1.333473714E1,5.512581021E-2,1.155777797E-1,1.296921223E-1
1.333722990E1,7.962616533E-2,9.853405505E-2,1.296921223E-1
1.333972266E1,1.009308323E-1,9.001219273E-2,1.243659556E-1
1.334221542E1,1.222354919E-1,8.468602598E-2,1.233007237E-1
1.334470818E1,1.382139921E-1,7.083799690E-2,1.190397888E-1
1.334720094E1,1.424749196E-1,6.551183015E-2,1.126483902E-1
1.334969370E1,1.520620137E-1,6.125089899E-2,1.073222235E-1
1.335218646E1,1.563229412E-1,6.657706201E-2,1.062569916E-1
1.335467923E1,1.520620137E-1,7.509893179E-2,1.115831584E-1
1.335716798E1,1.467358470E-1,8.468602598E-2,1.126483902E-1
1.335966068E1,1.392792165E-1,9.320788831E-2,1.137136221E-1
1.336215339E1,1.254311949E-1,1.027949899E-1,1.147788614E-1
1.336464615E1,1.062569916E-1,1.187734827E-1,1.179745570E-1
1.336713886E1,8.814803511E-2,1.390129030E-1,1.222354919E-1
1.336963162E1,6.364767253E-2,1.624480337E-1,1.307573467E-1
1.337212433E1,3.595161438E-2,1.890788674E-1,1.382139921E-1
1.337461704E1,-2.663082560E-4,2.263620198E-1,1.446053833E-1
1.337710975E1,-3.861469775E-2,2.668408751E-1,1.499315500E-1
1.337960251E1,-8.441971987E-2,3.137111366E-1,1.573881805E-1
1.338209522E1,-1.344856620E-1,3.627118468E-1,1.616491079E-1
1.338458798E1,-1.781602204E-1,4.095821083E-1,1.637795717E-1
1.338710287E1,-2.260957062E-1,4.585828185E-1,1.584534049E-1
1.338959563E1,-2.655093372E-1,5.097140074E-1,1.531272531E-1
1.339208834E1,-3.038577139E-1,5.576494932E-1,1.488663107E-1
1.339458110E1,-3.336842358E-1,6.045197248E-1,1.382139921E-1
1.339707381E1,-3.613803089E-1,6.460638046E-1,1.307573467E-1
1.339956652E1,-3.869459033E-1,6.780208349E-1,1.222354919E-1
1.340205928E1,-4.082505703E-1,6.971949935E-1,1.115831584E-1
1.340455199E1,-4.274247587E-1,7.110430598E-1,1.041265279E-1
