"Time (s)","X (rad/s)","Y (rad/s)","Z (rad/s)"
2.564987499E-2,-1.431783587E-1,5.293221213E-3,-2.082378417E-1
3.565987499E-2,-1.636415571E-1,-7.753375173E-2,-1.472823471E-1
4.566887501E-2,-2.119576186E-1,-2.813297808E-1,-1.249956414E-1
5.570987499E-2,-3.232612312E-1,-5.697863102E-1,-1.557231843E-1
6.571887500E-2,-4.687364697E-1,-8.314686418E-1,-2.153303623E-1
7.572887500E-2,-6.211603284E-1,-1.072683096E0,-2.728722394E-1
8.576987500E-2,-7.120535970E-1,-1.119378686E0,-3.359292746E-1
9.577887499E-2,-7.084288001E-1,-8.973003626E-1,-4.092490375E-1
1.057888750E-1,-6.262735724E-1,-5.528886914E-1,-4.617978930E-1
1.157988750E-1,-4.951493740E-1,-2.578455508E-1,-4.461944103E-1
1.258388750E-1,-3.651501834E-1,-1.257298738E-1,-3.153336346E-1
1.358488750E-1,-3.269625604E-1,-3.266834915E-1,-1.018431932E-1
1.458588750E-1,-3.866413236E-1,-6.607304215E-1,1.398076266E-1
1.558678750E-1,-4.887551665E-1,-9.978828430E-1,3.607804775E-1
1.659088750E-1,-6.175837517E-1,-1.279575348E0,5.047188997E-1
1.759178750E-1,-7.700723410E-1,-1.576220632E0,5.016434789E-1
1.859278750E-1,-9.242721200E-1,-1.831099391E0,2.624141574E-1
1.959678750E-1,-1.079068065E0,-1.966892123E0,-1.656178534E-1
2.059778750E-1,-1.277983546E0,-2.200537920E0,-5.957219005E-1
2.159878750E-1,-1.472309828E0,-2.340257406E0,-9.098784924E-1
2.259978750E-1,-1.681604505E0,-2.446090221E0,-1.059566379E0
2.360378750E-1,-1.960279465E0,-2.643211842E0,-1.174410582E0
2.460478750E-1,-2.274947643E0,-2.589665174E0,-1.326058984E0
2.560578750E-1,-2.578352451E0,-2.026237965E0,-1.469135523E0
2.660668750E-1,-2.799741745E0,-1.124716163E0,-1.530635715E0
2.761078750E-1,-2.885943413E0,-5.679993629E-1,-1.162921667E0
2.861168750E-1,-2.871294022E0,-6.659200191E-1,-5.712963939E-1
2.961268750E-1,-2.596750021E0,-3.580067158E-1,-2.011505961E-1
3.061668750E-1,-2.225050211E0,-1.105562449E-1,-3.104000092E-1
3.161768750E-1,-1.829600453E0,1.423762180E-2,-5.669474006E-1
3.261868750E-1,-1.319240689E0,3.898655772E-1,-7.281165123E-1
3.361968750E-1,-7.268998623E-1,7.692294121E-1,-7.811621428E-1
3.462368750E-1,-9.214661270E-2,8.556524515E-1,-8.374665976E-1
3.562468750E-1,6.088389158E-1,7.434300184E-1,-9.136929512E-1
3.662568750E-1,1.364780784E0,6.421720386E-1,-1.082301617E0
3.762658750E-1,2.078490257E0,6.014001369E-1,-1.387952089E0
3.863068750E-1,2.654906750E0,6.362748146E-1,-1.671251535E0
3.963158750E-1,3.078406811E0,6.759524941E-1,-1.811466336E0
4.063258750E-1,3.364697695E0,7.341275811E-1,-1.786236644E0
4.163658750E-1,3.566774130E0,9.924645424E-1,-1.687303662E0
4.263758750E-1,3.659425259E0,1.328402638E0,-1.611962318E0
4.363858750E-1,2.958787441E0,2.404785633E0,-1.364688158E0
4.463958750E-1,1.286687255E0,3.565214396E0,-1.018470526E0
4.564358750E-1,6.364798546E-1,3.358877420E0,-1.036934972E0
4.664458750E-1,5.378274322E-1,2.420267105E0,-1.275536776E0
4.764558750E-1,3.329344690E-1,1.386575103E0,-1.790872812E0
4.864648750E-1,3.370999992E-1,8.356342316E-1,-2.098884583E0
4.965058750E-1,4.579153657E-1,6.857038736E-1,-2.039227486E0
5.065148750E-1,8.276101947E-1,7.826986313E-1,-1.928911686E0
5.165248750E-1,1.352716923E0,9.493947029E-1,-1.898824096E0
5.265648750E-1,1.868396878E0,1.066834927E0,-1.990070224E0
5.365748750E-1,2.192169666E0,1.209722519E0,-2.146224737E0
5.465848750E-1,2.329988003E0,1.343240023E0,-2.134167910E0
5.565948750E-1,2.229404688E0,1.408315063E0,-1.972462058E0
5.666348750E-1,1.918894053E0,1.499012589E0,-1.777643085E0
5.766448750E-1,1.587734461E0,1.654704690E0,-1.592810035E0
5.866548750E-1,1.295676470E0,1.959217072E0,-1.406454444E0
5.966638750E-1,1.098637462E0,2.260589361E0,-1.291225076E0
6.067048750E-1,1.023100615E0,2.438354731E0,-1.319451094E0
6.167138750E-1,1.057855129E0,2.667189598E0,-1.372351289E0
6.267238750E-1,1.247319818E0,2.787029266E0,-1.390506268E0
6.367638750E-1,1.492348194E0,2.633805275E0,-1.484278083E0
6.467738750E-1,1.672307253E0,2.265749931E0,-1.602945209E0
6.567838750E-1,1.694360137E0,1.869355083E0,-1.491751552E0
6.667938750E-1,1.654171228E0,1.711578369E0,-1.409328699E0
6.768338750E-1,1.671234012E0,1.344993114E0,-1.535171390E0
6.868438750E-1,1.476247549E0,1.039646268E0,-1.763612390E0
6.968538750E-1,1.165146112E0,6.220165491E-1,-1.875818372E0
7.068628750E-1,8.942970037E-1,2.132292688E-1,-1.868954182E0
7.169038750E-1,6.280639768E-1,2.402427793E-1,-1.828726053E0
7.269128750E-1,3.363406360E-1,4.995082617E-1,-1.820162177E0
7.369228750E-1,-1.511407085E-2,5.274338722E-1,-1.895671368E0
7.469628750E-1,-7.044368982E-2,7.254259586E-1,-1.989259005E0
7.569728750E-1,2.275795937E0,2.312153101E0,-1.567310333E0
7.669828750E-1,2.370149136E0,1.331392050E0,-1.777159810E0
7.769928750E-1,1.875308752E0,5.958811045E-1,-2.169206858E0
7.870328750E-1,1.318952680E0,1.100629568E-1,-2.392582178E0
7.970428750E-1,5.582446456E-1,-1.678331196E-1,-2.487951279E0
8.070518750E-1,-2.046688795E-1,-3.831342459E-1,-2.453010798E0
8.170618750E-1,-6.294129491E-1,-4.764316976E-1,-2.218779802E0
8.271028750E-1,-5.453315973E-1,-1.962272078E-1,-1.814840794E0
8.371118750E-1,-6.364533678E-3,-3.089705482E-3,-1.288962603E0
8.471218750E-1,2.808995247E-1,-3.030021191E-1,-9.433584809E-1
8.571618750E-1,1.025468558E-1,-1.026886106E0,-8.245077729E-1
8.671718750E-1,-2.550725937E-1,-1.837291837E0,-7.302796245E-1
8.771818750E-1,-4.628284574E-1,-1.735081553E0,-5.454466939E-1
8.871918750E-1,-4.684116542E-1,-1.600529552E0,-2.737741172E-1
8.972318750E-1,-4.516755641E-1,-1.817855477E0,-2.206272483E-1
9.072418750E-1,-3.695533872E-1,-1.757793546E0,-4.472727180E-1
9.172508750E-1,-2.302391380E-1,-1.425514936E0,-3.966854215E-1
9.272608750E-1,-7.520582527E-2,-9.150418043E-1,-3.776029944E-1
9.373008750E-1,6.793402135E-2,-9.650861472E-2,-4.879457355E-1
9.473108750E-1,-3.723172098E-2,7.960862666E-2,-4.383629560E-1
9.573208750E-1,-2.269497216E-1,-2.189112157E-1,-3.593834341E-1
9.673608750E-1,-2.771788538E-1,-3.261764348E-1,-4.692458510E-1
9.773901667E-1,-2.773375809E-1,-4.421512187E-1,-5.212997198E-1
9.874001667E-1,-2.863363028E-1,-3.733939826E-1,-5.159921646E-1
9.974101667E-1,-3.601815104E-1,-2.964281142E-1,-5.558580756E-1
1.007450167E0,-4.500676095E-1,-3.797019720E-1,-5.708702207E-1
1.017460167E0,-5.202618837E-1,-4.953188598E-1,-5.151159167E-1
1.027469167E0,-5.523140430E-1,-5.359954238E-1,-4.840431809E-1
1.037479167E0,-4.225120842E-1,-4.360533953E-1,-5.692569017E-1
1.047519167E0,-1.270702928E-1,-2.138663977E-1,-6.888967156E-1
1.057529167E0,-3.011898138E-2,-1.789811105E-1,-6.651862860E-1
1.067539167E0,-1.147995442E-1,-1.206975430E-1,-6.249077320E-1
1.077579167E0,-2.146483809E-1,-2.338869423E-1,-4.414577484E-1
1.087589167E0,-2.699305117E-1,-3.310342431E-1,-2.142790407E-1
1.097599167E0,-3.197542429E-1,-4.499033689E-1,-2.980692685E-2
1.107609167E0,-3.722459972E-1,-5.514668226E-1,1.451904699E-2
1.117649167E0,-3.525071740E-1,-4.716278613E-1,-4.025019333E-2
1.127659167E0,-2.445893735E-1,-3.229951486E-2,-1.577946246E-1
1.137668167E0,-1.741865873E-1,3.053578734E-1,-3.504072428E-1
1.147678167E0,-5.235249400E-1,1.183079362E0,-9.121872783E-1
1.157718167E0,-9.134415388E-1,2.115351915E0,-1.553280115E0
1.167728167E0,-7.223331928E-1,2.281014681E0,-1.466558337E0
1.177738167E0,-2.571644187E-1,1.281883955E0,-5.072203279E-1
1.187778167E0,-1.914492436E-2,-8.073928356E-1,2.879068255E-1
1.197788167E0,4.206407070E-1,-1.173112750E0,5.384221077E-1
1.207798167E0,9.804624319E-1,-1.679613829E0,4.495918751E-1
1.217808167E0,1.324818730E0,-1.662825823E0,2.903876007E-1
1.227848167E0,1.606837392E0,-1.412579179E0,1.806082726E-1
1.237858167E0,1.909485936E0,-8.389907479E-1,2.366845310E-2
1.247867167E0,1.963297606E0,-6.201988086E-2,-1.861775666E-1
1.257877167E0,1.801800847E0,1.568664014E-1,-8.472310752E-2
1.267917167E0,1.636041522E0,2.099765241E-1,2.304717153E-1
1.277927167E0,1.623380661E0,4.988501072E-1,4.627353251E-1
1.287937167E0,1.622463465E0,6.025221944E-1,4.485209882E-1
1.297977167E0,1.480162501E0,4.778071344E-1,3.810628653E-1
1.307987167E0,1.639608026E0,5.169444084E-1,3.553694487E-1
1.317997167E0,1.759683371E0,-5.422083661E-3,4.920250177E-1
1.328007167E0,1.977926493E0,-7.456821203E-1,8.441673517E-1
1.338047167E0,2.335721493E0,-1.447054386E0,1.112967968E0
1.348057167E0,2.534318447E0,-2.126170158E0,1.223851323E0
1.358066167E0,2.618643045E0,-2.570354223E0,1.163610935E0
1.368076167E0,2.604903698E0,-2.625286818E0,1.164223433E0
1.378116167E0,2.483822346E0,-2.443018436E0,1.276029587E0
1.388126167E0,2.505341053E0,-2.646916151E0,1.230887413E0
1.398136167E0,2.367848396E0,-2.601952076E0,1.306334019E0
1.408176167E0,2.194258213E0,-2.998322010E0,1.316390872E0
1.418186167E0,2.121594429E0,-3.310026884E0,1.335310578E0
1.428196167E0,2.146404505E0,-3.532645702E0,1.319007993E0
1.438206167E0,2.217012882E0,-3.587784052E0,1.313511014E0
1.448246167E0,2.167985439E0,-3.534628153E0,1.335262656E0
1.458256167E0,2.013607502E0,-3.441547394E0,1.420320272E0
1.468265167E0,1.806039929E0,-3.336566210E0,1.614553571E0
1.478275167E0,1.603283405E0,-3.285191536E0,1.839314699E0
1.488315167E0,1.448386192E0,-3.386409998E0,1.997784257E0
1.498325167E0,1.339813113E0,-3.582131863E0,2.076840878E0
1.508335167E0,1.259491563E0,-3.814464331E0,2.172912121E0
1.518375167E0,1.195197821E0,-4.073584557E0,2.229563475E0
1.528385167E0,9.334030151E-1,-3.999595881E0,2.161853552E0
1.538395167E0,4.228340685E-1,-3.750943422E0,2.174498558E0
1.548404167E0,-6.255018711E-2,-3.456912756E0,2.104463816E0
1.558445167E0,-4.707363546E-1,-3.132871389E0,1.917264819E0
1.568455167E0,-7.728021741E-1,-2.862248898E0,1.694002390E0
1.578464167E0,-8.992642760E-1,-2.755546093E0,1.527147889E0
1.588474167E0,-9.420776963E-1,-2.735540628E0,1.415231705E0
1.598514167E0,-9.710848331E-1,-2.777222395E0,1.312636852E0
1.608524167E0,-9.883772135E-1,-2.753183365E0,1.180532575E0
1.618534167E0,-1.045405984E0,-2.749060631E0,1.010967493E0
1.628574167E0,-1.158537626E0,-2.831698418E0,8.881945014E-1
1.638584167E0,-1.254197598E0,-2.935521364E0,8.740970492E-1
1.648594167E0,-1.282088757E0,-2.988376379E0,9.026654959E-1
1.658603167E0,-1.280634880E0,-2.904932976E0,9.238245487E-1
1.668644167E0,-1.311285496E0,-2.686431885E0,8.768317699E-1
1.678654167E0,-1.381065369E0,-2.421140671E0,7.518258691E-1
1.688663167E0,-1.440389395E0,-2.121808529E0,5.818279386E-1
1.698673167E0,-1.424153209E0,-1.802325606E0,4.316533804E-1
1.708713167E0,-1.306460977E0,-1.566946030E0,3.362430334E-1
1.718723167E0,-1.150783420E0,-1.498547316E0,3.134375811E-1
1.728733167E0,-1.026818037E0,-1.506513357E0,3.197171986E-1
1.738773167E0,-9.550456405E-1,-1.605219722E0,2.814877927E-1
1.748783167E0,-9.237545729E-1,-1.698234081E0,1.814345866E-1
1.758793167E0,-9.606886506E-1,-1.683939338E0,6.006474420E-2
1.768802167E0,-1.028272629E0,-1.528546572E0,-8.458808996E-3
1.778843167E0,-1.046005607E0,-1.240707874E0,-2.415867709E-2
1.788852167E0,-9.433851242E-1,-8.524878621E-1,-1.035157405E-2
1.798862167E0,-7.709680796E-1,-4.087274373E-1,-1.315002330E-2
1.808872167E0,-6.178295612E-1,1.075446419E-2,-4.546034709E-2
1.818912167E0,-4.697277248E-1,2.031300366E-1,-1.553873718E-1
1.828922167E0,-3.386352062E-1,2.155705169E-2,-2.005590647E-1
1.838932167E0,-2.868958414E-1,-1.947344989E-1,-8.336879313E-2
1.848972167E0,-2.638159394E-1,-2.455233783E-1,7.168006897E-2
1.858982167E0,-2.404397726E-1,-2.592570484E-1,1.219610870E-1
1.868992167E0,-1.860626340E-1,-2.485716343E-1,3.282546625E-2
1.879001167E0,-8.635015041E-2,-1.780894846E-1,-4.277874529E-2
1.889042167E0,-2.020205557E-2,-2.933939174E-2,1.137380023E-2
1.899051167E0,-3.666358814E-2,1.777943522E-1,6.514382362E-2
1.909061167E0,-1.014703661E-1,3.517328203E-1,-2.002560720E-2
1.919071167E0,-1.777068079E-1,3.812528849E-1,-1.772740781E-1
1.929111167E0,-2.386253625E-1,2.902919054E-1,-3.081155717E-1
1.939121167E0,-2.479493469E-1,1.337345243E-1,-3.277659714E-1
1.949131167E0,-1.980133504E-1,1.364481170E-2,-1.706836671E-1
1.959171167E0,-1.298007369E-1,-1.095321029E-2,2.406104654E-2
1.969181167E0,-5.697832257E-2,-1.027228236E-1,2.612048946E-2
1.979184750E0,1.275628246E-2,-2.890423834E-1,-1.017780825E-1
1.989193750E0,6.327067316E-2,-4.503684044E-1,-1.878883988E-1
1.999234750E0,1.065805927E-1,-6.235662699E-1,-1.689210981E-1
2.009243750E0,1.164932698E-1,-7.385349274E-1,-6.534525752E-2
2.019253750E0,6.680028141E-2,-7.590021491E-1,8.559472114E-2
2.029263750E0,-4.025870189E-2,-6.803645492E-1,1.406361461E-1
2.039303750E0,-1.436290294E-1,-6.179882288E-1,8.440641314E-2
2.049313750E0,-1.129534096E-1,-6.708733439E-1,6.294633262E-3
2.059323750E0,-3.536372446E-3,-7.235389948E-1,-2.230904810E-2
2.069363750E0,1.045811400E-1,-7.112007737E-1,-8.846569806E-3
2.079373750E0,1.607410908E-1,-6.440930963E-1,-2.789083496E-2
2.089383750E0,1.453492045E-1,-6.262151003E-1,-1.323984861E-1
2.099392750E0,8.391460031E-2,-7.620781064E-1,-2.480468005E-1
2.109433750E0,3.518483415E-2,-9.787765741E-1,-2.240765840E-1
2.119442750E0,8.339709789E-2,-1.148053288E0,-7.088516653E-2
2.129452750E0,2.070193887E-1,-1.169206500E0,1.659259498E-1
2.139462750E0,3.359068036E-1,-9.130268693E-1,4.143677354E-1
2.149502750E0,4.109126925E-1,-5.526756048E-1,4.677025080E-1
2.159512750E0,4.240263700E-1,-3.539726138E-1,3.285158575E-1
2.169522750E0,4.368434250E-1,-4.332147241E-1,1.544777602E-1
2.179562750E0,6.063717604E-1,-7.006595135E-1,-3.351468146E-1
2.189572750E0,1.365121603E0,-1.218344212E0,-1.003315330E0
2.199582750E0,9.821310639E-1,-2.140551567E0,-1.292475700E0
2.209591750E0,1.604800820E-1,-1.860518098E0,-6.352354884E-1
2.219632750E0,-4.095735252E-1,-1.358363628E0,8.011087030E-2
2.229641750E0,-5.441554189E-1,-1.154358268E0,-3.735640272E-2
2.239651750E0,-4.037844837E-1,-9.376313090E-1,-2.991339564E-1
2.249661750E0,-1.158949807E-1,-5.348473191E-1,-2.930383980E-1
2.259701750E0,3.073830605E-1,-2.860065699E-1,-2.278367579E-1
2.269711750E0,5.346302390E-1,-4.282093048E-1,-1.601631790E-1
2.279721750E0,3.867481053E-1,-4.039726853E-1,1.599783450E-1
2.289761750E0,-4.474775493E-2,-9.076787531E-2,5.845490098E-1
2.299771750E0,-5.372605324E-1,3.609798849E-1,7.948697209E-1
2.309781750E0,-8.265086412E-1,7.259072065E-1,6.133347750E-1
2.319790750E0,-9.015151858E-1,8.635857105E-1,2.334974259E-1
2.329831750E0,-8.126729131E-1,7.402321100E-1,-5.901509151E-2
2.339840750E0,-5.441346765E-1,3.740669191E-1,-9.315202385E-2
2.349850750E0,-3.449079990E-1,8.764047921E-2,9.549234807E-2
2.359860750E0,-1.856288463E-1,-4.763399065E-2,2.486020178E-1
2.369900750E0,-1.304709818E-2,-3.619279712E-2,2.102920115E-1
2.379910750E0,1.250793487E-1,6.746948697E-3,2.894880716E-3
2.389920750E0,1.981485039E-1,-2.876390889E-2,-2.064799070E-1
2.399960750E0,2.182399184E-1,-1.336149573E-1,-2.958606482E-1
2.409970750E0,1.921641529E-1,-2.496957630E-1,-2.741932273E-1
2.419980750E0,1.008419693E-1,-3.371017575E-1,-1.596346796E-1
2.429989750E0,2.428418584E-2,-3.002665043E-1,-6.089214236E-2
2.440030750E0,1.290955953E-2,-2.005537450E-1,-6.156086177E-2
2.450039750E0,1.326775365E-2,-1.157216877E-1,-1.519698501E-1
2.460049750E0,9.679410607E-3,-9.607341141E-2,-1.791356951E-1
2.470059750E0,5.487472191E-2,-1.101958752E-1,-1.066160575E-1
2.480099750E0,1.629034579E-1,-1.514194757E-1,-5.978064239E-2
2.490109750E0,2.632027268E-1,-1.838592142E-1,-5.226360261E-2
2.500119750E0,2.999085486E-1,-1.485353112E-1,-3.669982404E-2
2.510128750E0,2.990820706E-1,-7.713805884E-2,-2.630204521E-2
2.520169750E0,2.830298543E-1,-1.233722549E-2,-4.751572013E-2
2.530178750E0,2.567276657E-1,-2.014137246E-2,-1.361103654E-1
2.540188750E0,2.190809548E-1,-9.059236944E-2,-2.205216438E-1
2.550229750E0,1.711276472E-1,-1.340988576E-1,-2.471686453E-1
2.560238750E0,1.252464503E-1,-1.575290710E-1,-2.565051615E-1
2.570248750E0,1.029104143E-1,-1.866478026E-1,-2.929880023E-1
2.580258750E0,1.329889446E-1,-1.311595142E-1,-3.463492393E-1
2.590298750E0,1.886714399E-1,6.497216225E-2,-4.119052291E-1
2.600308750E0,2.791989446E-1,2.239831090E-1,-5.223472714E-1
2.610318750E0,4.255804420E-1,2.210938632E-1,-6.779186130E-1
2.620327750E0,6.255729198E-1,-5.402025208E-2,-7.830122709E-1
2.630368750E0,7.818004489E-1,-4.656512141E-1,-6.866380572E-1
2.640377750E0,8.489843011E-1,-7.563229799E-1,-5.113123059E-1
2.650387750E0,8.401587605E-1,-8.778275847E-1,-3.755305111E-1
2.660428750E0,8.160478473E-1,-8.742738366E-1,-3.454170823E-1
2.670437750E0,8.276062012E-1,-7.527793646E-1,-4.259796143E-1
2.680447750E0,9.095711112E-1,-5.429089665E-1,-5.542619228E-1
2.690457750E0,1.085652590E0,-3.358530104E-1,-7.331045866E-1
2.700497750E0,1.344685197E0,-1.282367110E-1,-9.242444634E-1
2.710507750E0,1.666635513E0,2.915211208E-2,-1.029220939E0
2.720517750E0,2.030270338E0,-2.088681981E-2,-1.001330972E0
2.730526750E0,2.319564581E0,-4.299225211E-1,-9.060428739E-1
2.740567750E0,2.464290142E0,-8.314672709E-1,-8.070166707E-1
2.750576750E0,2.385959864E0,-1.025294065E0,-7.021670938E-1
2.760586750E0,2.068641663E0,-1.200726867E0,-6.580682993E-1
2.770626750E0,1.610576630E0,-1.341834664E0,-6.622454524E-1
2.780636750E0,1.236655712E0,-1.347494364E0,-7.546693683E-1
2.790646750E0,1.122820020E0,-1.278204322E0,-9.743962288E-1
2.800656750E0,1.224730611E0,-1.215069771E0,-1.164436936E0
2.810696750E0,1.456433415E0,-1.153341174E0,-1.196014643E0
2.820706750E0,1.709952712E0,-1.094743967E0,-1.156373978E0
2.830716750E0,1.842809200E0,-9.885442853E-1,-1.077940822E0
2.840725750E0,1.733431101E0,-8.607753515E-1,-9.871043563E-1
2.850766750E0,1.557971478E0,-7.305334806E-1,-8.593431115E-1
2.860775750E0,1.829846382E0,-8.490872979E-1,-3.231287003E-1
2.870785750E0,1.860213280E0,-1.520367026E0,6.744861007E-1
2.880825750E0,1.853148818E0,-1.796652913E0,1.077161908E0
2.890835750E0,1.871903300E0,-2.125809193E0,9.238888025E-1
2.900845750E0,1.287223339E0,-2.094382763E0,7.259163857E-1
2.910855750E0,4.643828273E-1,-1.310842991E0,5.155565739E-1
2.920895750E0,-1.647282541E-1,-4.287560582E-1,2.788502276E-1
2.930905750E0,-6.447258592E-1,5.083685517E-1,-4.982063547E-2
2.940915750E0,-9.259296060E-1,1.124655128E0,-4.547745287E-1
2.950924750E0,-8.903241754E-1,1.269776464E0,-6.736549139E-1
2.960965750E0,-7.061120272E-1,1.300262690E0,-6.536937356E-1
2.970974750E0,-5.645642281E-1,1.267678738E0,-6.919201016E-1
2.980981417E0,-5.068529844E-1,1.216810226E0,-7.699698806E-1
2.991021417E0,-4.828019142E-1,1.182621717E0,-9.988560081E-1
3.001031417E0,-4.430406392E-1,1.130934834E0,-1.199481010E0
3.011041417E0,-3.339312673E-1,7.721090913E-1,-1.182551384E0
3.021051417E0,-1.679212749E-1,4.854738340E-2,-6.717258096E-1
3.031091417E0,1.003853455E-1,-8.908382058E-1,2.063707262E-2
3.041101417E0,3.917788565E-1,-1.738287210E0,6.042538881E-1
3.051111417E0,5.764651299E-1,-2.175372601E0,7.872715592E-1
3.061120417E0,5.539169312E-1,-1.989917397E0,7.462404966E-1
3.071161417E0,3.830048740E-1,-1.325044632E0,7.695715427E-1
3.081170417E0,1.853218973E-1,-5.789276958E-1,6.758918762E-1
3.091180417E0,-3.670634329E-2,-6.386117637E-2,1.043140963E-1
3.101220417E0,-4.293358922E-1,2.258867621E-1,-9.182451963E-1
3.111230417E0,-9.887806177E-1,6.642036438E-1,-2.467370272E0
3.121240417E0,-1.248343229E0,1.383265138E0,-3.654905319E0
3.131250417E0,-9.499912262E-1,1.859067917E0,-3.317758083E0
3.141290417E0,-2.459427714E-1,1.412137866E0,-2.396145821E0
3.151300417E0,7.114424706E-1,5.842405558E-2,-1.394114256E0
3.161310417E0,1.370794296E0,-1.257731676E0,-7.285283208E-1
3.171319417E0,1.672135711E0,-2.217621565E0,-6.645205021E-1
3.181360417E0,1.677600861E0,-2.436029673E0,-9.587129354E-1
3.191369417E0,9.386042953E-1,-1.235586882E0,-1.083602428E0
3.201379417E0,1.444829404E-1,4.036170542E-1,-1.221290231E0
3.211419417E0,1.249940470E-1,1.216486216E0,-1.495429754E0
3.221429417E0,4.998169243E-1,1.208149433E0,-1.480414510E0
3.231439417E0,6.892156005E-1,8.716372848E-1,-1.101169586E0
3.241449417E0,6.339422464E-1,3.570048213E-1,-7.506123185E-1
3.251489417E0,4.307533205E-1,-4.233482480E-1,-3.586020768E-1
3.261499417E0,3.885329068E-1,-8.920891285E-1,-1.060544923E-1
3.271508417E0,5.316601396E-1,-1.158507705E0,-2.570962310E-1
3.281518417E0,6.743478179E-1,-1.186398149E0,-5.798364282E-1
3.291559417E0,6.579968929E-1,-1.052020431E0,-6.602182984E-1
3.301568417E0,5.938118100E-1,-9.298801422E-1,-5.376783013E-1
3.311578417E0,5.791640282E-1,-6.103059053E-1,-4.358870983E-1
3.321618417E0,6.882010102E-1,-1.410512924E-1,-5.864380002E-1
3.331628417E0,8.646473289E-1,3.996695206E-2,-9.371071458E-1
3.341638417E0,9.739104509E-1,2.528858781E-1,-1.210823894E0
3.351648417E0,9.139286280E-1,2.394869626E-1,-1.317518353E0
3.361688417E0,7.237429619E-1,3.168690577E-2,-1.189555049E0
3.371698417E0,5.457687378E-1,-4.605289549E-2,-9.160801172E-1
3.381707417E0,4.366981685E-1,5.400765687E-2,-8.210532069E-1
3.391717417E0,3.699498773E-1,3.007886708E-1,-8.740682006E-1
3.401758417E0,2.500080466E-1,5.006887317E-1,-1.051559091E0
3.411767417E0,1.968582869E-1,7.113056779E-1,-1.405063033E0
3.421777417E0,2.466492802E-1,6.031531096E-1,-2.010246515E0
3.431817417E0,4.260689914E-1,7.032954097E-1,-2.459142923E0
3.441827417E0,5.505094528E-1,5.517604351E-1,-2.535683393E0
3.451837417E0,6.248700023E-1,5.664107390E-3,-2.181835413E0
3.461847417E0,7.545529008E-1,-2.128165662E-1,-1.863494754E0
3.471887417E0,8.842308521E-1,-1.647031158E-1,-1.560699224E0
3.481897417E0,9.316465259E-1,-3.491493762E-1,-1.129706740E0
3.491906417E0,9.073716998E-1,-3.402371109E-1,-7.188717127E-1
3.501916417E0,9.913547039E-1,-4.885746539E-1,-5.172624588E-1
3.511956417E0,1.109372735E0,-4.890164733E-1,-4.135528207E-1
3.521966417E0,1.082521081E0,-1.970884800E-1,-3.728477359E-1
3.531976417E0,1.146738529E0,-3.292185366E-1,-3.798789084E-1
3.542016417E0,7.195808291E-1,4.712901413E-1,-2.018282115E-1
3.552026417E0,4.549666643E-1,2.088611573E-1,9.692119062E-2
3.562036417E0,3.072176874E-1,7.753535360E-2,2.860786021E-1
3.572046417E0,2.373507470E-1,-9.224861860E-2,3.786447346E-1
3.582086417E0,9.097222984E-2,1.833568513E-2,5.638505816E-1
3.592096417E0,2.337367274E-3,3.215893805E-1,7.763408422E-1
3.602105417E0,4.153457284E-2,4.706148207E-1,1.011111021E0
3.612115417E0,2.579242587E-1,2.951148748E-1,1.248842001E0
3.622155417E0,5.581442714E-1,9.035998955E-3,1.110241771E0
3.632165417E0,5.517961383E-1,2.255972475E-2,1.130287170E0
3.642175417E0,6.580097079E-1,-2.162440717E-1,1.260962009E0
3.652215417E0,7.605371475E-1,-2.623409331E-1,1.154576421E0
3.662225417E0,5.561240911E-1,-8.557388186E-2,8.398216963E-1
3.672235417E0,1.908907741E-1,1.231111884E-1,7.395964265E-1
3.682245417E0,5.201437697E-2,-5.212454870E-2,6.872554421E-1
3.692285417E0,1.103667319E-1,-3.398181796E-1,5.296825767E-1
3.702295417E0,1.277997792E-1,-4.032650590E-1,2.090688646E-1
3.712304417E0,8.965790272E-2,-3.390054107E-1,-9.274311364E-2
3.722314417E0,8.043670654E-2,-3.947757185E-1,-2.775183022E-1
3.732354417E0,-3.342997283E-3,-4.170323014E-1,-4.020896256E-1
3.742364417E0,-2.532899976E-1,-1.161608770E-1,-3.432255089E-1
3.752374417E0,-4.277107418E-1,-1.222309992E-1,-2.016572952E-1
3.762414417E0,-5.046667457E-1,-2.635281980E-1,5.289988220E-2
3.772424417E0,-4.804047942E-1,-3.473743796E-1,1.752680540E-1
3.782434417E0,-4.084051549E-1,-2.698425651E-1,1.449578106E-1
3.792444417E0,-3.743739426E-1,-1.320006549E-1,8.552070707E-2
3.802484417E0,-3.849826455E-1,-6.079758704E-2,8.773379028E-2
3.812494417E0,-3.908255398E-1,-1.019391324E-2,5.922963470E-2
3.822503417E0,-3.752353787E-1,1.357845962E-1,-5.769246072E-2
3.832513417E0,-2.953693867E-1,1.855081618E-1,-1.238327995E-1
3.842553417E0,-1.860953569E-1,2.382709682E-1,-1.563950181E-1
3.852563417E0,-9.214538336E-2,2.196094096E-1,-1.192539260E-1
3.862573417E0,-3.762834147E-2,7.513239980E-2,-8.998658508E-2
3.872613417E0,-7.514070719E-2,-1.671470329E-2,-1.971524954E-2
3.882623417E0,-1.430036426E-1,-2.338458970E-2,5.342074484E-2
3.892633417E0,-2.070489377E-1,-1.433839649E-1,5.636460334E-2
3.902643417E0,-2.940805256E-1,-2.104143947E-1,-2.371531725E-2
3.912683417E0,-4.463061094E-1,7.620698214E-2,-1.157441512E-1
3.922693417E0,-5.486530066E-1,6.432636082E-2,-1.074878201E-1
3.932702417E0,-5.271707177E-1,-1.502487808E-1,-1.271720231E-1
3.942712417E0,-4.800966978E-1,-1.553266346E-1,-9.566548467E-2
3.952752417E0,-4.634131789E-1,-1.728190929E-1,-1.703545637E-2
3.962762417E0,-5.289338827E-1,-1.115429681E-2,-4.022679478E-2
3.972772417E0,-5.297325850E-1,-3.701698035E-3,-1.161841005E-1
3.982799250E0,-5.024991035E-1,7.448098809E-2,-1.384294927E-1
3.992839250E0,-4.379201829E-1,1.950540841E-1,-1.669385582E-1
4.002849250E0,-3.587382734E-1,2.484366000E-1,-1.726433188E-1
4.012859250E0,-3.021874726E-1,3.265113831E-1,-1.685623676E-1
4.022899250E0,-3.019208908E-1,3.516654670E-1,-1.338856220E-1
4.032909250E0,-3.130519688E-1,2.212344706E-1,-1.426195502E-1
4.042918250E0,-3.482664227E-1,1.799746454E-1,-1.410301775E-1
4.052928250E0,-4.098515213E-1,4.075339139E-1,-1.507954895E-1
4.062968250E0,-4.162308574E-1,6.017936468E-1,-1.549428403E-1
4.072978250E0,-3.575473428E-1,6.914496422E-1,-1.798498631E-1
4.082988250E0,-2.968033254E-1,4.097242355E-1,-1.925259829E-1
4.092998250E0,-2.804525197E-1,2.235700637E-1,-1.960559636E-1
4.103038250E0,-2.832315266E-1,1.042649820E-1,-1.541671008E-1
4.113048250E0,-2.555575371E-1,-1.168360934E-2,-9.724570811E-2
4.123057250E0,-1.790939420E-1,-8.351865411E-2,-5.503087863E-2
4.133098250E0,-7.997389883E-2,-1.334226429E-1,-5.219396204E-3
4.143108250E0,-7.204891182E-3,-1.428843141E-1,1.797886752E-2
4.153117250E0,3.807131201E-2,-1.218626946E-1,2.562208660E-2
4.163127250E0,4.604215175E-2,-1.029393375E-1,2.058312111E-2
4.173167250E0,4.035757855E-2,-9.570506215E-2,8.140409365E-3
4.183177250E0,1.838916354E-2,-1.222162992E-1,-8.181040175E-3
4.193187250E0,-4.028494935E-3,-1.527881324E-1,-1.898351125E-2
4.203197250E0,-1.684761979E-2,-1.877066940E-1,-2.774584480E-2
4.213237250E0,-1.955660246E-2,-2.164926678E-1,-2.963081747E-2
4.223247250E0,-3.747568280E-2,-2.283471972E-1,-2.682091668E-2
4.233256250E0,-4.181613401E-2,-2.130831033E-1,-2.591854893E-2
4.243297250E0,-4.184036702E-2,-2.126277089E-1,-2.215150744E-2
4.253307250E0,-4.366969317E-2,-2.141116261E-1,-2.053603530E-2
4.263316250E0,-3.594413027E-2,-2.238063216E-1,-1.707019657E-2
4.273326250E0,-2.516540512E-2,-2.501641810E-1,-3.470447147E-3
4.283366250E0,-2.224152163E-2,-2.759574652E-1,3.860436380E-3
4.293376250E0,-1.554407831E-2,-2.774557471E-1,6.145801861E-3
4.303386250E0,-2.595410869E-2,-2.453369647E-1,-6.624056026E-3
4.313396250E0,-4.274035245E-2,-1.729319990E-1,-4.575083405E-2
4.323436250E0,-5.258392915E-2,-4.311649129E-2,-1.228123307E-1
4.333446250E0,-4.863322154E-2,-4.101791978E-2,-9.756828845E-2
4.343455250E0,-1.286830287E-2,-1.270031333E-1,-5.718837678E-2
4.353496250E0,7.301864680E-4,-2.113550305E-1,-2.997475490E-2
4.363505250E0,1.838594209E-3,-2.461220622E-1,-2.114690654E-2
4.373515250E0,-8.268415928E-3,-2.677402198E-1,-1.770333387E-2
4.383525250E0,-1.778681949E-2,-2.618064284E-1,-1.942826435E-2
4.393565250E0,-2.610642463E-2,-2.502486110E-1,-2.139788866E-2
4.403575250E0,-3.238935396E-2,-2.386199087E-1,-2.425492927E-2
4.413585250E0,-3.561847657E-2,-2.219461352E-1,-2.859286405E-2
4.423595250E0,-3.025273979E-2,-1.910081953E-1,-3.220117837E-2
4.433635250E0,-2.854664437E-2,-1.605660468E-1,-3.299471736E-2
4.443645250E0,-3.082471155E-2,-1.620928347E-1,-4.159459844E-2
4.453654250E0,-4.232569784E-2,-1.501021683E-1,-3.783372417E-2
4.463695250E0,-4.078878835E-2,-1.504832655E-1,-3.579294309E-2
4.473704250E0,-2.988943085E-2,-1.546104848E-1,-3.284223378E-2
4.483714250E0,-2.042322420E-2,-1.589564979E-1,-2.977267653E-2
4.493724250E0,-1.382035948E-2,-1.574110985E-1,-2.701044641E-2
4.503764250E0,-1.822735928E-2,-1.580465287E-1,-2.005426958E-2
4.513774250E0,-3.946946561E-2,-1.757111549E-1,-1.325573772E-2
4.523784250E0,-5.570995435E-2,-2.132910192E-1,-4.654792137E-3
4.533794250E0,-6.615453959E-2,-2.269790024E-1,-1.339863054E-3
4.543834250E0,-6.742194295E-2,-2.120948583E-1,1.248407364E-2
4.553844250E0,-6.895592064E-2,-2.118642181E-1,1.895315759E-2
4.563853250E0,-6.477528811E-2,-2.206244320E-1,2.509600669E-2
4.573894250E0,-5.913897976E-2,-2.225003541E-1,3.335686401E-2
4.583903250E0,-6.654948741E-2,-2.368886173E-1,3.871035203E-2
4.593913250E0,-7.282017171E-2,-2.523288429E-1,3.699181229E-2
4.603923250E0,-8.238011599E-2,-2.420309186E-1,2.621692792E-2
4.613963250E0,-9.955642372E-2,-2.170893401E-1,9.805250913E-3
4.623973250E0,-1.013628468E-1,-2.537954152E-1,-4.986478016E-3
4.633983250E0,-1.159985363E-1,-1.559319645E-1,-2.650414780E-2
4.643993250E0,-9.978867322E-2,-1.354772896E-1,-3.243580461E-2
4.654033250E0,-6.063977629E-2,-1.286668032E-1,-4.136217013E-2
4.664043250E0,-1.459878124E-2,-1.450740099E-1,-4.757665470E-2
4.674052250E0,2.074421197E-2,-1.914327592E-1,-6.056570262E-2
4.684093250E0,5.281027034E-2,-2.323482335E-1,-7.007850707E-2
4.694102250E0,8.140378445E-2,-2.541429698E-1,-7.749564946E-2
4.704112250E0,1.170182377E-1,-2.766104639E-1,-9.874980152E-2
4.714122250E0,1.120402589E-1,-2.266652435E-1,-9.447769821E-2
4.724162250E0,1.170499325E-1,-2.283329219E-1,-1.052437872E-1
4.734172250E0,1.103480533E-1,-2.565968037E-1,-1.041253656E-1
4.744182250E0,8.989098668E-2,-1.945704520E-1,-9.417393059E-2
4.754192250E0,4.458450526E-2,-1.716840565E-1,-6.037410349E-2
4.764232250E0,6.277009379E-4,-1.609946489E-1,-2.704251185E-2
4.774242250E0,-4.522496462E-2,-1.533939242E-1,3.788803238E-3
4.784251250E0,-8.007536083E-2,-1.529917866E-1,2.915141918E-2
4.794292250E0,-9.869549423E-2,-1.552805752E-1,4.593647644E-2
4.804301250E0,-1.091595888E-1,-1.452119648E-1,5.959316716E-2
4.814311250E0,-1.099731848E-1,-1.364309937E-1,7.011717558E-2
4.824321250E0,-1.083803475E-1,-1.279256493E-1,7.754313201E-2
4.834361250E0,-1.063374728E-1,-1.183835417E-1,6.882922351E-2
4.844371250E0,-1.100120991E-1,-9.380975366E-2,6.169382110E-2
4.854381250E0,-1.173461378E-1,-6.216843054E-2,4.452524707E-2
4.864390250E0,-1.188042164E-1,-2.385273390E-2,2.205083147E-2
4.874431250E0,-1.049364731E-1,2.170558088E-3,7.167179137E-5
4.884441250E0,-7.432476431E-2,1.976526529E-2,-1.794487983E-2
4.894450250E0,-2.514624223E-2,3.121874109E-2,-3.361330181E-2
4.904491250E0,2.344899066E-2,3.716744110E-2,-3.470466286E-2
4.914500250E0,6.147572398E-2,3.095801175E-2,-2.797957137E-2
4.924510250E0,8.492645621E-2,2.070777118E-2,-1.656206697E-2
4.934520250E0,8.953253925E-2,9.961650707E-3,-6.017387845E-3
4.944560250E0,7.764578611E-2,8.166146465E-3,1.741465647E-3
4.954570250E0,5.466300249E-2,8.927316405E-3,5.244962871E-3
4.964580250E0,2.987536602E-2,1.930645481E-2,6.277203560E-3
4.974589250E0,1.028966252E-2,3.884096816E-2,6.233336404E-3
4.984635625E0,-3.661776136E-4,5.951668695E-2,1.170240343E-2
4.994645625E0,-7.240896113E-3,7.651110739E-2,1.776299067E-2
5.004654625E0,-1.696383022E-2,9.860974550E-2,2.330769226E-2
5.014695625E0,-2.396522835E-2,1.070437655E-1,2.597287856E-2
5.024704625E0,-2.545872889E-2,1.042873934E-1,2.876386978E-2
5.034714625E0,-2.167433314E-2,1.021917015E-1,3.230950236E-2
5.044724625E0,-1.701886207E-2,9.336225688E-2,3.860867769E-2
5.054764625E0,-5.608451087E-3,7.368927449E-2,3.690078855E-2
5.064774625E0,1.041951776E-2,6.458419561E-2,4.218103737E-2
5.074784625E0,1.504934859E-2,7.115548849E-2,4.267856851E-2
5.084793625E0,7.363199256E-3,7.980810106E-2,4.269374534E-2
5.094834625E0,-4.428235348E-3,9.281018376E-2,4.152989760E-2
5.104843625E0,-1.292185485E-2,1.181597412E-1,4.041456804E-2
5.114853625E0,-9.739127010E-3,1.350943893E-1,3.189486265E-2
5.124894625E0,2.721803728E-3,1.284844279E-1,2.065339312E-2
5.134903625E0,1.399388351E-2,1.349555850E-1,2.534442954E-2
5.144913625E0,3.283947706E-2,1.197883412E-1,2.518703602E-2
5.154923625E0,3.653354943E-2,1.000222862E-1,3.150171787E-2
5.164963625E0,2.102702670E-2,9.268794209E-2,3.969253600E-2
5.174973625E0,-2.147481311E-3,8.167684078E-2,4.373158142E-2
5.184983625E0,-1.534930337E-2,8.292825520E-2,4.323889688E-2
5.194992625E0,-2.824699692E-2,8.701624721E-2,3.827656060E-2
5.205033625E0,-2.988670580E-2,9.455965459E-2,3.499501199E-2
5.215042625E0,-2.192961238E-2,8.766702563E-2,3.207512200E-2
5.225052625E0,-1.188363507E-2,8.583610505E-2,3.068228625E-2
5.235093625E0,-1.131774625E-3,7.457178831E-2,2.786654979E-2
5.245102625E0,3.968711477E-3,5.424414203E-2,2.250001580E-2
5.255112625E0,6.653527264E-3,4.007217288E-2,2.160033956E-2
5.265122625E0,6.205051206E-3,3.343611211E-2,2.029139549E-2
5.275162625E0,3.421987407E-3,3.700764105E-2,2.193653956E-2
5.285172625E0,-6.989108399E-3,4.200825840E-2,2.110190317E-2
5.295182625E0,-1.707694866E-2,4.191903770E-2,2.409546822E-2
5.305191625E0,-1.132372208E-2,3.590509295E-2,2.360251732E-2
5.315232625E0,-3.956543747E-3,2.497841418E-2,2.442185022E-2
5.325241625E0,7.416219451E-3,1.582486182E-2,2.689193375E-2
5.335251625E0,1.211809739E-2,9.637428448E-4,3.318180516E-2
5.345291625E0,1.641936973E-2,-1.403464843E-2,3.481618688E-2
5.355301625E0,1.624803804E-2,-1.474210620E-2,3.539855033E-2
5.365311625E0,1.193078700E-2,-1.518072933E-2,3.690962866E-2
5.375321625E0,1.005773153E-2,-2.202045545E-2,3.448945656E-2
5.385361625E0,6.302673835E-3,-1.654579490E-2,4.101127014E-2
5.395371625E0,-1.780703664E-3,-8.393362164E-3,4.347394407E-2
5.405381625E0,-1.890829206E-2,-1.475214958E-6,4.943915829E-2
5.415390625E0,-3.581336886E-2,-8.712663315E-3,5.168729275E-2
5.425431625E0,-4.452323541E-2,-2.501546964E-2,5.262979120E-2
5.435440625E0,-4.346606508E-2,-4.649284855E-2,5.277360976E-2
5.445450625E0,-4.109611735E-2,-5.905657634E-2,4.924012721E-2
5.455490625E0,-3.146518022E-2,-7.040244341E-2,3.831546381E-2
5.465500625E0,-1.497328747E-2,-7.333591580E-2,2.331946976E-2
5.475510625E0,5.306587089E-3,-7.353937626E-2,1.485987939E-2
5.485520625E0,1.942427084E-2,-8.766078949E-2,7.389978971E-3
5.495560625E0,2.067677490E-2,-9.299722314E-2,5.497055594E-3
5.505570625E0,1.045902632E-2,-8.533290774E-2,1.256561838E-2
5.515580625E0,1.409459626E-3,-9.669049829E-2,2.143458277E-2
5.525589625E0,-3.444684204E-3,-1.161720529E-1,3.171811253E-2
5.535630625E0,-2.353033982E-3,-1.378464401E-1,4.066372290E-2
5.545639625E0,1.962618437E-3,-1.570300013E-1,4.839674383E-2
5.555649625E0,9.727310389E-3,-1.627760381E-1,5.393074453E-2
5.565659625E0,-3.231098643E-3,-1.571780741E-1,5.600001663E-2
5.575699625E0,-3.301505372E-2,-1.611232758E-1,5.500103161E-2
5.585709625E0,-6.448988616E-2,-1.656163037E-1,4.454492778E-2
5.595719625E0,-8.400819451E-2,-1.717830747E-1,3.732257709E-2
5.605759625E0,-9.219501913E-2,-1.833433360E-1,2.683744580E-2
5.615769625E0,-9.381540120E-2,-2.043974400E-1,2.030306496E-2
5.625779625E0,-9.248302877E-2,-2.352104932E-1,1.387872174E-2
5.635788625E0,-8.325067163E-2,-2.596660852E-1,2.924494445E-3
5.645829625E0,-7.279696316E-2,-2.804536521E-1,-7.884743623E-3
5.655838625E0,-6.951681525E-2,-3.084946275E-1,-4.679516889E-3
5.665848625E0,-6.615004689E-2,-3.299690485E-1,-3.505862085E-3
5.675858625E0,-6.354260445E-2,-3.525454402E-1,1.502385363E-3
5.685898625E0,-6.058995426E-2,-3.788731694E-1,6.213783287E-3
5.695908625E0,-5.856302008E-2,-4.190381169E-1,1.651354693E-2
5.705918625E0,-5.340794101E-2,-4.306239188E-1,3.299984708E-2
5.715958625E0,-6.754883379E-2,-4.264127612E-1,4.063597322E-2
5.725968625E0,-8.215174824E-2,-4.179415107E-1,3.567104042E-2
5.735978625E0,-9.262164682E-2,-4.324098527E-1,3.476786241E-2
5.745987625E0,-7.688742876E-2,-4.589479864E-1,3.047191724E-2
5.756028625E0,-5.672742054E-2,-4.668861330E-1,3.274754435E-2
5.766037625E0,-4.398579150E-2,-4.744077027E-1,3.083752841E-2
5.776047625E0,-6.201093271E-2,-4.775683284E-1,2.469786257E-2
5.786057625E0,-9.196483344E-2,-4.788075089E-1,1.799974591E-2
5.796097625E0,-1.137963012E-1,-4.651960731E-1,-1.934800763E-3
5.806107625E0,-1.108865291E-1,-4.700827301E-1,-2.355673909E-2
5.816117625E0,-7.435195148E-2,-4.962538183E-1,-4.415257648E-2
5.826157625E0,-2.572422475E-2,-5.199546218E-1,-6.801582873E-2
5.836167625E0,3.131520376E-2,-5.403668880E-1,-7.192603499E-2
5.846176625E0,6.773126870E-2,-5.321502686E-1,-6.411738694E-2
5.856186625E0,6.904169172E-2,-5.254791379E-1,-5.759273469E-2
5.866227625E0,6.518064439E-2,-5.529770851E-1,-5.285310745E-2
5.876236625E0,7.390811294E-2,-5.644516349E-1,-5.800361559E-2
5.886246625E0,1.027336344E-1,-5.568408370E-1,-6.167238578E-2
5.896256625E0,1.396725774E-1,-5.517881513E-1,-8.275450766E-2
5.906296625E0,1.794548780E-1,-5.593251586E-1,-1.180259436E-1
5.916306625E0,2.240424603E-1,-5.930439830E-1,-1.454478055E-1
5.926316625E0,2.568331659E-1,-6.121753454E-1,-1.571518779E-1
5.936356625E0,2.773638666E-1,-6.261159778E-1,-1.543515176E-1
5.946366625E0,2.853056788E-1,-6.944955587E-1,-1.368697286E-1
5.956375625E0,2.666605115E-1,-6.524640322E-1,-1.415104866E-1
5.966385625E0,2.352799624E-1,-6.059827805E-1,-1.056387722E-1
5.976426625E0,2.070575356E-1,-6.022860408E-1,-6.607975811E-2
5.986466542E0,1.636096537E-1,-5.964973569E-1,-2.081427909E-2
5.996476542E0,1.134433821E-1,-5.837160349E-1,1.932558231E-2
6.006486542E0,8.002629876E-2,-5.765243769E-1,4.591751099E-2
6.016526542E0,7.083080709E-2,-5.961437225E-1,6.643280387E-2
6.026536542E0,8.280996978E-2,-6.068466902E-1,7.995952666E-2
6.036546542E0,1.222109273E-1,-6.362706423E-1,9.474625438E-2
6.046586542E0,1.720575839E-1,-6.565924287E-1,1.051035523E-1
6.056596542E0,2.092938423E-1,-6.716089249E-1,1.042589694E-1
6.066605542E0,2.300694138E-1,-6.795107722E-1,9.104463458E-2
6.076615542E0,2.422190607E-1,-6.717580557E-1,7.554215193E-2
6.086655542E0,2.520975173E-1,-6.876920462E-1,6.639871001E-2
6.096665542E0,2.643163502E-1,-6.929661632E-1,6.639609486E-2
6.106675542E0,2.634883523E-1,-6.737722158E-1,8.327601105E-2
6.116685542E0,2.555432022E-1,-6.746446490E-1,1.009027734E-1
6.126725542E0,2.415821105E-1,-7.158155441E-1,1.170308813E-1
6.136735542E0,2.312832624E-1,-7.570857406E-1,1.505039185E-1
6.146745542E0,2.262277901E-1,-8.250189424E-1,1.897032559E-1
6.156785542E0,2.252379209E-1,-8.802739382E-1,2.235870957E-1
6.166795542E0,2.032282352E-1,-9.177169204E-1,2.408941835E-1
6.176804542E0,1.768950671E-1,-9.825491905E-1,2.328754216E-1
6.186814542E0,1.380954683E-1,-1.013008833E0,2.087277472E-1
6.196854542E0,9.713079035E-2,-1.032184720E0,1.912407726E-1
6.206864542E0,6.710337847E-2,-1.043471694E0,1.804043800E-1
6.216874542E0,4.360374063E-2,-1.048938155E0,1.608203501E-1
6.226884542E0,3.322779760E-2,-1.032494426E0,9.842221439E-2
6.236924542E0,5.381098017E-2,-9.853212833E-1,4.504382983E-2
6.246934542E0,9.276210517E-2,-9.201806188E-1,2.772156522E-2
6.256944542E0,1.445261836E-1,-8.567875624E-1,2.787007764E-2
6.266984542E0,1.807161421E-1,-7.231059670E-1,6.845985353E-2
6.276994542E0,2.062869072E-1,-6.761159897E-1,1.378715187E-1
6.287003542E0,2.398043871E-1,-6.922222376E-1,1.492120475E-1
6.297013542E0,2.909383774E-1,-6.500689983E-1,1.533887833E-1
6.307053542E0,3.122295439E-1,-6.830133796E-1,1.799801737E-1
6.317063542E0,3.193926513E-1,-7.035926580E-1,2.104790211E-1
6.327073542E0,3.193015754E-1,-7.054408789E-1,2.293552309E-1
6.337083542E0,3.157919049E-1,-7.100677490E-1,2.224682719E-1
6.347123542E0,3.189741075E-1,-7.125306726E-1,1.959415972E-1
6.357133542E0,3.258720338E-1,-7.205723524E-1,1.625378728E-1
6.367143542E0,3.283437192E-1,-7.090201378E-1,1.277764291E-1
6.377183542E0,3.155193031E-1,-6.684669256E-1,8.082500100E-2
6.387193542E0,2.882359922E-1,-5.559158325E-1,2.426664531E-2
6.397202542E0,2.476117015E-1,-6.102665067E-1,-1.530466788E-2
6.407212542E0,2.386080921E-1,-6.149184704E-1,-5.030792579E-2
6.417252542E0,2.408359945E-1,-5.978689194E-1,-4.000288621E-2
6.427262542E0,2.490923256E-1,-6.119689941E-1,-3.524861112E-2
6.437272542E0,2.625521123E-1,-6.350705624E-1,-3.955734521E-2
6.447282542E0,2.628804743E-1,-6.642108560E-1,-4.099891335E-2
6.457322542E0,2.421968132E-1,-7.221277356E-1,-4.484061152E-2
6.467332542E0,1.942527145E-1,-7.694153786E-1,-5.653961375E-2
6.477342542E0,1.148033217E-1,-7.753483057E-1,-8.286321908E-2
6.487382542E0,2.768999897E-2,-7.472959161E-1,-1.225565672E-1
6.497392542E0,-3.752052784E-2,-7.075850368E-1,-1.875321567E-1
6.507401542E0,-6.704273820E-2,-6.515142918E-1,-2.496927381E-1
6.517411542E0,-6.662660837E-2,-6.129626632E-1,-3.035629988E-1
6.527451542E0,-3.489983454E-2,-6.198013425E-1,-3.287498355E-1
6.537461542E0,3.855217015E-3,-6.454401612E-1,-3.484132588E-1
6.547471542E0,4.474592209E-2,-6.661720872E-1,-3.655834496E-1
6.557481542E0,6.350879371E-2,-6.919112802E-1,-3.796516657E-1
6.567521542E0,3.839598596E-2,-7.381453514E-1,-3.743399978E-1
6.577531542E0,-5.935451761E-2,-6.875385642E-1,-3.796213865E-1
6.587541542E0,-2.051564604E-1,-5.425952673E-1,-3.810893297E-1
6.597581542E0,-3.404546082E-1,-3.739958704E-1,-3.313764930E-1
6.607591542E0,-4.405487180E-1,-2.052643746E-1,-2.205216289E-1
6.617600542E0,-5.226627588E-1,-1.004697904E-1,-5.743017420E-2
6.627610542E0,-5.902687311E-1,-1.904915571E-1,1.532402486E-1
6.637650542E0,-6.311214566E-1,-3.733135760E-1,3.414971530E-1
6.647660542E0,-6.203947663E-1,-4.804626703E-1,4.325248003E-1
6.657670542E0,-5.744123459E-1,-5.413742065E-1,4.341181815E-1
6.667680542E0,-5.365920067E-1,-5.746221542E-1,3.872508109E-1
6.677720542E0,-5.178952813E-1,-5.831624269E-1,3.087570667E-1
6.687730542E0,-5.126429796E-1,-5.250115395E-1,2.018375546E-1
6.697739542E0,-5.157417059E-1,-4.072822034E-1,3.436833248E-2
6.707780542E0,-5.180815458E-1,-2.522992790E-1,-1.848103553E-1
6.717790542E0,-5.047900081E-1,-2.975559235E-2,-3.866623938E-1
6.727799542E0,-5.037066340E-1,1.907932907E-1,-5.556873679E-1
6.737809542E0,-4.785934985E-1,3.601524234E-1,-6.486779451E-1
6.747849542E0,-4.065012038E-1,4.726573825E-1,-6.704668999E-1
6.757859542E0,-2.715409994E-1,3.943929374E-1,-6.362510920E-1
6.767869542E0,-9.641234577E-2,2.096193433E-1,-5.995309353E-1
6.777879542E0,3.975393996E-2,6.916133314E-2,-5.350347161E-1
6.787919542E0,1.204458624E-1,8.203957975E-2,-4.046746194E-1
6.797929542E0,1.833517551E-1,-2.542903461E-2,-3.469474018E-1
6.807938542E0,2.002543062E-1,-7.393984497E-2,-3.694300652E-1
6.817979542E0,1.670321673E-1,-3.581969440E-2,-4.157684445E-1
6.827988542E0,1.006819084E-1,-2.341016382E-2,-4.216745496E-1
6.837998542E0,1.646997221E-2,-3.598001972E-2,-4.040544033E-1
6.848008542E0,-6.348451227E-2,-4.804334044E-2,-3.807514608E-1
6.858048542E0,-1.271034777E-1,-4.646454379E-2,-3.479789495E-1
6.868058542E0,-1.650210321E-1,-3.480388969E-2,-2.906093597E-1
6.878068542E0,-1.715573668E-1,3.298174590E-3,-2.474488616E-1
6.888078542E0,-1.489154398E-1,5.927968025E-2,-2.185541093E-1
6.898118542E0,-9.259079397E-2,9.185092896E-2,-2.889926136E-1
6.908128542E0,-2.324900590E-2,1.545289606E-1,-3.325131834E-1
6.918137542E0,2.807528339E-2,1.643701196E-1,-3.125294447E-1
6.928178542E0,3.604052961E-2,1.473067254E-1,-2.566877306E-1
6.938187542E0,4.096772149E-2,1.298987418E-1,-2.305477560E-1
6.948197542E0,6.655707257E-4,1.919378787E-1,-1.579073817E-1
6.958207542E0,-2.799759805E-2,1.136920229E-1,-1.121093035E-1
6.968247542E0,-1.312490832E-2,4.170062020E-3,-8.579993248E-2
6.978257542E0,3.957572579E-2,-9.832830727E-2,-8.834156394E-2
6.988273625E0,1.033105031E-1,-1.613011509E-1,-9.131338447E-2
6.998283625E0,1.472154260E-1,-1.392792016E-1,-9.509085864E-2
7.008323625E0,1.552403271E-1,-6.362812221E-2,-9.597849101E-2
7.018333625E0,1.342598796E-1,3.481066972E-2,-1.029932126E-1
7.028342625E0,1.328254938E-1,-1.223512515E-1,-2.093774378E-1
7.038383625E0,1.005590409E-1,-9.021107107E-3,-2.327230722E-1
7.048392625E0,1.925673336E-2,1.249145940E-1,-1.609652638E-1
7.058402625E0,-4.306540266E-2,2.710478306E-1,-7.057671249E-2
7.068412625E0,-5.574764311E-2,2.542907000E-1,-3.946460038E-2
7.078452625E0,-3.176389635E-2,2.367895246E-1,-3.560344875E-2
7.088462625E0,-8.876957931E-3,2.336147875E-1,-1.789156348E-2
7.098472625E0,1.973198354E-2,1.934545040E-1,7.014047820E-3
7.108482625E0,5.462019518E-2,1.382029653E-1,2.354721911E-2
7.118522625E0,7.268906385E-2,7.892579585E-2,4.520841315E-2
7.128532625E0,6.298157573E-2,3.161686659E-2,5.938708410E-2
7.138541625E0,4.981826991E-2,-1.334959120E-1,1.469625346E-2
7.148582625E0,8.888681419E-3,1.088976022E-2,7.272839546E-2
7.158591625E0,-2.603391418E-3,-1.363608893E-2,1.133019179E-1
7.168601625E0,2.069767006E-2,-8.201674372E-2,1.268832386E-1
7.178611625E0,3.364046663E-2,-1.108342856E-1,1.361282021E-1
7.188651625E0,3.257946298E-2,-9.527050704E-2,1.630407721E-1
7.198661625E0,4.866667092E-2,-9.163754433E-2,1.919335127E-1
7.208671625E0,1.027506813E-1,-1.561414450E-1,2.141514421E-1
7.218681625E0,1.726335734E-1,-2.634441555E-1,2.243382782E-1
7.228721625E0,2.255295515E-1,-3.866023123E-1,2.270424515E-1
7.238731625E0,2.548462749E-1,-4.724384844E-1,2.341126800E-1
7.248740625E0,2.620027065E-1,-5.034208894E-1,2.388357967E-1
7.258781625E0,2.607938945E-1,-4.944679439E-1,2.460830510E-1
7.268790625E0,2.611595690E-1,-4.665108919E-1,2.422510386E-1
7.278800625E0,2.586590052E-1,-4.221835732E-1,2.367602736E-1
7.288810625E0,2.616614401E-1,-3.853912055E-1,2.387677729E-1
7.298850625E0,2.672377229E-1,-3.878564835E-1,2.364331335E-1
7.308860625E0,2.659594119E-1,-4.233577549E-1,2.228054702E-1
7.318870625E0,2.481413782E-1,-4.814724922E-1,2.026471943E-1
7.328880625E0,2.113079876E-1,-5.497343540E-1,1.791144311E-1
7.338920625E0,1.790097356E-1,-5.928019881E-1,1.556859910E-1
7.348930625E0,1.677935719E-1,-6.247823238E-1,1.453281492E-1
7.358939625E0,2.053415924E-1,-6.623895168E-1,1.446097344E-1
7.368980625E0,2.758698165E-1,-6.670510769E-1,1.558671743E-1
7.378989625E0,3.645924032E-1,-6.184271574E-1,1.650810689E-1
7.388999625E0,4.295237362E-1,-5.329503417E-1,1.766085625E-1
7.399009625E0,4.510386884E-1,-4.479587078E-1,1.963746250E-1
7.409049625E0,4.463472664E-1,-3.588258922E-1,2.178024203E-1
7.419059625E0,4.197418690E-1,-2.731824219E-1,2.217810303E-1
7.429069625E0,3.812826276E-1,-1.867532581E-1,2.074186057E-1
7.439078625E0,3.469632268E-1,-1.266978830E-1,2.035633773E-1
7.449119625E0,3.310516179E-1,-6.082300097E-2,1.757943332E-1
7.459129625E0,3.441882730E-1,-3.120576032E-2,1.519596428E-1
7.469138625E0,3.685649931E-1,-6.373733282E-2,1.282199621E-1
7.479179625E0,3.909572065E-1,-1.129788905E-1,1.044803485E-1
7.489188625E0,3.921841085E-1,-1.712456644E-1,9.558592737E-2
7.499198625E0,3.670584559E-1,-2.094332874E-1,9.456186742E-2
7.509208625E0,3.167936802E-1,-2.376518697E-1,9.545509517E-2
7.519248625E0,2.551884055E-1,-2.544898391E-1,9.263194352E-2
7.529258625E0,1.917785555E-1,-2.776745260E-1,9.238719940E-2
7.539268625E0,1.622245908E-1,-3.247417808E-1,7.280703634E-2
7.549277625E0,1.506049484E-1,-2.919694483E-1,8.858413994E-2
7.559318625E0,1.403967887E-1,-2.719808221E-1,1.274031699E-1
7.569328625E0,1.295513362E-1,-2.593867481E-1,1.422079504E-1
7.579337625E0,1.326013356E-1,-2.450107187E-1,1.267111599E-1
7.589378625E0,1.385159492E-1,-2.308933139E-1,1.245878339E-1
7.599387625E0,1.691197753E-1,-2.220238447E-1,1.222201139E-1
7.609397625E0,1.843296289E-1,-2.314623445E-1,2.095323950E-1
7.619407625E0,2.117067277E-1,-3.285587430E-1,1.860966384E-1
7.629447625E0,2.559213042E-1,-3.618141711E-1,1.169806942E-1
7.639457625E0,2.973457277E-1,-3.459984660E-1,7.796271890E-2
7.649467625E0,3.343157172E-1,-3.042318523E-1,7.601542026E-2
7.659476625E0,3.567207456E-1,-2.500191629E-1,8.598455042E-2
7.669517625E0,3.715659976E-1,-2.073497474E-1,9.894588590E-2
7.679526625E0,3.907572329E-1,-1.598992795E-1,1.064527258E-1
7.689536625E0,3.841747046E-1,-1.182383895E-1,1.147561967E-1
7.699577625E0,3.548397124E-1,-4.550817609E-2,1.173719466E-1
7.709586625E0,3.116863668E-1,3.673583269E-2,1.116275042E-1
7.719596625E0,2.676100731E-1,8.289269358E-2,1.015741900E-1
7.729606625E0,2.376924157E-1,8.105830848E-2,8.249743283E-2
7.739646625E0,2.171516418E-1,2.889013290E-2,5.938538164E-2
7.749656625E0,2.051277310E-1,-4.310283437E-2,3.684864566E-2
7.759666625E0,1.955198050E-1,-1.207444370E-1,1.659029350E-2
7.769675625E0,1.716709435E-1,-1.746928841E-1,-1.582585275E-3
7.779716625E0,1.335577369E-1,-2.022760063E-1,-1.932536997E-2
7.789725625E0,7.708059996E-2,-2.114452720E-1,-2.801047266E-2
7.799735625E0,-1.206986234E-2,-2.222456634E-1,-3.044760600E-2
7.809776625E0,-1.178964227E-1,-2.406329215E-1,-4.353038222E-2
7.819785625E0,-2.382482737E-1,-2.508617043E-1,-7.418157905E-2
7.829795625E0,-3.704294860E-1,-2.683101892E-1,-1.346323937E-1
7.839805625E0,-5.153189301E-1,-3.255656958E-1,-2.114382386E-1
7.849845625E0,-6.854075789E-1,-4.190349281E-1,-2.760236263E-1
7.859855625E0,-8.910409212E-1,-5.441055894E-1,-3.027795553E-1
7.869865625E0,-1.097262144E0,-5.771111846E-1,-3.034751713E-1
7.879874625E0,-1.278785229E0,-3.806666136E-1,-3.278546333E-1
7.889915625E0,-1.445321798E0,-1.664204150E-2,-3.639553785E-1
7.899924625E0,-1.528041363E0,4.168556929E-1,-3.937395811E-1
7.909934625E0,-1.375684619E0,6.213153601E-1,-4.483269453E-1
7.919974625E0,-1.161507010E0,5.101816058E-1,-4.044684172E-1
7.929984625E0,-1.146022081E0,2.254510969E-1,-2.444678396E-1
7.939994625E0,-1.190415502E0,1.594831496E-1,-9.663083404E-2
7.950004625E0,-1.242896080E0,1.558623165E-1,1.795539819E-2
7.960044625E0,-1.190538764E0,6.488995999E-2,4.986655712E-2
7.970054625E0,-9.103819132E-1,4.252020270E-2,-5.541671813E-2
7.980064625E0,-4.897113442E-1,9.437425435E-2,-1.942216903E-1
7.990086125E0,-9.407372773E-2,1.973616183E-1,-2.597708702E-1
8.000127125E0,2.090808451E-1,3.026514351E-1,-1.892703176E-1
8.010136125E0,4.181571007E-1,3.665193617E-1,-1.379099190E-1
8.020146125E0,5.203224421E-1,4.293461740E-1,-1.431375891E-1
8.030186125E0,5.208249688E-1,4.754031599E-1,-1.669124216E-1
8.040196125E0,4.458187222E-1,4.977595806E-1,-1.928148270E-1
8.050206125E0,3.274894357E-1,4.763248265E-1,-2.192813307E-1
8.060216125E0,1.842155010E-1,4.385689199E-1,-2.609242201E-1
8.070256125E0,3.813819215E-2,4.160561562E-1,-3.013374209E-1
8.080266125E0,-7.553439587E-2,3.624837995E-1,-3.490948975E-1
8.090276125E0,-1.468903273E-1,2.809082568E-1,-4.217472672E-1
8.100285125E0,-1.864095777E-1,2.392366678E-1,-5.358939171E-1
8.110326125E0,-1.941125095E-1,2.050390095E-1,-6.107369661E-1
8.120335125E0,-1.862750202E-1,1.771335900E-1,-6.119779348E-1
8.130345125E0,-1.565911621E-1,1.793559939E-1,-5.226176977E-1
8.140385125E0,-1.185430363E-1,2.489049882E-1,-4.000376463E-1
8.150395125E0,-7.222826779E-2,2.983628213E-1,-2.551411688E-1
8.160405125E0,-5.156450439E-3,3.069828749E-1,-1.783836484E-1
8.170415125E0,5.983373523E-2,3.605127037E-1,-1.276301891E-1
8.180455125E0,1.055089384E-1,4.146090150E-1,-8.881161362E-2
8.190465125E0,1.318755597E-1,4.164870679E-1,-5.274629220E-2
8.200475125E0,1.472011805E-1,3.780752420E-1,-1.723141037E-2
8.210484125E0,1.280391961E-1,2.851450443E-1,4.294937104E-2
8.220525125E0,7.484024018E-2,2.073732913E-1,1.038406566E-1
8.230534125E0,-1.316098869E-2,1.196173280E-1,1.546859890E-1
8.240544125E0,-9.958473593E-2,7.004444301E-2,1.923799217E-1
8.250584125E0,-1.675869524E-1,4.838803783E-3,1.641432345E-1
8.260594125E0,-2.286366820E-1,4.471588880E-2,1.487345397E-1
8.270604125E0,-2.691806555E-1,7.647968084E-2,1.120939702E-1
8.280614125E0,-2.406641096E-1,-4.749376327E-2,6.418614648E-3
8.290654125E0,-2.039140761E-1,1.481766813E-3,-5.899261683E-2
8.300664125E0,-1.825533360E-1,1.895121783E-1,-7.646632940E-2
8.310674125E0,-1.684660167E-1,3.689402640E-1,-2.059347555E-2
8.320683125E0,-8.812595159E-2,3.702369034E-1,-2.283248305E-2
8.330724125E0,1.029781811E-2,3.708611429E-1,-2.179278433E-2
8.340733125E0,9.946815670E-2,3.865100443E-1,-1.854377240E-2
8.350743125E0,1.730587482E-1,3.722584248E-1,-1.076254807E-2
8.360783125E0,2.115126401E-1,3.272629082E-1,1.555424556E-2
8.370793125E0,2.384619713E-1,2.603864074E-1,5.104992166E-2
8.380803125E0,2.537671924E-1,1.711995304E-1,8.056950569E-2
8.390813125E0,2.367003113E-1,9.090256691E-2,1.281151772E-1
8.400853125E0,2.086019069E-1,4.585329443E-2,1.938802004E-1
8.410863125E0,2.103026062E-1,1.103923395E-1,2.477724552E-1
8.420872125E0,2.407059520E-1,9.058984369E-2,2.825199366E-1
8.430882125E0,2.792349756E-1,2.357246168E-2,3.022984266E-1
8.440923125E0,2.965737879E-1,-5.418112874E-2,3.308227956E-1
8.450932125E0,3.168231249E-1,-1.729815453E-1,3.583481610E-1
8.460942125E0,3.248184025E-1,-3.053004146E-1,3.614815176E-1
8.470982125E0,2.939925790E-1,-3.771415949E-1,3.458064198E-1
8.480992125E0,2.771631181E-1,-4.485002458E-1,3.340799212E-1
8.491002125E0,2.805538476E-1,-5.210386515E-1,3.256478310E-1
8.501012125E0,2.698176503E-1,-4.776099622E-1,3.113421500E-1
8.511052125E0,2.147674412E-1,-3.870923221E-1,2.801842391E-1
8.521062125E0,1.433462501E-1,-3.103140593E-1,2.375460267E-1
8.531071125E0,7.471126318E-2,-2.597217262E-1,1.841989160E-1
8.541081125E0,4.134916142E-2,-2.828297913E-1,1.428344697E-1
8.551122125E0,3.568834439E-2,-3.580140173E-1,1.085068658E-1
8.561131125E0,5.386526883E-2,-3.951936662E-1,8.575604856E-2
8.571141125E0,8.509296924E-2,-4.010845721E-1,6.344914436E-2
8.581181125E0,1.331029832E-1,-4.008868933E-1,5.370803550E-2
8.591191125E0,2.022269368E-1,-3.936313689E-1,5.351575464E-2
8.601201125E0,2.760865390E-1,-3.213280737E-1,1.513916627E-2
8.611211125E0,3.539949358E-1,-2.698062956E-1,-1.980230585E-2
8.621251125E0,4.217914343E-1,-2.060715556E-1,-3.444169834E-2
8.631261125E0,4.684995413E-1,-1.252401024E-1,-2.482528985E-2
8.641270125E0,4.931430817E-1,-4.576610401E-2,2.338330261E-2
8.651280125E0,5.086253881E-1,-3.157658502E-3,9.030614048E-2
8.661320125E0,5.029971004E-1,2.035839856E-2,1.603614837E-1
8.671330125E0,4.785698056E-1,1.878686994E-2,2.051507980E-1
8.681340125E0,4.300380945E-1,-4.865079187E-3,2.189540416E-1
8.691380125E0,3.796697259E-1,-8.463980258E-2,2.512496710E-1
8.701390125E0,3.201088309E-1,-1.617103815E-1,2.416576445E-1
8.711400125E0,2.321347743E-1,-2.425317317E-1,2.304081917E-1
8.721410125E0,1.155248508E-1,-3.576887250E-1,1.644449234E-1
8.731450125E0,7.320612669E-3,-3.950307667E-1,1.102810130E-1
8.741460125E0,-7.355425507E-2,-3.908401430E-1,9.808325768E-2
8.751469125E0,-1.209843531E-1,-4.302208424E-1,1.163192540E-1
8.761479125E0,-1.409678906E-1,-4.336785674E-1,1.084109768E-1
8.771519125E0,-1.211212054E-1,-4.238635004E-1,8.948629349E-2
8.781529125E0,-5.522127077E-2,-3.949675560E-1,7.090865821E-2
8.791539125E0,3.189605474E-2,-3.689018786E-1,5.519600958E-2
8.801579125E0,1.274361610E-1,-3.681621850E-1,4.604837298E-2
8.811589125E0,2.127641141E-1,-3.745907843E-1,4.069302231E-2
8.821599125E0,3.048307896E-1,-3.715765178E-1,2.684426680E-2
8.831609125E0,3.852883279E-1,-3.167641163E-1,-2.976213116E-3
8.841649125E0,4.276810884E-1,-2.300443053E-1,-2.445041388E-2
8.851659125E0,4.414022267E-1,-1.657891572E-1,-6.186455488E-3
8.861668125E0,4.326806366E-1,-1.234683320E-1,7.699799258E-3
8.871678125E0,4.114097059E-1,-7.520306110E-2,-6.544589996E-5
8.881718125E0,3.682649136E-1,-4.581588134E-2,5.614622496E-4
8.891728125E0,3.251294196E-1,-6.096527353E-2,-5.612810142E-3
8.901738125E0,3.031440675E-1,-7.039029151E-2,-8.332367986E-3
8.911778125E0,2.990856767E-1,-8.744783700E-2,-5.499297753E-3
8.921788125E0,3.094317913E-1,-8.640281111E-2,1.109869219E-3
8.931798125E0,3.230724931E-1,-6.638862938E-2,7.022885606E-3
8.941808125E0,3.283696771E-1,-3.923559189E-2,1.346788555E-2
8.951848125E0,3.421747088E-1,-3.752078488E-2,1.697473601E-2
8.961858125E0,3.676546216E-1,-6.727080792E-2,2.167112753E-2
8.971867125E0,4.053135812E-1,-1.247865707E-1,2.691808529E-2
8.981890417E0,4.509509802E-1,-2.086600512E-1,2.937414870E-2
8.991930417E0,4.799517393E-1,-3.032973409E-1,3.497344255E-2
9.001940417E0,4.695478380E-1,-4.019265175E-1,3.895988688E-2
9.011950417E0,4.223254621E-1,-4.821558297E-1,2.712107077E-2
9.021990417E0,3.435896933E-1,-5.284801722E-1,8.111083880E-3
9.032000417E0,2.235354632E-1,-5.372390151E-1,-1.119843218E-2
9.042010417E0,7.294332981E-2,-5.172135830E-1,-2.577914111E-2
9.052020417E0,-8.762743324E-2,-4.934187531E-1,-2.917573787E-2
9.062060417E0,-2.271554321E-1,-4.542434514E-1,-2.993205190E-2
9.072070417E0,-3.440290689E-1,-3.991107047E-1,-4.058176652E-2
9.082079417E0,-4.345551133E-1,-3.275610209E-1,-6.055622175E-2
9.092089417E0,-5.197541714E-1,-2.988268435E-1,-7.363447547E-2
9.102129417E0,-6.275357604E-1,-3.396204710E-1,-7.370323688E-2
9.112139417E0,-7.809410095E-1,-3.978004158E-1,-5.834025890E-2
9.122149417E0,-9.848135710E-1,-3.581285477E-1,-3.146662936E-2
9.132189417E0,-1.208120108E0,-1.887890399E-1,2.744435892E-2
9.142199417E0,-1.407687068E0,9.776566923E-2,1.351300478E-1
9.152209417E0,-1.498076558E0,3.394781649E-1,2.667208314E-1
9.162218417E0,-1.412932873E0,4.368955493E-1,3.533243835E-1
9.172259417E0,-1.283307433E0,3.008519411E-1,4.380224943E-1
9.182269417E0,-1.280571699E0,1.372756809E-1,5.121646523E-1
9.192278417E0,-1.357360244E0,2.429331392E-1,4.882659912E-1
9.202288417E0,-1.441587448E0,4.381488562E-1,2.430926114E-1
9.212328417E0,-1.463368297E0,6.060777307E-1,-8.370922506E-2
9.222338417E0,-1.300820112E0,7.603203058E-1,-3.420928419E-1
9.232348417E0,-9.385884404E-1,8.561187387E-1,-5.212708712E-1
9.242388417E0,-5.018388629E-1,7.410219312E-1,-5.731229186E-1
9.252398417E0,-4.616028816E-2,5.317304730E-1,-5.350080132E-1
9.262408417E0,3.301678002E-1,4.062355161E-1,-4.718040526E-1
9.272417417E0,5.562986732E-1,3.601724207E-1,-4.288547337E-1
9.282458417E0,6.289287210E-1,3.884935677E-1,-4.221675098E-1
9.292468417E0,5.574947596E-1,5.053178668E-1,-3.662669659E-1
9.302477417E0,4.040502310E-1,5.665451884E-1,-3.022525907E-1
9.312487417E0,2.285977155E-1,5.581344366E-1,-2.889010906E-1
9.322527417E0,7.502498478E-2,5.098676085E-1,-3.170083761E-1
9.332537417E0,-5.104160309E-2,4.391998351E-1,-3.763390779E-1
9.342547417E0,-1.541571021E-1,3.950546682E-1,-4.335761070E-1
9.352587417E0,-2.306316346E-1,3.683764338E-1,-5.335261226E-1
9.362597417E0,-2.757817507E-1,4.006478190E-1,-6.100230813E-1
9.372607417E0,-2.770856321E-1,3.908044994E-1,-6.189302802E-1
9.382616417E0,-2.047880292E-1,3.331722319E-1,-6.063079834E-1
9.392657417E0,-8.769202977E-2,2.853157520E-1,-5.669462085E-1
9.402666417E0,2.190687880E-2,3.194738925E-1,-4.515351057E-1
9.412676417E0,9.139833599E-2,3.956142068E-1,-2.988313138E-1
9.422686417E0,1.432724744E-1,4.362416565E-1,-2.399830967E-1
9.432726417E0,1.609521359E-1,5.295221210E-1,-2.059476376E-1
9.442736417E0,1.463450491E-1,6.202324629E-1,-1.629133224E-1
9.452746417E0,9.999831766E-2,6.139002442E-1,-1.144027710E-1
9.462786417E0,3.094337881E-2,5.951524973E-1,-5.636031553E-2
9.472796417E0,-5.896360800E-2,4.884486496E-1,-1.974877715E-2
9.482806417E0,-1.471747905E-1,3.541832566E-1,-6.756490562E-3
9.492815417E0,-2.152585089E-1,1.829489321E-1,-4.914176464E-2
9.502856417E0,-2.735065520E-1,2.109402716E-1,-4.713265970E-2
9.512865417E0,-3.110523522E-1,1.948616952E-1,-6.931359321E-2
9.522875417E0,-3.187130988E-1,1.794570833E-1,-9.803295881E-2
9.532885417E0,-2.737237811E-1,1.091521513E-2,-1.997257769E-1
9.542925417E0,-2.480081320E-1,3.365869820E-2,-2.091905475E-1
9.552935417E0,-2.432543784E-1,1.744405776E-1,-1.589814276E-1
9.562945417E0,-2.011784017E-1,1.889212132E-1,-1.600912809E-1
9.572985417E0,-1.255060136E-1,2.038698047E-1,-1.639456749E-1
9.582995417E0,-2.520584129E-2,1.761650145E-1,-1.809720844E-1
9.593005417E0,7.871603221E-2,1.270147860E-1,-1.707119942E-1
9.603014417E0,1.650980562E-1,4.506105557E-2,-1.659296602E-1
9.613055417E0,1.845657527E-1,1.830162555E-1,-1.083968654E-1
9.623064417E0,1.803607494E-1,2.180194259E-1,-6.423565745E-2
9.633074417E0,1.416634172E-1,1.003138348E-1,-1.880665496E-2
9.643084417E0,4.897164553E-2,1.591205746E-1,9.927215427E-2
9.653124417E0,4.210834391E-3,2.948268875E-2,1.645062864E-1
9.663134417E0,1.400916278E-2,-9.840440750E-2,2.141488045E-1
9.673144417E0,9.229491651E-2,-1.811586618E-1,2.541497350E-1
9.683184417E0,2.039635777E-1,-3.114548028E-1,2.686194777E-1
9.693194417E0,2.958977520E-1,-5.158092380E-1,2.905492783E-1
9.703204417E0,3.798786700E-1,-6.960912347E-1,3.208086491E-1
9.713213417E0,4.129980206E-1,-7.033461928E-1,3.222779036E-1
9.723254417E0,3.978565633E-1,-6.265119314E-1,3.117029965E-1
9.733263417E0,3.615171909E-1,-5.944448113E-1,2.883683741E-1
9.743273417E0,3.151279986E-1,-5.151176453E-1,2.614054382E-1
9.753283417E0,2.785939574E-1,-4.024813473E-1,2.444623858E-1
9.763323417E0,2.684907615E-1,-4.099919200E-1,2.259017676E-1
9.773333417E0,2.922184467E-1,-4.649406672E-1,1.712060273E-1
9.783343417E0,3.360995650E-1,-4.936574697E-1,9.292785823E-2
9.793383417E0,3.535574079E-1,-5.051562190E-1,2.158736624E-2
9.803393417E0,3.434947729E-1,-4.914221764E-1,-2.854924090E-2
9.813403417E0,3.365353942E-1,-4.435097873E-1,-5.858490244E-2
9.823412417E0,3.505748808E-1,-3.329887986E-1,-8.408241719E-2
9.833453417E0,3.730375767E-1,-1.968045980E-1,-1.001263633E-1
9.843462417E0,3.954661489E-1,-9.866962582E-2,-9.373115003E-2
9.853472417E0,4.149777889E-1,2.334576100E-2,-3.626173362E-2
9.863482417E0,4.364193380E-1,5.416107923E-2,6.426619366E-4
9.873522417E0,4.471215308E-1,7.723816484E-2,3.614749759E-3
9.883532417E0,3.930791616E-1,1.806291193E-1,6.358097494E-2
9.893542417E0,3.253637552E-1,1.877781153E-1,1.028000191E-1
9.903582417E0,2.556767166E-1,1.532107890E-1,1.386337876E-1
9.913592417E0,1.947755665E-1,9.435492754E-2,2.117141187E-1
9.923602417E0,1.701475531E-1,-9.879453108E-3,2.290375233E-1
9.933611417E0,1.705582142E-1,-1.095269546E-1,1.805655956E-1
9.943652417E0,1.663053632E-1,-7.922171801E-2,1.497125775E-1
9.953661417E0,1.647415459E-1,-4.034356400E-2,1.649277508E-1
9.963671417E0,1.894654185E-1,-2.740872279E-2,2.012321800E-1
9.973681417E0,2.353263795E-1,-2.002910338E-2,2.203467488E-1
9.983719792E0,2.894099951E-1,-4.637162760E-2,2.376059443E-1
9.993729792E0,3.296817839E-1,1.032387558E-2,3.449867070E-1
1.000373979E1,3.852911890E-1,-1.136893556E-1,4.107995331E-1
1.001377979E1,4.489777386E-1,-1.915862709E-1,4.001373053E-1
1.002378979E1,4.931015968E-1,-2.429778874E-1,3.517108560E-1
1.003379979E1,5.175818801E-1,-2.754079998E-1,2.959245741E-1
1.004380879E1,5.104556680E-1,-2.610370219E-1,2.129095048E-1
1.005384979E1,4.782961011E-1,-2.510594726E-1,1.222027689E-1
1.006385879E1,4.244316518E-1,-1.959457546E-1,5.396997556E-2
1.007386879E1,3.761741221E-1,-1.427784115E-1,5.533484370E-2
1.008387879E1,3.394462466E-1,-1.148340255E-1,9.055993706E-2
1.009391879E1,3.150517046E-1,-7.708904892E-2,1.142572761E-1
1.010392879E1,3.085663021E-1,-4.365061224E-2,1.228902489E-1
1.011393879E1,3.204631805E-1,-1.170998998E-2,1.370100677E-1
1.012397879E1,3.437321186E-1,9.213773534E-3,1.524723768E-1
1.013398879E1,3.614682555E-1,1.883524284E-2,1.561483294E-1
1.014399879E1,3.663767576E-1,1.664545387E-2,1.617842615E-1
1.015400779E1,3.505602479E-1,1.576181874E-2,1.627315581E-1
1.016404879E1,3.239756227E-1,1.806161180E-2,1.504983753E-1
1.017405779E1,2.959794104E-1,1.373903360E-2,1.300109327E-1
1.018406779E1,2.764917016E-1,3.915219568E-3,1.118801162E-1
1.019407779E1,2.651450336E-1,-1.957705803E-2,9.617359191E-2
1.020411779E1,2.571422756E-1,-4.578735679E-2,7.602396607E-2
1.021412779E1,2.522146404E-1,-6.828867644E-2,5.203208327E-2
1.022413779E1,2.433082461E-1,-9.117062390E-2,2.363513410E-2
1.023417779E1,2.317732871E-1,-1.258061081E-1,-3.382900963E-3
1.024418779E1,2.068961412E-1,-1.636209488E-1,-2.177319303E-2
1.025419679E1,1.630093753E-1,-1.903721392E-1,-4.236368835E-2
1.026420679E1,9.630587697E-2,-2.057106495E-1,-5.187102780E-2
1.027424779E1,5.076894071E-3,-1.988378316E-1,-5.659361184E-2
1.028425679E1,-7.880285382E-2,-1.466623396E-1,-5.667449906E-2
1.029426679E1,-1.548028141E-1,-9.692221135E-2,-5.558659509E-2
1.030427679E1,-2.239305973E-1,-4.059983790E-2,-5.983754992E-2
1.031431679E1,-2.873490155E-1,2.378980443E-2,-7.091070712E-2
1.032432679E1,-3.501259685E-1,9.658120573E-2,-1.041986048E-1
1.033433679E1,-4.096356332E-1,1.675475240E-1,-1.606405824E-1
1.034437679E1,-4.682577550E-1,1.850941032E-1,-2.346692830E-1
1.035438679E1,-5.503387451E-1,1.088182405E-1,-3.008858263E-1
1.036439579E1,-6.757447124E-1,7.144126110E-3,-3.325089514E-1
1.037440579E1,-8.369855285E-1,-6.331203505E-3,-3.648557067E-1
1.038444679E1,-1.001048684E0,4.666466638E-2,-3.925099969E-1
1.039445579E1,-1.133150220E0,1.492962390E-1,-3.518536389E-1
1.040446579E1,-1.197114944E0,2.280776799E-1,-2.493409067E-1
1.041447579E1,-1.158307314E0,2.310407162E-1,-1.224916130E-1
1.042451579E1,-1.032337308E0,1.816995740E-1,4.782751203E-2
1.043452579E1,-9.690337181E-1,1.391214877E-1,2.194490731E-1
1.044453579E1,-1.059512377E0,1.907393187E-1,3.658967614E-1
1.045457579E1,-1.246495008E0,2.716695964E-1,4.435763657E-1
1.046458579E1,-1.312266350E0,3.932748437E-1,3.189000785E-1
1.047459479E1,-1.217564821E0,4.778760076E-1,7.303225994E-2
1.048460479E1,-9.177221656E-1,5.905064344E-1,-1.212413236E-1
1.049464479E1,-4.730743766E-1,7.189059258E-1,-2.454487532E-1
1.050465479E1,-2.907837555E-2,7.871617079E-1,-2.511012256E-1
1.051466479E1,3.306856453E-1,7.092730403E-1,-2.615221441E-1
1.052467479E1,5.872555375E-1,6.112296581E-1,-2.818194032E-1
1.053471479E1,7.143533230E-1,5.112149119E-1,-3.078701794E-1
1.054472479E1,7.089573145E-1,4.456146061E-1,-3.254975080E-1
1.055473479E1,5.868617892E-1,3.972297609E-1,-3.364449441E-1
1.056477479E1,3.964715302E-1,3.593695462E-1,-3.566368818E-1
1.057478479E1,1.970114410E-1,3.027179837E-1,-4.079346657E-1
1.058479379E1,2.836238220E-2,3.031550944E-1,-4.836328626E-1
1.059480379E1,-1.066641435E-1,3.453651369E-1,-5.200244188E-1
1.060484379E1,-1.861956269E-1,3.774399161E-1,-5.167368054E-1
1.061485379E1,-2.213517576E-1,3.880768418E-1,-4.942422211E-1
1.062486379E1,-2.269508094E-1,3.627400994E-1,-4.485755265E-1
1.063487379E1,-2.216167599E-1,3.436034024E-1,-4.000868201E-1
1.064491379E1,-2.197262049E-1,3.420667946E-1,-3.597522676E-1
1.065492379E1,-1.727475077E-1,2.756465077E-1,-4.232899547E-1
1.066493379E1,-1.208338290E-1,2.972064614E-1,-3.583453000E-1
1.067497379E1,-7.899477333E-2,3.565558195E-1,-2.344624698E-1
1.068498379E1,-5.566649511E-2,4.488129914E-1,-4.117411748E-2
1.069499279E1,-3.849370871E-3,4.557649195E-1,7.667395473E-2
1.070500279E1,7.405853271E-2,4.063688219E-1,1.423429996E-1
1.071504279E1,1.548170298E-1,3.368057311E-1,2.128789574E-1
1.072505279E1,2.293293774E-1,2.009211630E-1,2.224623710E-1
1.073506279E1,2.520591915E-1,1.582876742E-1,2.802231312E-1
1.074507279E1,2.198412865E-1,7.259976864E-2,3.023825288E-1
1.075511279E1,1.475836039E-1,-4.146954790E-2,2.606188357E-1
1.076512279E1,5.472786352E-2,-7.455322146E-2,2.156445980E-1
1.077513279E1,-4.268550873E-2,-4.347771406E-3,2.370196581E-1
1.078517279E1,-1.127678454E-1,-8.510287851E-2,1.622630507E-1
1.079518279E1,-1.808278561E-1,9.084631503E-2,1.710131317E-1
1.080519179E1,-2.264145613E-1,1.641509533E-1,1.309263706E-1
1.081520179E1,-2.404829562E-1,2.167648971E-1,8.010898530E-2
1.082524179E1,-2.313944548E-1,1.293553263E-1,-9.266212583E-3
1.083525179E1,-2.022389770E-1,1.649436802E-1,-7.232853770E-2
1.084526179E1,-1.782901734E-1,2.849105299E-1,-5.454906076E-2
1.085527179E1,-1.655605286E-1,4.205509126E-1,-1.636492833E-2
1.086531179E1,-1.270619333E-1,3.978081048E-1,1.515417546E-2
1.087532179E1,-1.064871475E-1,3.519596457E-1,6.015094742E-2
1.088533179E1,-9.513992071E-2,3.055775762E-1,8.859653771E-2
1.089537179E1,-8.906178921E-2,2.671505809E-1,9.632822871E-2
1.090538179E1,-8.762630820E-2,1.942807287E-1,1.111220047E-1
1.091539079E1,-7.726208866E-2,1.284228861E-1,1.436048448E-1
1.092540079E1,-3.233454376E-2,6.324660033E-2,1.744281501E-1
1.093544079E1,4.797334597E-2,-7.044382393E-2,2.050675601E-1
1.094545079E1,1.308791339E-1,-2.329454273E-1,2.296728790E-1
1.095546079E1,2.028119117E-1,-3.852620125E-1,2.490186244E-1
1.096547079E1,2.553901076E-1,-4.838376939E-1,2.677684128E-1
1.097551079E1,2.922618389E-1,-5.238998532E-1,2.916862667E-1
1.098554463E1,3.310937285E-1,-5.255434513E-1,3.102771044E-1
1.099555362E1,3.525662422E-1,-4.709036350E-1,3.149285913E-1
1.100559462E1,3.492994308E-1,-3.876724839E-1,3.007028103E-1
1.101560462E1,3.270606995E-1,-3.539275825E-1,2.630760670E-1
1.102561363E1,2.887263894E-1,-3.973274231E-1,1.901088208E-1
1.103562363E1,2.651741803E-1,-5.196336508E-1,1.133080497E-1
1.104566363E1,2.736525834E-1,-6.250068545E-1,5.533979833E-2
1.105567363E1,3.065106571E-1,-6.740108728E-1,9.042343125E-3
1.106568362E1,3.592767715E-1,-6.834529638E-1,-2.341035753E-2
1.107569362E1,4.272238612E-1,-6.428583860E-1,-5.713636056E-2
1.108573362E1,5.164750218E-1,-5.436604023E-1,-8.990758657E-2
1.109574362E1,6.129828691E-1,-3.972935975E-1,-1.125934571E-1
1.110575263E1,6.867823005E-1,-2.354514599E-1,-1.213051081E-1
1.111579363E1,7.070785165E-1,-1.203376651E-1,-1.156213954E-1
1.112580363E1,6.669201255E-1,-3.279816359E-2,-5.761643499E-2
1.113581262E1,5.973341465E-1,-7.262679935E-2,2.029221319E-2
1.114582262E1,5.030813813E-1,-4.948402941E-2,1.088853627E-1
1.115586262E1,3.912914395E-1,-9.964866191E-2,1.998256594E-1
1.116587262E1,2.821010649E-1,-2.037125826E-1,2.151455134E-1
1.117588262E1,1.786495000E-1,-2.580274940E-1,2.043277472E-1
1.118589263E1,8.197530359E-2,-2.757097483E-1,2.229627222E-1
1.119593263E1,6.593731698E-3,-2.891578972E-1,2.397443652E-1
1.120594263E1,-3.741307184E-2,-2.980031371E-1,2.466030717E-1
1.121595162E1,-4.934483021E-2,-3.071798682E-1,2.442621589E-1
1.122599262E1,-2.775390446E-2,-2.578663826E-1,2.611545920E-1
1.123600162E1,2.869898453E-2,-3.713455498E-1,2.661445439E-1
1.124601162E1,1.147121489E-1,-3.861952722E-1,2.123663723E-1
1.125602163E1,2.012345195E-1,-3.488055468E-1,1.905287057E-1
1.126606163E1,2.708303630E-1,-2.988088429E-1,1.767744422E-1
1.127607163E1,3.168596625E-1,-1.566362530E-1,2.174843103E-1
1.128608163E1,3.592624664E-1,-1.599781066E-1,2.497912794E-1
1.129609163E1,3.926747441E-1,-1.971414536E-1,2.235772610E-1
1.130613162E1,4.062166214E-1,-1.674856097E-1,2.287481427E-1
1.131614162E1,4.188967347E-1,-2.371182144E-1,1.462167799E-1
1.132615063E1,3.956269324E-1,-2.617453337E-1,9.784255922E-2
1.133619162E1,3.728598356E-1,-2.805480659E-1,5.203699321E-2
1.134620063E1,3.723353148E-1,-2.900806367E-1,2.079270221E-2
1.135621063E1,3.996849060E-1,-2.880555689E-1,1.909041032E-2
1.136622063E1,4.473372996E-1,-2.770956457E-1,4.367375001E-2
1.137626062E1,4.961570501E-1,-2.430407554E-1,7.167848945E-2
1.138627062E1,5.159470439E-1,-1.890188456E-1,8.836109191E-2
1.139628062E1,5.080488920E-1,-1.402715445E-1,1.086607650E-1
1.140629062E1,4.720408618E-1,-1.180313751E-1,1.205970570E-1
1.141633063E1,4.223116636E-1,-1.245811507E-1,1.170966029E-1
1.142634063E1,3.587556183E-1,-1.706244051E-1,9.062036127E-2
1.143634963E1,2.743736506E-1,-2.450006455E-1,5.593135580E-2
1.144639063E1,1.625416577E-1,-3.115666509E-1,1.520584151E-2
1.145639962E1,1.714291610E-2,-3.591525555E-1,-2.513252571E-2
1.146640962E1,-1.358096600E-1,-4.474715889E-1,-5.965260789E-2
1.147641962E1,-2.685131133E-1,-5.397146940E-1,-9.246887267E-2
1.148645963E1,-3.724742234E-1,-5.902081132E-1,-1.208204478E-1
1.149646963E1,-4.697152972E-1,-5.647070408E-1,-1.552335471E-1
1.150647963E1,-5.703462958E-1,-4.685266018E-1,-1.863530576E-1
1.151648963E1,-6.748737693E-1,-3.607008159E-1,-2.167911232E-1
1.152652962E1,-7.916747928E-1,-3.085238039E-1,-2.464664876E-1
1.153653962E1,-9.524282217E-1,-3.870231509E-1,-2.363571376E-1
1.154654862E1,-1.148453832E0,-4.418493807E-1,-2.075003237E-1
1.155658962E1,-1.375681996E0,-3.157314062E-1,-2.500544488E-1
1.156659863E1,-1.628880382E0,-9.571813792E-2,-3.063966632E-1
1.157660863E1,-1.895488143E0,2.650035620E-1,-3.335004449E-1
1.158661863E1,-2.129895687E0,7.945662737E-1,-3.917452693E-1
1.159665862E1,-2.011824608E0,1.306247115E0,-4.418640733E-1
1.160666862E1,-1.728402019E0,1.145509243E0,-3.791681230E-1
1.161667862E1,-1.731515408E0,3.199180961E-1,-3.402223289E-1
1.162668862E1,-1.759153962E0,-4.588032663E-1,-3.247434199E-1
1.163672862E1,-1.506225824E0,-5.557278991E-1,-3.585921824E-1
1.164673862E1,-1.108974457E0,-1.837241501E-1,-4.031999707E-1
1.165674763E1,-6.827394366E-1,3.538213074E-1,-4.507669508E-1
1.166678863E1,-2.217024118E-1,9.226287007E-1,-5.061287284E-1
1.167679762E1,2.289723456E-1,1.151080489E0,-5.315499306E-1
1.168680762E1,5.741770267E-1,1.099095941E0,-4.401493669E-1
1.169681762E1,7.416976094E-1,9.466022849E-1,-3.506109416E-1
1.170685762E1,7.518555522E-1,7.951972485E-1,-3.206742108E-1
1.171686762E1,6.304606795E-1,7.370350957E-1,-3.312120736E-1
1.172687763E1,4.295288920E-1,7.534421682E-1,-3.573178351E-1
1.173688663E1,1.912255287E-1,7.694379091E-1,-3.751178682E-1
1.174692763E1,-3.445739672E-2,7.335196137E-1,-3.891599178E-1
1.175693763E1,-2.309017479E-1,7.223042250E-1,-3.599823415E-1
1.176694662E1,-3.612777591E-1,6.229344606E-1,-3.763179183E-1
1.177698762E1,-4.620783925E-1,5.842078328E-1,-4.172112942E-1
1.178699662E1,-5.347183347E-1,5.401345491E-1,-4.387233555E-1
1.179700663E1,-5.559269786E-1,4.980592728E-1,-4.261423349E-1
1.180701663E1,-5.188740492E-1,4.856933355E-1,-3.709335625E-1
1.181705663E1,-4.184667468E-1,5.096082687E-1,-3.088840544E-1
1.182706663E1,-2.662042975E-1,5.596448779E-1,-2.335118055E-1
1.183707663E1,-1.026598513E-1,6.368948817E-1,-1.693288237E-1
1.184708562E1,4.333491996E-2,7.222088575E-1,-1.232676581E-1
1.185712662E1,1.663473994E-1,7.642191648E-1,-1.134664267E-1
1.186713662E1,2.560137212E-1,7.970731258E-1,-6.561201811E-2
1.187714563E1,2.855132818E-1,7.531895638E-1,2.494596876E-3
1.188718663E1,2.614232600E-1,6.384537816E-1,5.112798885E-2
1.189719563E1,1.771571189E-1,4.613559842E-1,9.762704372E-2
1.190720563E1,6.600912660E-2,2.308630347E-1,1.054747403E-1
1.191721562E1,-5.511928350E-3,-5.233217776E-2,1.969805174E-2
1.192725562E1,-4.530834779E-2,-2.447696775E-1,-4.553202540E-2
1.193726562E1,-9.641680866E-2,-2.365958989E-1,-4.096177593E-2
1.194727562E1,-1.392567456E-1,-8.495863527E-2,1.033201348E-2
1.195728463E1,-1.309077293E-1,3.600773215E-2,6.635852903E-2
1.196732563E1,-5.027876049E-2,5.854003131E-2,4.182184860E-2
1.197733463E1,5.986398831E-2,1.252724528E-1,2.081616409E-2
1.198735825E1,1.732748300E-1,1.794323772E-1,1.390447654E-2
1.199739925E1,2.670138478E-1,2.076275200E-1,2.069739997E-2
1.200740825E1,3.109802604E-1,2.125436962E-1,4.630177096E-2
1.201741825E1,3.040573895E-1,1.650483459E-1,9.247459471E-2
1.202742825E1,2.434789091E-1,8.539634943E-2,1.399101615E-1
1.203746825E1,1.491268426E-1,1.873583533E-2,1.620793790E-1
1.204747825E1,4.850225151E-2,-3.588364646E-2,1.615547538E-1
1.205748825E1,-5.836188048E-2,1.316538732E-2,1.792061776E-1
1.206749725E1,-1.097943038E-1,-1.265825182E-1,1.151170731E-1
1.207753825E1,-1.726845801E-1,8.347111195E-2,1.620789915E-1
1.208754725E1,-2.113454491E-1,1.509253979E-1,2.312227935E-1
1.209755725E1,-1.703841686E-1,1.247627735E-1,2.371715009E-1
1.210759825E1,-1.008242965E-1,9.772651643E-2,2.411000878E-1
1.211760725E1,-3.546047211E-2,4.576771334E-2,2.476144582E-1
1.212761725E1,3.125573695E-2,-5.430524424E-2,2.691342235E-1
1.213762725E1,1.014840975E-1,-2.140850574E-1,3.031382561E-1
1.214766725E1,1.896504611E-1,-4.021139443E-1,3.282272220E-1
1.215767725E1,2.466711402E-1,-5.926905870E-1,3.088034689E-1
1.216768725E1,2.706810832E-1,-7.555127740E-1,2.433845997E-1
1.217769625E1,2.887239754E-1,-7.420928478E-1,2.391123474E-1
1.218773725E1,3.430586159E-1,-7.226125598E-1,2.969142497E-1
1.219774625E1,3.975096047E-1,-5.908236504E-1,2.093265951E-1
1.220775625E1,4.376021326E-1,-4.778988063E-1,1.464515328E-1
1.221779625E1,4.983038306E-1,-4.072190523E-1,1.177844703E-1
1.222780625E1,5.489007831E-1,-3.561151028E-1,8.095309138E-2
1.223781625E1,5.801223516E-1,-3.067600727E-1,1.134045981E-2
1.224782625E1,5.805416107E-1,-2.743567824E-1,-7.049465925E-2
1.225786625E1,5.506353974E-1,-2.916127443E-1,-1.422700435E-1
1.226787625E1,5.028550029E-1,-2.821312547E-1,-1.988324970E-1
1.227788625E1,4.682946503E-1,-2.399526238E-1,-2.399983108E-1
1.228792625E1,4.468928277E-1,-1.506693959E-1,-2.680606842E-1
1.229793625E1,4.645325541E-1,-3.419897333E-2,-2.714149356E-1
1.230794525E1,5.208649635E-1,4.338392615E-2,-2.505441308E-1
1.231795525E1,5.859038830E-1,1.409166157E-1,-2.313656509E-1
1.232799525E1,6.338794231E-1,2.043950558E-1,-1.925549656E-1
1.233800525E1,6.466742754E-1,2.418641299E-1,-1.013470292E-1
1.234801525E1,6.527697444E-1,2.366114557E-1,-2.921445668E-2
1.235802525E1,6.388486028E-1,1.266346276E-1,5.588525906E-2
1.236806525E1,6.054700017E-1,-7.061310858E-2,2.106824815E-1
1.237807525E1,4.814662933E-1,-1.049990430E-1,3.292019367E-1
1.238808525E1,3.301292658E-1,-2.290015817E-1,3.980851471E-1
1.239812525E1,1.868062168E-1,-3.172658980E-1,4.293735623E-1
1.240813525E1,6.292741001E-2,-4.308969080E-1,4.239144027E-1
1.241814425E1,-3.504016623E-2,-4.372432232E-1,4.142673612E-1
1.242815425E1,-7.473807037E-2,-4.957628250E-1,3.366504312E-1
1.243819425E1,-7.109886408E-2,-4.982334375E-1,2.555478513E-1
1.244820425E1,-1.288356259E-2,-4.735461175E-1,2.116280347E-1
1.245821425E1,1.053298935E-1,-4.336684942E-1,1.871583909E-1
1.246822425E1,2.387142479E-1,-3.659065068E-1,1.754826456E-1
1.247826425E1,3.655848503E-1,-2.951367199E-1,1.857486069E-1
1.248827425E1,4.936906397E-1,-2.372607738E-1,1.952018738E-1
1.249828425E1,5.991355777E-1,-2.039550096E-1,2.214033902E-1
1.250832425E1,6.920163035E-1,-1.623925716E-1,2.296302319E-1
1.251833425E1,7.397146225E-1,-1.272010207E-1,2.524567246E-1
1.252834325E1,7.557377815E-1,-1.317995042E-1,2.056532502E-1
1.253835325E1,7.339805365E-1,-9.635868669E-2,1.838310510E-1
1.254839325E1,6.848817468E-1,-8.623615652E-2,1.669113636E-1
1.255840325E1,6.169927120E-1,-6.449224055E-2,1.338554174E-1
1.256841325E1,5.436046720E-1,-3.926730156E-2,1.178303882E-1
1.257842325E1,4.750748575E-1,7.049596868E-3,9.474425018E-2
1.258846325E1,4.058169723E-1,6.119608134E-2,6.532073021E-2
1.259847325E1,3.423136175E-1,8.761037886E-2,2.523056418E-2
1.260848325E1,2.815480530E-1,8.634796739E-2,-3.147631884E-2
1.261852325E1,2.061486244E-1,6.355077773E-2,-8.778326958E-2
1.262853325E1,1.258531064E-1,6.043927372E-2,-1.401260495E-1
1.263854225E1,4.306635261E-2,1.022043005E-1,-2.026118040E-1
1.264855225E1,-2.673268504E-2,1.669632196E-1,-2.696248889E-1
1.265859225E1,-5.990714952E-2,2.050085962E-1,-3.447041810E-1
1.266860225E1,-5.893783271E-2,2.168382555E-1,-4.177789986E-1
1.267861225E1,-2.049856819E-2,1.880633384E-1,-4.732667506E-1
1.268862225E1,1.323525980E-2,1.065354943E-1,-5.132274032E-1
1.269866225E1,-2.412782423E-2,-7.615175843E-2,-5.279451013E-1
1.270867225E1,-1.694301218E-1,-3.516705930E-1,-4.917864203E-1
1.271868125E1,-4.027712643E-1,-4.776402414E-1,-4.775395989E-1
1.272872225E1,-6.894273758E-1,-4.040718377E-1,-4.651719630E-1
1.273873225E1,-1.002909541E0,-1.380428225E-1,-3.230246902E-1
1.274874125E1,-1.304937482E0,1.303417981E-1,-7.163013518E-2
1.275875125E1,-1.441535592E0,9.048333019E-2,2.081413269E-1
1.276879125E1,-1.392694235E0,-9.075270593E-2,5.183108449E-1
1.277880125E1,-1.343818069E0,-2.426897734E-1,7.003006339E-1
1.278881125E1,-1.421156883E0,-3.207030296E-1,5.652512908E-1
1.279882125E1,-1.514073968E0,-2.209031880E-1,2.624879479E-1
1.280886125E1,-1.548194647E0,-1.639613882E-2,4.816808738E-3
1.281887125E1,-1.449565053E0,1.095202491E-1,-1.302941442E-1
1.282888025E1,-1.202664495E0,1.470544934E-1,-2.127957046E-1
1.283892125E1,-8.970827460E-1,1.655368209E-1,-2.299733609E-1
1.284893125E1,-5.638142824E-1,8.080852032E-2,-2.205162644E-1
1.285894025E1,-2.359000891E-1,-6.266342103E-2,-2.339298129E-1
1.286895025E1,7.085655630E-2,-2.395827770E-1,-2.515324950E-1
1.287899025E1,3.055111468E-1,-3.498975635E-1,-2.736284435E-1
1.288900025E1,4.197480679E-1,-2.835059166E-1,-2.887851298E-1
1.289901025E1,4.179171324E-1,-7.043973356E-2,-2.489674091E-1
1.290902025E1,3.807823956E-1,3.982581571E-2,-2.984578907E-1
1.291906025E1,3.154928684E-1,1.611895263E-1,-3.621327281E-1
1.292907025E1,2.309648097E-1,2.788578868E-1,-4.037560821E-1
1.293907925E1,1.390167773E-1,3.288667202E-1,-4.214597344E-1
1.294912025E1,4.031350464E-2,3.067446053E-1,-4.328140914E-1
1.295912925E1,-6.219395995E-2,2.507308722E-1,-4.425705969E-1
1.296913925E1,-1.787225902E-1,1.464292705E-1,-4.338350892E-1
1.297914925E1,-2.808915675E-1,1.902470365E-2,-3.998545110E-1
1.298919488E1,-3.483536243E-1,-6.225611269E-2,-3.459936678E-1
1.299920487E1,-3.542935550E-1,-9.289950877E-2,-2.754449248E-1
1.300921487E1,-3.065695167E-1,-3.493291885E-2,-2.076161951E-1
1.301922487E1,-2.150212526E-1,5.972434953E-2,-1.951214373E-1
1.302926487E1,-1.168424115E-1,2.453751117E-1,-1.070754528E-1
1.303927487E1,-1.606280729E-2,3.842110336E-1,-3.821409494E-2
1.304928388E1,7.972157747E-2,4.728521407E-1,1.979639009E-2
1.305932488E1,1.641616225E-1,5.149950981E-1,6.360272318E-2
1.306933387E1,2.323751003E-1,4.843353629E-1,9.853439033E-2
1.307934387E1,2.922309637E-1,3.860572577E-1,1.340399235E-1
1.308935387E1,3.107455075E-1,2.677531838E-1,1.808647662E-1
1.309939387E1,2.872652113E-1,1.265966147E-1,1.842573732E-1
1.310940387E1,2.486009151E-1,1.238582656E-2,1.716425866E-1
1.311941387E1,1.974567622E-1,-4.500076920E-2,1.671346575E-1
1.312942388E1,1.362920105E-1,-6.157045811E-2,1.525370032E-1
1.313946388E1,5.901691690E-2,8.886398748E-3,1.547959000E-1
1.314947388E1,-1.298679505E-2,2.256539464E-2,1.066989079E-1
1.315948287E1,-8.050085604E-2,2.030491531E-1,8.294777572E-2
1.316952387E1,-1.228237152E-1,3.152689338E-1,5.182912573E-2
1.317953287E1,-1.330417246E-1,3.636966646E-1,-5.541491322E-3
1.318954287E1,-1.534427702E-1,4.021340907E-1,-5.593157187E-2
1.319955288E1,-1.920716465E-1,3.977760971E-1,-8.869617432E-2
1.320959288E1,-2.321770638E-1,3.681761920E-1,-1.071037054E-1
1.321960288E1,-2.471919656E-1,3.302951157E-1,-1.069910526E-1
1.322961288E1,-2.205759138E-1,2.207661271E-1,-1.439033449E-1
1.323962288E1,-2.033407241E-1,2.178696841E-1,-8.207567036E-2
1.324966287E1,-1.772488058E-1,2.176030427E-1,-3.486322612E-2
1.325967287E1,-1.665618122E-1,3.156361282E-1,8.502668887E-2
1.326968188E1,-1.448179185E-1,2.868030369E-1,2.005798221E-1
1.327972288E1,-8.943695575E-2,1.559105366E-1,2.886361778E-1
1.328973188E1,-3.928741813E-2,-1.243833452E-2,3.627270758E-1
1.329974188E1,-1.906310581E-2,-1.913841218E-1,4.223267436E-1
1.330975188E1,-2.649011835E-2,-3.619197607E-1,4.588865936E-1
1.331979187E1,-6.210411899E-3,-5.551574230E-1,4.518654346E-1
1.332980187E1,7.632374763E-2,-7.057923675E-1,3.869970143E-1
1.333981187E1,1.966384500E-1,-7.535439134E-1,3.143638074E-1
1.334982187E1,2.762677372E-1,-5.376901031E-1,1.528326124E-1
1.335986188E1,3.509369195E-1,-3.184104860E-1,6.351125985E-2
1.336987188E1,4.047192633E-1,-1.976651102E-1,7.036716212E-3
1.337988087E1,4.050814509E-1,-1.524171978E-1,-3.388115391E-2
1.338992188E1,3.449323177E-1,-1.611403078E-1,-6.495992839E-2
1.339993087E1,2.611886859E-1,-2.578751147E-1,-7.478859276E-2
1.340994087E1,2.082983553E-1,-4.198469520E-1,-8.161102980E-2
1.341995087E1,2.182090431E-1,-5.534238815E-1,-9.342028201E-2
1.342999088E1,2.741873264E-1,-6.243419051E-1,-9.924227744E-2
1.344000088E1,3.627848327E-1,-6.509549022E-1,-9.806302935E-2
1.345001088E1,4.760971367E-1,-6.422637105E-1,-8.021194488E-2
1.346002088E1,5.848401189E-1,-5.801111460E-1,-7.387734950E-2
1.347006087E1,6.512076855E-1,-4.576248527E-1,-7.663711905E-2
1.348007087E1,6.704047918E-1,-2.955025136E-1,-8.415149152E-2
1.349007987E1,6.642522812E-1,-1.433347613E-1,-8.379971236E-2
1.350012087E1,6.465166807E-1,-2.277958393E-2,-8.746714890E-2
1.351012988E1,6.119767427E-1,7.294834405E-2,-8.312852681E-2
1.352013988E1,5.312581658E-1,1.381587684E-1,-5.461538583E-2
1.353014988E1,4.410465062E-1,1.630992293E-1,6.519066636E-3
1.354018987E1,3.691997528E-1,1.367589682E-1,7.522808760E-2
1.355019987E1,3.323174417E-1,6.679266691E-2,1.357180923E-1
1.356020987E1,3.175749779E-1,-2.433804423E-2,1.727666557E-1
1.357021887E1,2.967580259E-1,-6.749498099E-2,2.109722793E-1
1.358025987E1,2.808917165E-1,-1.522713900E-1,1.995246857E-1
1.359026987E1,2.590231597E-1,-1.757483631E-1,2.008176148E-1
1.360027888E1,2.191247642E-1,-1.296245456E-1,2.186831683E-1
1.361031988E1,1.938951164E-1,-1.785399765E-1,1.850484312E-1
1.362032887E1,1.649545580E-1,-1.349032968E-1,1.819311976E-1
1.363033887E1,1.752841473E-1,-1.254695356E-1,1.259469390E-1
1.364034887E1,2.034263015E-1,-1.017474383E-1,1.083839238E-1
1.365038887E1,2.473379374E-1,-5.303185806E-2,1.234445870E-1
1.366039887E1,2.802889645E-1,9.985188954E-3,8.950019628E-2
1.367040888E1,3.231735229E-1,6.087484770E-3,9.969874471E-2
1.368041788E1,3.712478578E-1,-1.959497668E-2,1.194226444E-1
1.369045888E1,4.124389589E-1,-3.855721653E-2,1.418888122E-1
1.370046888E1,4.356462657E-1,-1.200496685E-2,1.976950765E-1
1.371047787E1,4.633291662E-1,-3.343753144E-2,2.114735395E-1
1.372051887E1,4.910678566E-1,-4.720953852E-2,1.755887866E-1
1.373052787E1,4.991825819E-1,-1.461892668E-2,1.634748727E-1
1.374053788E1,4.920341372E-1,2.087488584E-2,1.619784385E-1
1.375054788E1,4.788899124E-1,5.815532804E-2,1.762255728E-1
1.376058788E1,4.663123190E-1,1.014567316E-1,1.848275810E-1
1.377059788E1,4.532780349E-1,1.439997405E-1,1.863742620E-1
1.378060787E1,4.406386912E-1,1.841772497E-1,1.748808622E-1
1.379061687E1,4.213952720E-1,2.086119801E-1,1.587729454E-1
1.380065787E1,3.929399252E-1,2.102849782E-1,1.383150816E-1
1.381066688E1,3.537875712E-1,1.638581157E-1,1.079701558E-1
1.382067688E1,3.073026538E-1,8.215791732E-2,7.996674627E-2
1.383071788E1,2.534056008E-1,-3.239151090E-2,4.539000988E-2
1.384072688E1,1.831324995E-1,-1.901952475E-1,-2.033100463E-4
1.385073687E1,9.974368662E-2,-3.600495458E-1,-5.499600247E-2
1.386074687E1,-6.359312683E-3,-4.826196730E-1,-1.235159412E-1
1.387078687E1,-1.249717399E-1,-5.554645061E-1,-1.984373927E-1
1.388079687E1,-2.462640703E-1,-5.582603216E-1,-2.641570270E-1
1.389080687E1,-3.593124747E-1,-5.208064318E-1,-3.023620546E-1
1.390081588E1,-4.666991234E-1,-4.460820854E-1,-3.374460042E-1
1.391085688E1,-6.085519195E-1,-3.227467239E-1,-3.743630648E-1
1.392086587E1,-8.307596445E-1,-2.215689719E-1,-4.037598372E-1
1.393087587E1,-1.131721139E0,-1.992216706E-1,-4.190454185E-1
1.394091687E1,-1.468178272E0,-1.069415584E-1,-4.354877472E-1
1.395092587E1,-1.794731140E0,1.109843403E-1,-4.343090057E-1
1.396093587E1,-2.092736959E0,4.015932679E-1,-3.884701431E-1
1.397094587E1,-2.364381790E0,7.697204351E-1,-3.450123966E-1
1.398098588E1,-2.470158577E0,1.018988609E0,-3.596725762E-1
1.399099087E1,-2.413556814E0,8.188140988E-1,-2.879747748E-1
1.400100087E1,-2.518740892E0,-4.800860956E-2,-3.751296401E-1
1.401100987E1,-2.269635201E0,-8.139380813E-1,-2.763788998E-1
1.402105087E1,-1.534093380E0,-5.481226444E-1,-8.712641150E-2
1.403105988E1,-7.091858983E-1,8.079851419E-2,8.308447152E-2
1.404106988E1,-1.008298621E-1,6.361701488E-1,1.263637561E-3
1.405110987E1,3.087472022E-1,8.593363166E-1,-1.919968128E-1
1.406111987E1,5.279773474E-1,9.984346032E-1,-1.842728406E-1
1.407112987E1,6.552039385E-1,1.089516640E0,-1.904290169E-1
1.408113987E1,6.820829511E-1,1.173418760E0,-2.277721316E-1
1.409117987E1,5.703970790E-1,1.203970790E0,-2.633726895E-1
1.410118987E1,3.665062487E-1,1.151225448E0,-2.981168330E-1
1.411119988E1,1.390412301E-1,1.036095977E0,-3.295141459E-1
1.412120888E1,-6.380536407E-2,8.896433711E-1,-3.424717486E-1
1.413124988E1,-2.077462226E-1,7.090917230E-1,-3.110239208E-1
1.414125887E1,-2.970958054E-1,5.331332088E-1,-2.604861557E-1
1.415126887E1,-3.321700394E-1,4.032266736E-1,-2.199601382E-1
1.416130887E1,-3.222660124E-1,3.762917221E-1,-2.225511223E-1
1.417131887E1,-2.714471817E-1,4.234479368E-1,-2.408469021E-1
1.418132888E1,-1.714473665E-1,4.754645526E-1,-2.600432634E-1
1.419133888E1,-4.939991608E-2,5.134279132E-1,-2.569725811E-1
1.420137888E1,8.346199244E-2,5.523047447E-1,-2.381680012E-1
1.421138888E1,2.219976485E-1,5.615292192E-1,-2.089012414E-1
1.422139888E1,3.452136219E-1,5.464397669E-1,-1.742889285E-1
1.423140787E1,3.982472718E-1,5.630733371E-1,-1.158639714E-1
1.424144887E1,3.972669542E-1,5.726231933E-1,-4.835977033E-2
1.425145788E1,3.383309245E-1,4.740537107E-1,1.707516238E-2
1.426146788E1,2.326031625E-1,3.977078199E-1,1.001868322E-1
1.427150788E1,9.382656217E-2,2.589004934E-1,1.726566553E-1
1.428151788E1,-3.814744949E-2,1.147406623E-1,2.217134088E-1
1.429152788E1,-1.466301382E-1,-4.871329293E-4,2.441443652E-1
1.430153787E1,-2.148107886E-1,-1.539786905E-1,1.999806166E-1
1.431157787E1,-2.372975200E-1,-1.622485220E-1,1.297610402E-1
1.432158787E1,-2.430970818E-1,-1.190685630E-1,5.006061494E-2
1.433159787E1,-2.152187228E-1,-8.750089258E-2,-3.985759616E-2
1.434160688E1,-1.653366536E-1,-9.202986956E-2,-1.164397225E-1
1.435164788E1,-9.631403536E-2,-6.300450116E-2,-1.562209129E-1
1.436165688E1,-2.021181211E-2,5.036706105E-2,-1.281080544E-1
1.437166687E1,5.635128170E-2,1.399406493E-1,-5.926607177E-2
1.438170687E1,1.756433249E-1,8.121314645E-2,-5.152373016E-2
1.439171687E1,2.652736902E-1,6.758211553E-2,-3.247031569E-2
1.440172687E1,2.990950346E-1,6.887934357E-2,-1.168114878E-2
1.441173687E1,2.779778242E-1,5.797917768E-2,1.775833592E-2
1.442177688E1,2.095031440E-1,8.011431247E-2,5.900244415E-2
1.443178688E1,1.278970093E-1,1.003042459E-1,9.734844416E-2
1.444179688E1,4.890152439E-2,4.962721840E-2,1.160496920E-1
1.445180587E1,-3.424015269E-2,1.995023489E-1,1.669393480E-1
1.446184687E1,-7.633487135E-2,2.692263126E-1,2.172659039E-1
1.447185587E1,-7.134242356E-2,2.322134972E-1,2.377794683E-1
1.448186587E1,-5.680848658E-2,1.863237768E-1,2.678763866E-1
1.449190588E1,-4.602820054E-2,1.488860101E-1,3.054664731E-1
1.450191588E1,-2.145015635E-2,1.091668382E-1,3.342882693E-1
1.451192588E1,3.942541778E-2,4.046143591E-2,3.588421643E-1
1.452193588E1,1.086034253E-1,-6.128197163E-2,3.995578885E-1
1.453197587E1,2.328298986E-1,-3.184414208E-1,3.790816069E-1
1.454198587E1,2.646778226E-1,-1.298699230E-1,3.821117580E-1
1.455199487E1,3.575222790E-1,-2.109909058E-1,3.771730065E-1
1.456200488E1,4.561985433E-1,-2.556094825E-1,3.996540606E-1
1.457204587E1,5.440004468E-1,-2.675812542E-1,4.410628974E-1
1.458205488E1,5.902353525E-1,-2.182107717E-1,4.232242703E-1
1.459206488E1,6.416007280E-1,-2.504462302E-1,4.254041016E-1
1.460210487E1,6.778883934E-1,-2.733518183E-1,4.003903568E-1
1.461211487E1,6.662253141E-1,-2.719518840E-1,3.603062332E-1
1.462212487E1,6.101031899E-1,-2.841358483E-1,2.982940078E-1
1.463213487E1,5.469807982E-1,-3.190297782E-1,2.249406427E-1
1.464217487E1,4.880682230E-1,-3.384833932E-1,1.597328782E-1
1.465218488E1,4.478831291E-1,-3.214607537E-1,1.004401445E-1
1.466219388E1,4.092883468E-1,-2.607172430E-1,4.748931155E-2
1.467220388E1,3.688738048E-1,-1.593792737E-1,-9.548773989E-3
1.468224488E1,3.311695457E-1,-7.246381789E-2,-5.289251730E-2
1.469225387E1,3.262445629E-1,-1.145662069E-1,3.972815350E-2
1.470226387E1,3.101750612E-1,1.530097798E-2,-3.557485715E-2
1.471230387E1,3.056342900E-1,3.887290508E-2,-8.717611432E-2
1.472231388E1,3.266133368E-1,-8.511120453E-3,4.820115119E-2
1.473232388E1,3.523825705E-1,-9.134788066E-2,8.297844976E-2
1.474233388E1,3.699501157E-1,-1.606161594E-1,1.223362386E-1
1.475237388E1,3.759563565E-1,-2.315240800E-1,9.424754232E-2
1.476238388E1,3.591438234E-1,-2.769184411E-1,1.547353864E-1
1.477239287E1,3.255400360E-1,-3.153491616E-1,2.040605247E-1
1.478240287E1,2.802074552E-1,-3.373223543E-1,2.398408800E-1
1.479244288E1,2.298894376E-1,-3.089504242E-1,2.866063416E-1
1.480245288E1,1.895278990E-1,-2.640825510E-1,3.237587810E-1
1.481246288E1,1.713245809E-1,-2.089465111E-1,3.337102830E-1
1.482250288E1,1.700665057E-1,-1.646948904E-1,3.276004493E-1
1.483251288E1,1.821152568E-1,-1.425923407E-1,3.172577322E-1
1.484252287E1,2.158556432E-1,-1.382708251E-1,3.092876971E-1
1.485253287E1,2.736163735E-1,-1.597398669E-1,2.993627191E-1
1.486257287E1,3.556675613E-1,-1.917667687E-1,2.713622451E-1
1.487258287E1,4.329652190E-1,-2.080349922E-1,2.397994697E-1
1.488259188E1,4.838462472E-1,-2.021643221E-1,2.125833035E-1
1.489260188E1,5.247441530E-1,-2.331141829E-1,1.183696389E-1
1.490264187E1,5.192101002E-1,-2.224479467E-1,7.321093976E-2
1.491265187E1,4.889748394E-1,-2.216358185E-1,4.296547174E-2
1.492266187E1,4.225050211E-1,-1.791011393E-1,4.239875078E-2
1.493270187E1,3.730004728E-1,-1.762567610E-1,2.430513036E-3
1.494271187E1,3.300367594E-1,-1.521769911E-1,-2.870902978E-2
1.495272187E1,3.043173254E-1,-1.074370220E-1,-2.481679618E-2
1.496273187E1,2.964785695E-1,-8.060460538E-2,-1.359450258E-2
1.497277188E1,3.187125921E-1,-7.187975943E-2,1.690140460E-3
1.498278188E1,3.574996889E-1,-5.804649740E-2,1.514283381E-2
1.499281067E1,3.925529122E-1,-2.993604913E-2,3.400009871E-2
1.500282067E1,3.995112181E-1,7.235021330E-3,4.172566161E-2
1.501286067E1,3.504464626E-1,1.445924956E-2,3.430940211E-2
1.502287067E1,2.544648051E-1,-1.189246308E-2,2.776175924E-2
1.503288067E1,1.208120584E-1,-1.032164022E-1,-1.556893345E-3
1.504292067E1,-2.966400422E-2,-2.183584422E-1,-6.057600304E-2
1.505293067E1,-1.799928695E-1,-3.166511059E-1,-1.473350525E-1
1.506294067E1,-3.342394233E-1,-3.888933361E-1,-2.448488176E-1
1.507295067E1,-4.735646844E-1,-4.412118196E-1,-3.286747932E-1
1.508299067E1,-5.847503543E-1,-4.751008153E-1,-3.843692243E-1
1.509300067E1,-6.559474468E-1,-5.300962925E-1,-4.111151397E-1
1.510300967E1,-7.180393338E-1,-6.051926017E-1,-4.142768383E-1
1.511301967E1,-8.074271679E-1,-7.198942304E-1,-3.897749186E-1
1.512305967E1,-9.449533224E-1,-7.878269553E-1,-3.392150998E-1
1.513306967E1,-1.136853933E0,-7.725229263E-1,-2.662188709E-1
1.514307967E1,-1.341833472E0,-6.762906313E-1,-1.664321125E-1
1.515311967E1,-1.539495349E0,-4.153345823E-1,-5.060170963E-2
1.516312967E1,-1.700929523E0,-1.174283102E-1,7.745220792E-3
1.517313967E1,-1.807310820E0,5.023170263E-2,4.311431572E-2
1.518314967E1,-1.860692024E0,2.501103655E-2,1.242299452E-1
1.519318967E1,-1.912910700E0,-2.647985816E-1,1.710422784E-1
1.520319967E1,-1.839105964E0,-4.493127465E-1,2.440437973E-1
1.521320867E1,-1.525276423E0,-4.208640456E-1,1.606156081E-1
1.522321867E1,-9.968804121E-1,-3.724536300E-1,-7.001094520E-2
1.523325867E1,-4.629492760E-1,-1.518001407E-1,-2.489220947E-1
1.524326867E1,-5.246322602E-2,1.087800413E-1,-2.714745402E-1
1.525327867E1,2.409929931E-1,3.125449419E-1,-2.500160038E-1
1.526331867E1,4.583250284E-1,4.365350604E-1,-2.638018429E-1
1.527332867E1,6.042956710E-1,4.504209459E-1,-2.902333140E-1
1.528333867E1,6.672104597E-1,4.476965368E-1,-3.150433004E-1
1.529334767E1,6.512361169E-1,4.793864191E-1,-3.566998243E-1
1.530338867E1,5.523236394E-1,5.180451870E-1,-4.120102227E-1
1.531339867E1,3.941943049E-1,5.153294206E-1,-4.651049078E-1
1.532340767E1,1.915157586E-1,4.400106966E-1,-5.092348456E-1
1.533341767E1,-4.049563780E-2,3.480906487E-1,-5.293462276E-1
1.534345767E1,-2.717344463E-1,2.968074679E-1,-5.272862911E-1
1.535346767E1,-4.591426551E-1,2.829385996E-1,-5.117114186E-1
1.536347767E1,-5.655846596E-1,2.689314187E-1,-4.636187255E-1
1.537351767E1,-5.888620019E-1,2.587509751E-1,-3.831369579E-1
1.538352767E1,-5.426321626E-1,2.700478435E-1,-2.989203334E-1
1.539353767E1,-4.509049058E-1,3.212843835E-1,-2.426421642E-1
1.540354667E1,-3.560396433E-1,4.194216132E-1,-1.895333976E-1
1.541358767E1,-2.504364252E-1,4.975373447E-1,-1.431542188E-1
1.542359767E1,-1.381463706E-1,5.342360139E-1,-1.037154570E-1
1.543360667E1,-4.550733790E-2,5.286345482E-1,-5.746366829E-2
1.544361667E1,2.688430250E-2,4.777055681E-1,-7.794650737E-3
1.545365667E1,6.906117499E-2,4.088290930E-1,5.247728899E-2
1.546366667E1,8.770250529E-2,2.832784057E-1,1.023673564E-1
1.547367667E1,7.894464582E-2,1.812933683E-1,1.484249532E-1
1.548371667E1,6.923156232E-2,7.160469145E-2,1.707688719E-1
1.549372667E1,7.991984487E-2,1.913670450E-2,1.863550693E-1
1.550373667E1,1.170941144E-1,2.377833053E-2,1.922601014E-1
1.551374567E1,1.604786366E-1,4.650904238E-2,1.975788921E-1
1.552378667E1,1.901100278E-1,9.252980351E-2,1.937018633E-1
1.553379567E1,1.875272691E-1,1.401171982E-1,1.892493963E-1
1.554380567E1,1.629889011E-1,1.851408631E-1,1.832192093E-1
1.555381567E1,1.225245222E-1,2.031448334E-1,1.770378202E-1
1.556385567E1,6.885489821E-2,1.866992712E-1,1.790692806E-1
1.557386567E1,1.443288289E-2,1.513663530E-1,1.749688834E-1
1.558387567E1,-2.864108421E-2,1.554883868E-1,1.957505941E-1
1.559391567E1,-4.639241099E-2,1.395099759E-1,2.124873251E-1
1.560392567E1,-5.116745830E-2,1.224614829E-1,2.517212629E-1
1.561393567E1,-4.727305844E-2,9.762227535E-2,2.788370252E-1
1.562394467E1,-2.830389701E-2,7.779183984E-2,3.024907112E-1
1.563398567E1,-7.852081209E-3,6.088202074E-2,3.056692183E-1
1.564399467E1,5.933351349E-4,6.930720061E-2,3.009218574E-1
1.565400467E1,-1.116478723E-2,1.259771436E-1,2.871519923E-1
1.566401467E1,-3.513962775E-2,2.083790749E-1,2.682430148E-1
1.567405467E1,-5.051260069E-2,2.414602190E-1,2.370139509E-1
1.568406467E1,-5.109796301E-2,2.158935964E-1,1.933061630E-1
1.569407467E1,-2.222725749E-2,1.253866851E-1,1.479779929E-1
1.570411467E1,3.280004114E-2,-8.033422753E-3,1.094939858E-1
1.571412467E1,1.189255714E-1,-2.304946929E-1,1.059430540E-1
1.572413467E1,2.278323472E-1,-3.516221941E-1,4.171879590E-2
1.573414367E1,3.471813798E-1,-4.711515307E-1,-2.460882813E-2
1.574418467E1,4.660417438E-1,-5.699667931E-1,-8.438906819E-2
1.575419367E1,5.585060120E-1,-5.509992242E-1,-1.249997392E-1
1.576420367E1,6.225846410E-1,-4.505991042E-1,-1.457018107E-1
1.577421367E1,6.561221480E-1,-3.255047798E-1,-1.572414637E-1
1.578425367E1,6.883402467E-1,-2.280820608E-1,-1.750492156E-1
1.579426367E1,7.159651518E-1,-3.056969047E-1,-1.352918893E-1
1.580427367E1,6.853076220E-1,-2.212701738E-1,-2.175601274E-1
1.581431367E1,6.110851169E-1,-2.140276730E-1,-2.632334828E-1
1.582432367E1,5.144971013E-1,-2.275229692E-1,-2.780941725E-1
1.583433367E1,4.240621626E-1,-2.498331070E-1,-2.679966688E-1
1.584434267E1,3.691051602E-1,-3.275071383E-1,-9.646432847E-2
1.585438367E1,3.366003036E-1,-3.282862604E-1,-1.393646896E-1
1.586439267E1,3.308830261E-1,-2.740395367E-1,-1.135538593E-1
1.587440267E1,3.240508139E-1,-2.194339484E-1,-4.530093074E-2
1.588441267E1,3.293031156E-1,-2.115235627E-1,3.595291078E-2
1.589445267E1,3.601116240E-1,-3.022589087E-1,2.239105999E-1
1.590446267E1,3.774128556E-1,-2.901186049E-1,1.887456924E-1
1.591447267E1,4.091649055E-1,-3.415867686E-1,1.572471857E-1
1.592451267E1,4.280176759E-1,-3.930973709E-1,1.125404388E-1
1.593452267E1,4.218702912E-1,-3.712505102E-1,1.311921626E-1
1.594453267E1,3.934261501E-1,-3.170328140E-1,1.446531117E-1
1.595454167E1,3.372709751E-1,-2.850847244E-1,2.647089958E-1
1.596458267E1,2.658476532E-1,-1.177676097E-1,2.470088303E-1
1.597459167E1,2.292504460E-1,-4.636514187E-2,2.478012145E-1
1.598460167E1,2.102546394E-1,-4.226387292E-2,2.838790417E-1
1.599463013E1,2.408489436E-1,-8.914379776E-2,2.779739201E-1
1.600467012E1,2.857980132E-1,-1.824055761E-1,2.600806653E-1
1.601468012E1,3.207311034E-1,-2.367710173E-1,2.759148180E-1
1.602469012E1,3.543492556E-1,-3.142673969E-1,2.578993440E-1
1.603473012E1,3.735456467E-1,-3.432769477E-1,2.181937099E-1
1.604474013E1,3.903605938E-1,-3.273272812E-1,1.586672664E-1
1.605475013E1,3.991266191E-1,-2.708922029E-1,9.573276341E-2
1.606475913E1,3.870989680E-1,-1.545716971E-1,7.434011996E-2
1.607480013E1,3.645050228E-1,-4.061866552E-2,6.930241734E-2
1.608480912E1,3.194352686E-1,8.110564202E-2,6.342562288E-2
1.609481912E1,2.569413781E-1,2.073070556E-1,5.084962770E-2
1.610485912E1,1.977395862E-1,2.991818190E-1,5.446886271E-2
1.611486913E1,1.696538031E-1,2.993915379E-1,8.312686533E-2
1.612487913E1,1.741249859E-1,2.624750435E-1,9.794229269E-2
1.613488913E1,1.846649349E-1,2.434474081E-1,1.055237055E-1
1.614492913E1,1.795860231E-1,2.134573013E-1,1.146801859E-1
1.615493913E1,1.464090347E-1,1.781620085E-1,1.233594790E-1
1.616494912E1,6.090451404E-2,1.886993349E-1,1.299105883E-1
1.617495812E1,-6.686423719E-2,2.221754193E-1,1.420740038E-1
1.618499912E1,-2.082634419E-1,2.525103986E-1,1.429214180E-1
1.619500813E1,-3.451333046E-1,2.631887496E-1,1.233080849E-1
1.620501813E1,-4.632743299E-1,2.538245320E-1,7.710091025E-2
1.621505813E1,-5.887640715E-1,2.303901762E-1,4.622635897E-3
1.622506813E1,-7.117123604E-1,1.931647658E-1,-7.906027883E-2
1.623507812E1,-8.130656481E-1,1.881517023E-1,-1.905705929E-1
1.624508812E1,-8.825107813E-1,1.937621832E-1,-3.535451293E-1
1.625512812E1,-9.316335917E-1,1.784344167E-1,-5.160608292E-1
1.626513812E1,-1.000573039E0,1.154993922E-1,-6.523180008E-1
1.627514812E1,-1.117439747E0,-6.054700911E-2,-7.423332334E-1
1.628515713E1,-1.226011157E0,-1.968702376E-1,-8.108675480E-1
1.629519813E1,-1.295620561E0,-2.441997826E-1,-8.438073397E-1
1.630520712E1,-1.349750042E0,-2.067938149E-1,-8.321541548E-1
1.631521712E1,-1.435757160E0,-5.578755960E-2,-7.190311551E-1
1.632525712E1,-1.501638532E0,2.111389488E-1,-5.475560427E-1
1.633526712E1,-1.449340343E0,4.887578785E-1,-2.506624162E-1
1.634527712E1,-1.499062061E0,3.524370492E-1,4.577963427E-2
1.635528712E1,-1.769295454E0,-4.394609332E-1,4.540281743E-2
1.636532713E1,-2.010808229E0,-8.703151345E-1,6.408568472E-2
1.637533713E1,-1.865723968E0,-8.546066880E-1,7.887670770E-3
1.638534612E1,-1.443363667E0,-6.226064563E-1,-7.042498142E-2
1.639535612E1,-9.255586863E-1,-2.507652938E-1,-3.271446750E-2
1.640539712E1,-4.423408806E-1,1.221451536E-1,-2.647281811E-2
1.641540612E1,-4.602586478E-2,3.402700722E-1,-5.840015039E-2
1.642541612E1,2.400085628E-1,3.983173966E-1,-5.508478358E-2
1.643545613E1,4.378698170E-1,2.387827784E-1,-8.395453542E-2
1.644546613E1,5.792697668E-1,1.358550787E-1,-1.574082524E-1
1.645547613E1,6.674779654E-1,1.686061323E-1,-2.691585422E-1
1.646548613E1,7.021571398E-1,2.440225929E-1,-3.782402873E-1
1.647552612E1,6.555261016E-1,3.208168447E-1,-4.571339786E-1
1.648553612E1,5.492923260E-1,3.426028192E-1,-4.945865273E-1
1.649554513E1,3.998562098E-1,3.464847207E-1,-4.938523471E-1
1.650555513E1,2.321170121E-1,3.341095448E-1,-4.699272811E-1
1.651559513E1,7.096786797E-2,2.702845931E-1,-4.545695782E-1
1.652560513E1,-7.591558993E-2,1.887817234E-1,-4.323313832E-1
1.653561513E1,-1.715413779E-1,7.604869455E-2,-3.842949569E-1
1.654565512E1,-2.202157080E-1,1.189511567E-1,-2.713502944E-1
1.655566512E1,-1.966406107E-1,1.480848044E-1,-1.688281894E-1
1.656567512E1,-6.819661707E-2,2.320910245E-1,-7.175729424E-2
1.657568512E1,8.995067328E-2,4.178663492E-1,2.045276016E-2
1.658572513E1,2.512897551E-1,5.505634546E-1,9.198446572E-2
1.659573513E1,4.084826112E-1,6.151770949E-1,1.435514390E-1
1.660574413E1,5.219538212E-1,6.686096787E-1,2.011297792E-1
1.661575412E1,5.860727429E-1,6.166298389E-1,2.530429363E-1
1.662579412E1,5.991802812E-1,4.810451269E-1,2.843025923E-1
1.663580412E1,5.486133695E-1,3.220252693E-1,2.997750640E-1
1.664581412E1,4.487980902E-1,1.552892774E-1,2.944942713E-1
1.665585413E1,3.377243280E-1,5.745282769E-2,3.329199851E-1
1.666586413E1,2.738406956E-1,-2.718642354E-2,3.225751817E-1
1.667587413E1,2.586046159E-1,-3.442791104E-2,2.926705182E-1
1.668588413E1,2.618179917E-1,3.814695776E-2,2.535289824E-1
1.669592413E1,2.634492218E-1,1.261224002E-1,2.235816419E-1
1.670593412E1,2.646585703E-1,2.541943192E-1,1.822057068E-1
1.671594312E1,2.502317131E-1,3.865326643E-1,1.807447970E-1
1.672595312E1,2.552080750E-1,4.185675681E-1,1.505024731E-1
1.673599313E1,2.588119805E-1,4.468654096E-1,1.247144192E-1
1.674600313E1,2.612575591E-1,3.922487795E-1,1.141227558E-1
1.675601313E1,2.510046661E-1,2.690200210E-1,1.073418930E-1
1.676605313E1,2.331705540E-1,1.179599166E-1,1.168499067E-1
1.677606312E1,2.295313478E-1,-6.531509012E-2,1.504478157E-1
1.678607312E1,2.209610194E-1,-9.266576171E-2,1.594708711E-1
1.679608312E1,1.690159738E-1,-8.003096282E-2,1.717487127E-1
1.680612312E1,8.592481166E-2,-9.493400902E-2,1.608462632E-1
1.681613312E1,-7.545199245E-3,-1.032581329E-1,1.514324695E-1
1.682614213E1,-4.814295843E-2,-8.759848028E-2,1.261212528E-1
1.683615213E1,-4.332880303E-2,-1.021122411E-1,9.905606508E-2
1.684619212E1,-2.386935055E-2,-1.884647161E-1,7.692492753E-2
1.685620212E1,1.899349387E-3,-3.108534515E-1,8.709932864E-2
1.686621212E1,4.889322445E-2,-4.206428230E-1,1.390485466E-1
1.687625212E1,1.159749478E-1,-4.703087211E-1,1.891909838E-1
1.688626212E1,1.910531819E-1,-6.096596718E-1,2.582419515E-1
1.689627212E1,2.593677044E-1,-6.799539924E-1,2.522876561E-1
1.690628213E1,3.330597579E-1,-7.254700661E-1,2.401281893E-1
1.691632213E1,3.902282119E-1,-7.749799490E-1,2.572120428E-1
1.692633213E1,4.305804372E-1,-6.931492686E-1,1.412681192E-1
1.693634112E1,4.552828968E-1,-6.212267280E-1,8.252391964E-2
1.694635112E1,4.817272723E-1,-5.804209709E-1,6.285115331E-2
1.695639112E1,4.934874773E-1,-5.417611003E-1,4.631844535E-2
1.696640113E1,4.769761562E-1,-5.055133700E-1,1.407582033E-2
1.697641113E1,4.542338848E-1,-4.646885395E-1,-2.385130152E-2
1.698646512E1,4.364791214E-1,-4.023334980E-1,-5.694773793E-2
1.699647512E1,4.368414283E-1,-3.421979547E-1,-1.076210812E-1
1.700648512E1,4.718369544E-1,-2.620530725E-1,-1.561393440E-1
1.701649512E1,5.046901107E-1,-1.321026832E-1,-1.798087806E-1
1.702653513E1,5.241679549E-1,2.107488364E-2,-1.779917032E-1
1.703654513E1,5.145800114E-1,1.735201925E-1,-1.458424628E-1
1.704655413E1,4.486908019E-1,2.758060694E-1,-9.264394641E-2
1.705656412E1,3.575118482E-1,1.818694323E-1,5.703480542E-2
1.706660412E1,2.347643673E-1,1.567537040E-1,1.635235921E-2
1.707661412E1,1.586962491E-1,5.198710412E-2,3.909437358E-2
1.708662412E1,1.287543327E-1,-7.978210598E-2,8.656149358E-2
1.709666413E1,1.107845977E-1,-1.700590700E-1,1.413705051E-1
1.710667413E1,8.937437832E-2,-2.021134198E-1,1.675698906E-1
1.711668413E1,4.660634324E-2,-2.779629230E-1,1.577706188E-1
1.712669312E1,4.918774590E-2,-2.666807175E-1,1.618646979E-1
1.713673413E1,4.134330153E-2,-2.456137389E-1,1.791831553E-1
1.714674412E1,3.925937787E-2,-1.960584372E-1,2.277541608E-1
1.715675312E1,4.070516676E-2,-1.558049768E-1,2.218018621E-1
1.716676312E1,7.420879602E-2,-1.757174283E-1,2.164273411E-1
1.717680313E1,1.362162083E-1,-1.686194092E-1,1.745628864E-1
1.718681313E1,2.260046899E-1,-1.378276795E-1,1.531236321E-1
1.719682313E1,3.284825683E-1,-1.322299391E-1,1.525789499E-1
1.720686313E1,3.937531710E-1,-7.038360834E-2,2.228690982E-1
1.721687312E1,4.503785670E-1,-1.212655157E-1,2.232424170E-1
1.722688312E1,4.863387048E-1,-1.230138764E-1,1.786557734E-1
1.723689212E1,4.865536690E-1,-1.109142303E-1,1.261593848E-1
1.724693312E1,4.424634278E-1,-8.003114909E-2,1.334894598E-1
1.725694312E1,3.849330544E-1,-3.260933235E-2,1.860426366E-1
1.726695213E1,3.740585744E-1,-8.118778467E-2,1.552919149E-1
1.727696213E1,3.774522245E-1,-5.992578715E-2,1.470427513E-1
1.728700212E1,3.892662823E-1,-4.460169002E-2,1.582442820E-1
1.729701212E1,3.988936245E-1,-9.485902265E-3,1.680266112E-1
1.730702212E1,4.055057168E-1,3.540087864E-2,1.760704219E-1
1.731706212E1,3.995948136E-1,5.401717499E-2,1.810233742E-1
1.732707212E1,3.883661330E-1,4.494404793E-2,1.847994775E-1
1.733708212E1,3.523534238E-1,2.759844624E-2,1.837350428E-1
1.734709113E1,2.923936844E-1,-7.301216014E-3,1.730043590E-1
1.735713213E1,2.077789456E-1,-8.705116808E-2,1.586792171E-1
1.736714112E1,1.155520752E-1,-1.748441458E-1,1.265865266E-1
1.737715112E1,1.967211999E-2,-2.483735979E-1,8.857299387E-2
1.738716112E1,-6.933365017E-2,-3.172109723E-1,5.273244530E-2
1.739720112E1,-1.397471428E-1,-3.492941856E-1,1.952219568E-2
1.740721113E1,-1.954841763E-1,-3.381853402E-1,-1.331990585E-2
1.741722113E1,-2.445067316E-1,-3.025713265E-1,-6.185149401E-2
1.742726113E1,-3.019217849E-1,-2.454153597E-1,-1.379060447E-1
1.743727113E1,-3.831612468E-1,-2.307013571E-1,-2.145473361E-1
1.744728113E1,-5.049143434E-1,-2.716663778E-1,-3.040878773E-1
1.745729012E1,-7.466432452E-1,-4.055380225E-1,-3.514833152E-1
1.746733112E1,-1.110728264E0,-5.616330504E-1,-3.656004667E-1
1.747734013E1,-1.540629029E0,-5.383383632E-1,-4.002167583E-1
1.748735013E1,-1.960530758E0,-3.858399689E-1,-4.423287809E-1
1.749736013E1,-2.312829494E0,-1.739407629E-1,-3.690041602E-1
1.750740013E1,-2.541241407E0,7.267355174E-2,-1.081302539E-1
1.751741013E1,-2.503729820E0,2.624166608E-1,1.193343103E-1
1.752742012E1,-2.217190981E0,3.206658661E-1,2.530878484E-1
1.753746012E1,-2.171743870E0,-2.963256091E-2,3.165485263E-1
1.754747012E1,-2.432878971E0,-5.247600079E-1,3.642228544E-1
1.755748012E1,-2.389657974E0,-5.821413398E-1,2.767767608E-1
1.756748913E1,-1.875786066E0,-1.031885669E-1,1.022899300E-1
1.757753013E1,-1.194166541E0,6.065828800E-1,-1.381308138E-1
1.758753913E1,-5.420507789E-1,1.149306893E0,-3.444568217E-1
1.759754912E1,-3.104398027E-2,1.402512789E0,-3.217044175E-1
1.760755912E1,3.770604432E-1,1.353466988E0,-2.322488129E-1
1.761759912E1,6.689212918E-1,1.091754198E0,-2.031053454E-1
1.762760912E1,7.852071524E-1,7.841116786E-1,-2.054465413E-1
1.763761912E1,7.366249561E-1,5.686221123E-1,-2.487299144E-1
1.764765913E1,5.788782239E-1,4.577634931E-1,-3.233945370E-1
1.765766913E1,3.704306483E-1,4.084759355E-1,-4.095181823E-1
1.766767913E1,1.511568874E-1,4.145373106E-1,-4.355481863E-1
1.767768812E1,-1.629398763E-2,4.359128773E-1,-3.933469653E-1
1.768772912E1,-1.268556565E-1,4.719054997E-1,-3.747554421E-1
1.769773812E1,-2.329344004E-1,5.513253808E-1,-4.100235701E-1
1.770774812E1,-2.899665236E-1,5.419726372E-1,-4.599389434E-1
1.771775812E1,-2.981205583E-1,4.835444987E-1,-4.848057628E-1
1.772779813E1,-2.568290234E-1,4.062891304E-1,-4.705154896E-1
1.773780813E1,-1.611580402E-1,3.268980086E-1,-4.500601590E-1
1.774781813E1,-4.362021759E-2,3.677706122E-1,-3.699395061E-1
1.775785812E1,8.377757668E-2,4.550620914E-1,-2.811428905E-1
1.776786812E1,2.017937005E-1,5.747101903E-1,-1.791936308E-1
1.777787812E1,2.220754474E-1,7.548039556E-1,-8.167818189E-2
1.778788712E1,1.973932683E-1,8.565260172E-1,2.119147219E-2
1.779792812E1,1.854505688E-1,8.190777302E-1,1.144186631E-1
1.780793713E1,1.752282828E-1,7.042555213E-1,1.857604980E-1
1.781794713E1,1.640569121E-1,5.391767025E-1,2.456913441E-1
1.782795713E1,1.463697851E-1,3.245416880E-1,2.905642390E-1
1.783799712E1,9.938418120E-2,1.416096836E-1,3.132146895E-1
1.784800712E1,2.426785789E-2,3.392342106E-2,3.053445220E-1
1.785801712E1,-5.477257445E-2,-6.157808751E-2,2.623753548E-1
1.786805712E1,-2.481407076E-1,-1.017864943E-1,1.602487117E-1
1.787806713E1,-4.687026739E-1,-1.010919288E-1,6.836225092E-2
1.788807713E1,-5.384176373E-1,-6.060974672E-2,-1.196987554E-2
1.789808613E1,-4.715725482E-1,4.583506659E-2,-6.932327151E-2
1.790812713E1,-3.833297789E-1,6.244434044E-4,-1.068685204E-1
1.791813612E1,-3.672154844E-1,9.287142754E-2,-9.215862304E-2
1.792814612E1,-3.537566662E-1,1.228285208E-1,-1.398856491E-1
1.793815612E1,-3.181086481E-1,1.637446433E-1,-1.538496763E-1
1.794819613E1,-2.513477206E-1,1.387617886E-1,-1.212959960E-1
1.795820613E1,-1.262943447E-1,5.882839113E-2,-9.779374301E-2
1.796821613E1,6.163720042E-2,6.050112098E-2,-2.843224257E-2
1.797825613E1,2.669353783E-1,4.360347241E-2,2.856902964E-2
1.798826200E1,4.167197943E-1,8.590006828E-2,9.766554087E-2
1.799827200E1,4.739321768E-1,1.570969075E-1,1.755810082E-1
1.800828100E1,4.943133593E-1,1.610753983E-1,2.182216793E-1
1.801832200E1,5.306736827E-1,2.685237229E-1,2.603549361E-1
1.802833100E1,5.731950402E-1,1.114770994E-1,2.807328999E-1
1.803834100E1,5.523402095E-1,-1.655282378E-1,2.941733599E-1
1.804835100E1,4.436064959E-1,-3.954043090E-1,2.678813040E-1
1.805839100E1,3.204292357E-1,-5.138719082E-1,2.100311518E-1
1.806840100E1,2.356382012E-1,-5.435046554E-1,1.684312522E-1
1.807841100E1,2.071124911E-1,-5.157707334E-1,1.580302566E-1
1.808845100E1,2.221939713E-1,-4.797834456E-1,1.683729142E-1
1.809846100E1,2.516075373E-1,-4.482863545E-1,1.944400221E-1
1.810847000E1,2.832397819E-1,-3.847984672E-1,2.077462375E-1
1.811848000E1,3.075063825E-1,-3.408179283E-1,1.966326833E-1
1.812852100E1,3.331121504E-1,-3.653621376E-1,1.825189888E-1
1.813853000E1,3.576553464E-1,-4.246069193E-1,1.334812045E-1
1.814854000E1,4.034920633E-1,-4.571148157E-1,8.048643172E-2
1.815855000E1,4.461398125E-1,-4.497641921E-1,5.227510631E-2
1.816859000E1,4.869242609E-1,-3.745168447E-1,2.025431953E-2
1.817860000E1,5.116758347E-1,-2.572413683E-1,-2.722493839E-3
1.818861000E1,5.386302471E-1,-1.508052200E-1,-3.723200038E-2
1.819865000E1,5.675914288E-1,-4.284577072E-2,-6.211696565E-2
1.820866000E1,6.210437417E-1,4.367500544E-2,-7.349798828E-2
1.821866900E1,7.000039816E-1,7.276573777E-2,-8.020795137E-2
1.822867900E1,7.822884917E-1,6.161561608E-2,-8.856068552E-2
1.823872000E1,8.336986303E-1,-2.409387380E-2,-4.656185582E-2
1.824872900E1,7.898598313E-1,-7.504813373E-2,-4.689288512E-2
1.825873900E1,7.892844081E-1,-1.306531727E-1,-6.215778738E-2
1.826874900E1,7.136966586E-1,-2.054003924E-1,6.757038832E-2
1.827878900E1,6.122116446E-1,-2.490591258E-1,1.859492958E-1
1.828879900E1,4.945763946E-1,-2.297022045E-1,2.698721588E-1
1.829880900E1,3.551179767E-1,-1.722432375E-1,3.401635885E-1
1.830884900E1,2.395767421E-1,-1.147621050E-1,3.811381757E-1
1.831885900E1,1.665109694E-1,-6.379760802E-2,3.777595758E-1
1.832886800E1,1.054628044E-1,4.770441353E-2,4.311628938E-1
1.833887800E1,8.627879620E-2,2.231880836E-2,3.999613225E-1
1.834891800E1,9.994135052E-2,-4.154139757E-2,3.361205757E-1
1.835892800E1,1.086533144E-1,1.595693827E-2,3.433353305E-1
1.836893800E1,1.520612389E-1,9.480663575E-3,3.352912366E-1
1.837894800E1,2.209140509E-1,2.711626515E-2,3.595995903E-1
1.838898800E1,3.161598742E-1,-7.113711908E-4,3.328502774E-1
1.839899800E1,4.188775718E-1,-8.411461860E-2,2.609056234E-1
1.840900800E1,4.910273850E-1,-1.006320715E-1,2.142960429E-1
1.841904800E1,5.336752534E-1,-1.211903468E-1,1.894671321E-1
1.842905800E1,5.441297889E-1,-5.680469424E-2,2.392487973E-1
1.843906700E1,5.534179807E-1,-1.758621484E-1,2.024544328E-1
1.844907700E1,5.521135926E-1,-2.449762374E-1,1.457496136E-1
1.845911700E1,5.292004943E-1,-2.582874000E-1,1.410489678E-1
1.846912700E1,5.133919716E-1,-2.515453398E-1,1.579104960E-1
1.847913700E1,4.734106660E-1,-1.865728199E-1,1.792024076E-1
1.848914700E1,4.216052592E-1,-8.077235520E-2,1.877737939E-1
1.849918700E1,3.558905423E-1,3.633917123E-2,1.870574653E-1
1.850919700E1,2.847314179E-1,1.037014350E-1,1.767752618E-1
1.851920700E1,2.063824236E-1,1.172345802E-1,1.480062902E-1
1.852924700E1,1.005774215E-1,8.591234684E-2,1.109052598E-1
1.853925700E1,-3.165221959E-2,1.960489154E-2,7.101969421E-2
1.854926600E1,-1.949836165E-1,-8.700996637E-2,4.374919087E-2
1.855927600E1,-3.254710138E-1,-2.651634812E-1,-9.140445851E-3
1.856931600E1,-3.937105238E-1,-3.778748512E-1,-3.283219412E-2
1.857932600E1,-4.023615122E-1,-4.013163745E-1,-5.758403614E-2
1.858933600E1,-3.950460851E-1,-3.961533308E-1,-1.177789271E-1
1.859937600E1,-4.111951292E-1,-3.120329380E-1,-1.457695365E-1
1.860938600E1,-4.467725456E-1,-1.979188770E-1,-1.522274464E-1
1.861939600E1,-5.264099836E-1,-1.144213527E-1,-1.510262489E-1
1.862940600E1,-6.774120331E-1,-7.871288061E-2,-1.744972318E-1
1.863944600E1,-8.981975317E-1,1.749427989E-3,-2.302893996E-1
1.864945600E1,-1.167583704E0,1.578934938E-1,-3.408678472E-1
1.865946500E1,-1.373001695E0,2.049688250E-1,-5.344776511E-1
1.866947500E1,-1.462519288E0,2.704354525E-1,-6.801605225E-1
1.867951500E1,-1.528195739E0,6.547814012E-1,-5.139594078E-1
1.868952500E1,-1.616519213E0,7.359625101E-1,-1.979920864E-1
1.869953500E1,-1.816376090E0,2.823848724E-1,1.848783791E-1
1.870957500E1,-2.006111860E0,-3.220735788E-1,4.291632175E-1
1.871958500E1,-1.988766670E0,-6.995270252E-1,4.391211271E-1
1.872959500E1,-1.704209566E0,-6.242259145E-1,2.998873293E-1
1.873960500E1,-1.227204323E0,-3.266525865E-1,1.170996949E-1
1.874964500E1,-7.217078209E-1,-3.518694639E-2,-3.233080730E-2
1.875965500E1,-2.864764929E-1,1.367846280E-1,-1.875443906E-1
1.876966400E1,2.843618020E-2,3.047472537E-1,-3.677857816E-1
1.877967400E1,2.042303532E-1,5.097756386E-1,-4.535684288E-1
1.878971400E1,3.248121738E-1,5.976319909E-1,-4.671556354E-1
1.879972400E1,4.260077477E-1,5.399207473E-1,-4.339763224E-1
1.880973400E1,4.820883274E-1,4.359820783E-1,-3.760674894E-1
1.881977400E1,4.427076876E-1,2.464501262E-1,-3.380402029E-1
1.882978400E1,3.375658393E-1,6.952569634E-2,-3.240860403E-1
1.883979400E1,2.594452798E-1,-1.398576424E-2,-3.477405012E-1
1.884980300E1,2.300828695E-1,-6.565561891E-2,-3.475266397E-1
1.885984400E1,2.335143983E-1,-7.234492898E-2,-3.515840471E-1
1.886985400E1,2.725179791E-1,-1.300780028E-1,-3.906193376E-1
1.887986300E1,2.949998379E-1,-8.664541692E-2,-3.995314240E-1
1.888987300E1,2.842465341E-1,-3.392973915E-2,-3.964930177E-1
1.889991300E1,2.331423908E-1,-5.690713413E-3,-3.588979542E-1
1.890992300E1,1.711416095E-1,5.595933646E-2,-3.257825971E-1
1.891993300E1,1.000004187E-1,1.491638720E-1,-2.806240618E-1
1.892997300E1,3.173081577E-2,2.360361964E-1,-2.402867675E-1
1.893998300E1,-1.707371324E-2,2.886345387E-1,-2.092323452E-1
1.894999300E1,-7.077209651E-2,3.240620494E-1,-1.562791169E-1
1.896000200E1,-9.143316001E-2,2.675995827E-1,-1.210082099E-1
1.897004300E1,-8.753349632E-2,1.578307152E-1,-1.082564592E-1
1.898005300E1,-8.090350032E-2,6.537953764E-2,-9.073176980E-2
1.899009200E1,-7.146232575E-2,-1.390863117E-2,-7.954542339E-2
1.900010200E1,-4.350045696E-2,-3.397980705E-2,-5.162432045E-2
1.901014200E1,8.241300471E-3,-4.024942219E-2,-2.923193015E-2
1.902015200E1,6.718812883E-2,-3.265047073E-2,-8.729142137E-3
1.903016200E1,1.138887927E-1,-1.872746646E-2,1.737995632E-2
1.904020200E1,1.205891967E-1,-2.607611194E-2,4.702256620E-2
1.905021200E1,8.346686512E-2,-4.494913667E-2,8.749728650E-2
1.906022200E1,6.694132928E-3,-1.244480722E-2,1.446665823E-1
1.907023100E1,-7.127603143E-2,-1.333669946E-2,1.905459315E-1
1.908027200E1,-1.217623428E-1,-2.639689483E-3,2.146933973E-1
1.909028100E1,-1.121802852E-1,-3.065188415E-2,1.980382651E-1
1.910029100E1,-6.578768790E-2,6.759332120E-2,2.091437876E-1
1.911030100E1,-9.943142068E-4,9.439990669E-2,2.002477646E-1
1.912034100E1,7.948218286E-2,1.298675388E-1,1.772625446E-1
1.913035100E1,1.512386650E-1,1.585926712E-1,1.446630508E-1
1.914036100E1,1.731559783E-1,1.927800775E-1,1.089290082E-1
1.915040100E1,1.638737917E-1,2.071696669E-1,9.125920385E-2
1.916041100E1,1.427897215E-1,2.037089914E-1,8.813648671E-2
1.917042100E1,1.060255840E-1,2.067822814E-1,7.462333888E-2
1.918043000E1,5.549754947E-2,1.977173090E-1,7.288265973E-2
1.919047100E1,-3.409118950E-2,1.968347430E-1,9.748573601E-2
1.920048000E1,-9.622947127E-2,2.081964016E-1,1.063338071E-1
1.921049000E1,-9.523344785E-2,1.862618029E-1,1.001084000E-1
1.922050000E1,-1.566125313E-3,6.360141933E-2,1.033268943E-1
1.923054000E1,8.859652281E-2,9.141676128E-5,1.269153059E-1
1.924055000E1,1.654632688E-1,-9.808277711E-3,1.325518638E-1
1.925056000E1,2.049169391E-1,-1.206988394E-1,1.366390139E-1
1.926060000E1,1.863520145E-1,-2.917199731E-1,1.279141307E-1
1.927061000E1,1.543496102E-1,-3.857849538E-1,1.116906926E-1
1.928062000E1,1.710876971E-1,-4.108299613E-1,1.110538840E-1
1.929062900E1,2.147382498E-1,-4.196303487E-1,9.329432994E-2
1.930067000E1,2.589919567E-1,-3.735836148E-1,5.670559034E-2
1.931067900E1,2.914026380E-1,-3.143323064E-1,3.101008199E-2
1.932068900E1,3.128987551E-1,-3.029982448E-1,1.599649899E-3
1.933069900E1,3.579961956E-1,-3.140732646E-1,-2.165959962E-2
1.934073900E1,4.319139123E-1,-3.137034476E-1,-3.935336694E-2
1.935074900E1,5.001012087E-1,-2.834848166E-1,-5.432406068E-2
1.936075900E1,5.489511490E-1,-2.778475583E-1,-8.003180474E-2
1.937079900E1,5.840318799E-1,-2.697187960E-1,-1.102554873E-1
1.938080900E1,6.107427478E-1,-2.384082675E-1,-1.478251368E-1
1.939081900E1,6.331899762E-1,-1.675468832E-1,-1.644030511E-1
1.940082800E1,6.816430688E-1,-1.205445975E-1,-1.461975425E-1
1.941086900E1,7.187063098E-1,-9.955222905E-2,-1.043409109E-1
1.942087800E1,7.346872091E-1,-1.178025752E-1,-6.198221445E-2
1.943088800E1,7.387977839E-1,-1.708889455E-1,-1.502455864E-2
1.944089800E1,7.165163755E-1,-2.596693635E-1,1.595851593E-2
1.945093800E1,6.783628464E-1,-3.791904449E-1,7.244386245E-3
1.946094800E1,5.808408856E-1,-4.746731222E-1,2.363078855E-2
1.947095800E1,4.404084086E-1,-4.728677571E-1,7.030588388E-2
1.948099800E1,3.003742099E-1,-4.320639372E-1,1.280623078E-1
1.949100800E1,1.831770241E-1,-3.428501785E-1,1.850638092E-1
1.950101800E1,1.091055498E-1,-2.594297826E-1,2.164647430E-1
1.951102700E1,5.534139276E-2,-1.640273631E-1,2.380025238E-1
1.952106800E1,1.973431930E-2,-1.003577486E-1,2.464327365E-1
1.953107700E1,-3.239439800E-3,-4.643167183E-2,2.429903299E-1
1.954108700E1,8.786114864E-3,1.546824351E-2,2.716767490E-1
1.955109700E1,6.644834578E-2,1.559617929E-3,3.277141750E-1
1.956113700E1,1.604941934E-1,-2.803424373E-2,3.491110504E-1
1.957114700E1,2.569616139E-1,-5.709172785E-2,3.522690237E-1
1.958115700E1,3.567494452E-1,-5.073302239E-2,3.304170966E-1
1.959119700E1,4.411817789E-1,-3.483501449E-2,2.928997874E-1
1.960120700E1,5.079600811E-1,-3.368792124E-3,2.559628785E-1
1.961121700E1,5.711894035E-1,-8.747845888E-3,2.184597254E-1
1.962122600E1,5.994038582E-1,1.519032754E-2,1.944534481E-1
1.963126700E1,5.984265208E-1,3.586817533E-2,1.823909283E-1
1.964127600E1,5.839333534E-1,5.429518968E-2,1.759830117E-1
1.965128600E1,5.333828330E-1,1.109832376E-1,1.510931104E-1
1.966129600E1,5.026129484E-1,9.009084851E-2,1.288271397E-1
1.967133600E1,4.970011711E-1,5.118925869E-2,1.402827352E-1
1.968134600E1,4.820695221E-1,4.592000693E-2,1.348833293E-1
1.969135600E1,4.545385838E-1,4.937146604E-2,1.130294204E-1
1.970139600E1,4.053359926E-1,4.812937602E-2,8.062294871E-2
1.971140600E1,3.530067503E-1,1.439777669E-2,5.040779710E-2
1.972141600E1,2.872106135E-1,-4.631689936E-2,3.195659071E-2
1.973142500E1,1.910446733E-1,-1.177460775E-1,1.075623184E-2
1.974146600E1,6.370312721E-2,-1.556199193E-1,-2.004453167E-2
1.975147500E1,-4.359163344E-2,-1.951201856E-1,-3.572815284E-2
1.976148500E1,-1.218057796E-1,-2.380453199E-1,-4.645007476E-2
1.977149500E1,-1.836467832E-1,-2.679867148E-1,-6.227724254E-2
1.978153500E1,-2.410507500E-1,-2.576165199E-1,-9.735740721E-2
1.979154500E1,-3.072752953E-1,-2.424865812E-1,-1.396308243E-1
1.980155500E1,-3.848688006E-1,-1.884910017E-1,-1.888313591E-1
1.981159500E1,-4.681423903E-1,-1.403024346E-1,-2.302741408E-1
1.982160500E1,-5.943170190E-1,-1.290859133E-1,-2.734537721E-1
1.983161500E1,-7.735214233E-1,-2.228467613E-1,-3.059960008E-1
1.984162400E1,-9.993932247E-1,-3.094645143E-1,-3.428556025E-1
1.985166500E1,-1.254024506E0,-2.369626164E-1,-3.932362199E-1
1.986167400E1,-1.495160103E0,-1.000560969E-1,-3.843444586E-1
1.987168400E1,-1.696320653E0,1.034791842E-1,-2.728922367E-1
1.988169400E1,-1.791236877E0,1.616537571E-1,-1.305033918E-2
1.989173400E1,-1.743902683E0,9.398736060E-2,2.623620629E-1
1.990174400E1,-1.666600227E0,-8.347934112E-3,4.379004240E-1
1.991175400E1,-1.682150245E0,-3.595373034E-2,5.012549162E-1
1.992179400E1,-1.780194998E0,4.782854393E-2,5.210488439E-1
1.993180400E1,-1.822420835E0,1.001833677E-1,4.412879348E-1
1.994181300E1,-1.740620017E0,1.540805101E-1,2.701164782E-1
1.995182300E1,-1.528608680E0,2.563280463E-1,7.536777109E-2
1.996186400E1,-1.219841123E0,3.796058595E-1,-5.969788134E-2
1.997187300E1,-8.805866241E-1,5.265044570E-1,-1.116731986E-1
1.998188300E1,-5.303221345E-1,6.341988444E-1,-1.179457605E-1
1.999189750E1,-1.419360787E-1,6.175047755E-1,-1.809782386E-1
2.000193750E1,1.685513109E-1,6.105250716E-1,-1.871298701E-1
2.001194750E1,3.475143909E-1,5.501375794E-1,-1.737970114E-1
2.002195750E1,4.196247160E-1,5.156909227E-1,-1.271444261E-1
2.003199750E1,4.179272056E-1,4.902976453E-1,-1.203973070E-1
2.004200750E1,4.077526033E-1,4.751365483E-1,-1.767609715E-1
2.005201650E1,4.006805718E-1,4.914436042E-1,-2.554363310E-1
2.006202650E1,3.916535676E-1,5.226621628E-1,-3.226336837E-1
2.007206750E1,3.871821165E-1,5.203825235E-1,-3.704597950E-1
2.008207650E1,3.644073904E-1,4.632204771E-1,-4.160372615E-1
2.009208650E1,3.226338327E-1,3.590754271E-1,-4.893913865E-1
2.010209650E1,2.416118085E-1,2.648804188E-1,-5.235861540E-1
2.011213650E1,1.456229538E-1,1.845078319E-1,-5.548868179E-1
2.012214650E1,5.354193971E-2,1.886245012E-1,-4.914493561E-1
2.013215650E1,-7.325675339E-3,1.779542863E-1,-4.650073647E-1
2.014219650E1,-6.331376731E-2,2.946185470E-1,-3.742232323E-1
2.015220650E1,-7.545778155E-2,3.705828190E-1,-3.065145016E-1
2.016221550E1,-5.198339373E-2,4.274694026E-1,-2.492579371E-1
2.017222550E1,-1.926351804E-3,4.145988822E-1,-2.293771654E-1
2.018226550E1,6.989200413E-2,3.997275829E-1,-1.816460192E-1
2.019227550E1,1.472959667E-1,3.029286265E-1,-1.369480640E-1
2.020228550E1,2.234070003E-1,1.516301483E-1,-1.238823161E-1
2.021229550E1,2.762616873E-1,5.705437809E-2,-5.993608758E-2
2.022233550E1,3.198060691E-1,-3.323499858E-2,-1.618821919E-2
2.023234550E1,3.670532107E-1,-8.713018149E-2,1.640487835E-2
2.024235550E1,4.138723314E-1,-1.481233388E-1,-4.755272530E-3
2.025239550E1,4.156444073E-1,-1.082243994E-1,5.946374033E-3
2.026240550E1,3.608218729E-1,-5.247184634E-2,2.003086731E-2
2.027241450E1,2.706187367E-1,-2.338240482E-2,5.275898427E-2
2.028242450E1,1.781854630E-1,-3.950438648E-2,7.156521082E-2
2.029246450E1,8.210314065E-2,-5.149686709E-2,6.958781183E-2
2.030247450E1,-5.012743175E-3,-7.026319206E-2,3.999047726E-2
2.031248450E1,-6.464891136E-2,-9.233067930E-2,-9.452975355E-3
2.032249450E1,-8.094260842E-2,-1.350517273E-1,-7.093347609E-2
2.033253450E1,-7.498325408E-2,-1.456042230E-1,-1.209540218E-1
2.034254450E1,-3.892051801E-2,-1.530528963E-1,-1.528014243E-1
2.035255450E1,9.085357189E-3,-1.425339431E-1,-1.658642292E-1
2.036259450E1,5.231422186E-2,-9.301570058E-2,-1.609036624E-1
2.037260450E1,8.143215626E-2,-3.774658218E-2,-1.492483467E-1
2.038261350E1,7.858625799E-2,8.527364582E-3,-1.263099313E-1
2.039262350E1,4.897723719E-2,5.529673398E-2,-7.666274905E-2
2.040266350E1,2.644706517E-2,6.954992563E-2,-1.274327654E-2
2.041267350E1,2.427605726E-2,3.780557960E-2,4.801674560E-2
2.042268350E1,2.466135100E-2,-1.181464195E-1,1.063469574E-1
2.043269350E1,8.327174000E-4,-1.174137816E-1,2.103039771E-1
2.044273350E1,2.006695606E-3,-1.866626590E-1,2.889494300E-1
2.045274350E1,3.780037910E-2,-2.669622898E-1,3.424483538E-1
2.046275350E1,8.758355677E-2,-3.631221950E-1,3.783782721E-1
2.047279350E1,1.161837801E-1,-4.012770355E-1,3.949508667E-1
2.048280350E1,1.289573163E-1,-3.598854244E-1,3.948227763E-1
2.049281250E1,1.476481706E-1,-2.781458199E-1,3.772690892E-1
2.050282250E1,1.768873781E-1,-1.678702980E-1,3.437395394E-1
2.051286250E1,2.154992223E-1,-1.121812016E-1,2.869763970E-1
2.052287250E1,3.028903604E-1,-9.081882238E-2,2.233639508E-1
2.053288250E1,3.668674827E-1,-1.348776221E-1,1.016175523E-1
2.054289250E1,3.553718626E-1,-1.998919696E-1,2.207246609E-2
2.055293250E1,3.848810196E-1,-2.221892923E-1,-3.993684053E-2
2.056294250E1,4.424669147E-1,-2.620282769E-1,-7.718741894E-2
2.057295250E1,5.413474441E-1,-2.505601645E-1,-7.888066024E-2
2.058299250E1,6.409205198E-1,-1.905244440E-1,-7.667700201E-2
2.059300250E1,7.046534419E-1,-7.643089443E-2,-7.384553552E-2
2.060301150E1,7.381438613E-1,4.348049685E-2,-5.291031301E-2
2.061302150E1,7.547859550E-1,1.302622557E-1,-1.675417274E-2
2.062306150E1,7.712984681E-1,2.028324753E-1,1.488599554E-2
2.063307150E1,7.989386320E-1,2.112906724E-1,3.914020211E-2
2.064308150E1,8.278761506E-1,1.328643113E-1,5.984847248E-2
2.065309150E1,8.205404878E-1,8.001282066E-2,1.063384786E-1
2.066313150E1,7.515771985E-1,1.121516824E-1,2.079837471E-1
2.067314150E1,6.390408278E-1,2.738219500E-2,3.393614590E-1
2.068315050E1,5.309028029E-1,-1.574328095E-1,3.296888173E-1
2.069319150E1,3.833183944E-1,-1.770967841E-1,3.505871892E-1
2.070320150E1,2.758753300E-1,-2.010267824E-1,3.927405775E-1
2.071321050E1,1.504585594E-1,-1.380962729E-1,3.819140494E-1
2.072322050E1,5.301243812E-2,-1.039142907E-1,3.434985280E-1
2.073326050E1,-8.674095385E-3,-6.083180755E-2,3.416287303E-1
2.074327050E1,-6.667941809E-2,1.813412830E-2,3.916394413E-1
2.075328050E1,-8.743556589E-2,4.922333732E-2,3.509370089E-1
2.076329050E1,-6.937833875E-2,7.131355256E-2,3.393313885E-1
2.077333050E1,1.461213222E-3,7.052872330E-2,3.315227330E-1
2.078334050E1,1.058193818E-1,8.009257168E-2,3.584388793E-1
2.079334950E1,2.194394171E-1,5.526711419E-2,3.290293217E-1
2.080339050E1,3.045611680E-1,2.125065587E-2,3.166950643E-1
2.081340050E1,3.621256649E-1,-2.223503590E-2,3.002700210E-1
2.082340950E1,4.019817710E-1,-4.170878232E-2,2.683911026E-1
2.083341950E1,4.202465117E-1,-3.176959604E-2,2.426050603E-1
2.084345950E1,4.051564336E-1,-1.272671856E-3,2.083746940E-1
2.085346950E1,3.741993010E-1,2.577971853E-2,1.782609969E-1
2.086347950E1,3.378362656E-1,5.634705722E-2,1.495775878E-1
2.087348950E1,2.916392088E-1,7.838151604E-2,1.181735992E-1
2.088352950E1,2.409329414E-1,8.851242065E-2,9.496055543E-2
2.089353950E1,1.906636506E-1,9.058488905E-2,7.217241824E-2
2.090354850E1,1.438768059E-1,9.128392488E-2,5.949518085E-2
2.091358950E1,1.128579080E-1,7.592120767E-2,5.071154609E-2
2.092359850E1,7.463893294E-2,2.235850319E-2,4.639681801E-2
2.093360850E1,3.499831632E-2,-5.176525563E-2,3.809121996E-2
2.094361850E1,7.555751363E-4,-8.617068082E-2,1.117165200E-2
2.095365850E1,-3.967786953E-2,-4.043142125E-2,-2.647639066E-2
2.096366850E1,-8.564174920E-2,4.957794026E-2,-6.597173959E-2
2.097367850E1,-1.435948014E-1,1.462110132E-1,-1.064776257E-1
2.098368850E1,-2.084700167E-1,1.905722767E-1,-1.480475515E-1
2.099374450E1,-3.278861642E-1,1.829300672E-1,-1.927236766E-1
2.100375450E1,-5.305942297E-1,8.478832990E-2,-2.383712679E-1
2.101376350E1,-7.879488468E-1,-3.604062274E-2,-2.761767209E-1
2.102380450E1,-1.090577602E0,9.730124846E-3,-3.252168894E-1
2.103381350E1,-1.387675285E0,2.853856683E-1,-4.163681269E-1
2.104382350E1,-1.637721181E0,6.085763574E-1,-4.399875998E-1
2.105383350E1,-1.792602062E0,7.434611917E-1,-4.123642445E-1
2.106387350E1,-1.799453616E0,6.645812392E-1,-4.146310091E-1
2.107388350E1,-1.744111776E0,4.742184579E-1,-3.585434854E-1
2.108389350E1,-1.849961996E0,1.290763915E-1,-1.509248912E-1
2.109390350E1,-1.955524445E0,-2.219676524E-1,6.532166153E-2
2.110394350E1,-1.822406173E0,-4.402990341E-1,1.051707193E-1
2.111395350E1,-1.476954937E0,-4.184904099E-1,2.847275138E-2
2.112396250E1,-1.031187773E0,-2.787734568E-1,-2.507123537E-2
2.113400350E1,-6.033637524E-1,-3.530620784E-2,-4.430059344E-2
2.114401250E1,-2.904631197E-1,2.432033420E-1,-6.464558095E-2
2.115402250E1,-5.996492878E-2,4.368995726E-1,-1.105006859E-1
2.116403250E1,1.244897470E-1,5.889234543E-1,-9.281673282E-2
2.117407250E1,3.130974770E-1,5.972050428E-1,-8.255024999E-2
2.118408250E1,4.639357626E-1,4.950423241E-1,-7.568048686E-2
2.119409250E1,5.232683420E-1,2.837966681E-1,-8.091919124E-2
2.120410250E1,4.770328701E-1,5.817522109E-2,-9.249569476E-2
2.121414250E1,3.735935688E-1,-1.610074639E-1,-1.598997712E-1
2.122415250E1,2.590204179E-1,-2.481060922E-1,-1.734635085E-1
2.123416150E1,1.834747940E-1,-2.739781737E-1,-2.079498470E-1
2.124420250E1,1.625166386E-1,-2.385810614E-1,-2.759141624E-1
2.125421150E1,1.660168320E-1,-2.075520456E-1,-3.663942516E-1
2.126422150E1,1.542248130E-1,-1.908531040E-1,-4.467934966E-1
2.127423150E1,1.203379557E-1,-2.190213650E-1,-5.309112668E-1
2.128427150E1,4.684896022E-2,-2.184765488E-1,-5.354760289E-1
2.129428150E1,-3.492978960E-2,-1.993436068E-1,-5.156543851E-1
2.130429150E1,-8.619385958E-2,-1.416301280E-1,-4.816305935E-1
2.131430150E1,-1.119673997E-1,-3.235903382E-2,-4.383281469E-1
2.132434150E1,-1.061210409E-1,8.480259031E-2,-3.810907304E-1
2.133435150E1,-6.360314041E-2,1.354676336E-1,-3.546008170E-1
2.134436050E1,-4.434579983E-2,1.846147925E-1,-2.415215671E-1
2.135440150E1,2.299942076E-2,8.805683255E-2,-1.575012356E-1
2.136441050E1,1.041422859E-1,-2.168603800E-2,-1.132890359E-1
2.137442050E1,1.883389056E-1,-9.107869118E-2,-8.478389680E-2
2.138443050E1,2.775384188E-1,-1.735071242E-1,-7.614720613E-2
2.139447050E1,3.495508134E-1,-1.995616257E-1,-4.891399294E-2
2.140448050E1,3.846964240E-1,-2.196783572E-1,-2.221887559E-2
2.141449050E1,3.687723279E-1,-2.216728032E-1,-2.726396732E-2
2.142449950E1,3.038923442E-1,-1.683132201E-1,-1.316569373E-2
2.143454050E1,2.252878100E-1,-1.525595486E-1,-9.846329689E-3
2.144455050E1,1.210751235E-1,-1.214079782E-1,6.144416984E-3
2.145455950E1,1.773488335E-2,-9.833008796E-2,8.062426001E-3
2.146460050E1,-6.825460494E-2,-7.256102562E-2,6.403337233E-3
2.147460950E1,-1.025696993E-1,-6.304980814E-2,1.389640663E-2
2.148461950E1,-8.956991881E-2,-6.219474971E-2,1.870760322E-2
2.149462950E1,-2.936996147E-2,-5.832624063E-2,2.178861201E-2
2.150466950E1,6.843812764E-2,-1.342308521E-1,-2.449024003E-3
2.151467950E1,1.568047255E-1,-1.308748499E-3,1.060952060E-2
2.152468950E1,2.331697047E-1,3.614702448E-2,4.342201352E-2
2.153469850E1,3.085121214E-1,6.439784169E-2,5.649307370E-2
2.154473950E1,3.594132960E-1,4.888025671E-2,8.060605079E-2
2.155474950E1,3.954615593E-1,-1.216368824E-1,2.818997949E-2
2.156475850E1,3.377232552E-1,-4.399435967E-2,1.157830954E-1
2.157479950E1,2.808453441E-1,-1.335479468E-1,1.327628642E-1
2.158480850E1,2.059101015E-1,-1.496842951E-1,1.339077652E-1
2.159481850E1,1.529954821E-1,-2.236685157E-1,1.127137989E-1
2.160482850E1,1.346174479E-1,-1.259807646E-1,1.352205575E-1
2.161486850E1,1.756514311E-1,-1.478280127E-1,1.506107002E-1
2.162487850E1,2.346299142E-1,-1.941655874E-1,1.550728530E-1
2.163488850E1,2.480871379E-1,-2.217657864E-1,1.421549171E-1
2.164489750E1,2.327631116E-1,-2.702500522E-1,1.419753879E-1
2.165493850E1,2.196113467E-1,-3.265977502E-1,1.728294492E-1
2.166494750E1,2.389343977E-1,-3.632446527E-1,2.486506701E-1
2.167495750E1,2.865740657E-1,-3.985970616E-1,3.252466619E-1
2.168499850E1,3.419107795E-1,-4.176802039E-1,3.682578206E-1
2.169500750E1,4.070650041E-1,-4.719831347E-1,3.845046759E-1
2.170501750E1,4.683263302E-1,-5.334026217E-1,3.794184327E-1
2.171502750E1,5.194901824E-1,-5.350742936E-1,3.541751206E-1
2.172506750E1,5.536608696E-1,-5.602518916E-1,2.863250077E-1
2.173507750E1,5.436050296E-1,-4.904855490E-1,2.040759325E-1
2.174508750E1,5.256298184E-1,-4.397080243E-1,1.203369126E-1
2.175509650E1,5.174411535E-1,-3.736903667E-1,6.048769504E-2
2.176513750E1,5.290783644E-1,-2.558344305E-1,5.684245843E-3
2.177514650E1,5.672683716E-1,-1.247235388E-1,-5.096305534E-2
2.178515650E1,6.353357434E-1,2.363938466E-2,-9.906543791E-2
2.179519750E1,6.967099309E-1,1.249457672E-1,-1.330929101E-1
2.180520650E1,7.267179489E-1,2.044570148E-1,-1.357943267E-1
2.181521650E1,6.953600049E-1,2.352008224E-1,-9.556674212E-2
2.182522650E1,6.006987691E-1,1.901108623E-1,-1.381709706E-2
2.183526650E1,4.915462136E-1,9.654362500E-2,8.101673424E-2
2.184527650E1,3.963680565E-1,-2.207767591E-2,1.905726343E-1
2.185528650E1,3.309033215E-1,-1.273092926E-1,3.113882542E-1
2.186529550E1,2.773143351E-1,-2.193863392E-1,4.265015125E-1
2.187533650E1,2.553280890E-1,-3.280044198E-1,4.416383803E-1
2.188534550E1,1.921623498E-1,-3.534638882E-1,3.698312342E-1
2.189535550E1,1.369931102E-1,-3.686686754E-1,3.072131276E-1
2.190539550E1,6.860763580E-2,-3.359026313E-1,3.098793328E-1
2.191540550E1,7.259856910E-3,-2.735726833E-1,2.936886251E-1
2.192541550E1,-2.063679881E-2,-1.429828405E-1,2.888043225E-1
2.193542550E1,1.817158423E-2,-9.902549535E-2,2.598126233E-1
2.194546550E1,8.618430793E-2,-3.096304461E-2,2.671413124E-1
2.195547550E1,1.685873121E-1,-3.183203191E-2,2.757390738E-1
2.196548550E1,2.358257324E-1,-6.932579912E-3,3.143585324E-1
2.197549450E1,2.949276865E-1,-9.072601050E-2,2.700659037E-1
2.198553550E1,3.390637338E-1,-1.148224473E-1,2.371032089E-1
2.199554513E1,3.918079138E-1,-2.004473358E-1,1.721487194E-1
2.200555513E1,4.195643961E-1,-2.055025846E-1,1.438079625E-1
2.201559513E1,4.166010916E-1,-1.340547651E-1,1.691740453E-1
2.202560513E1,4.273999929E-1,-1.853922307E-1,1.304475814E-1
2.203561513E1,4.292751253E-1,-1.859669387E-1,5.426039547E-2
2.204562512E1,4.122496247E-1,-1.025799513E-1,1.964456216E-2
2.205566512E1,3.822975755E-1,-1.233048178E-2,1.626421139E-2
2.206567512E1,3.394676447E-1,8.355706185E-2,3.618954495E-2
2.207568512E1,2.845380902E-1,1.690871269E-1,6.343581527E-2
2.208569413E1,2.272000313E-1,2.094536275E-1,7.014592737E-2
2.209573513E1,1.646365225E-1,2.027174234E-1,7.542964071E-2
2.210574413E1,1.150513068E-1,1.470794678E-1,7.304894924E-2
2.211575412E1,7.179410756E-2,6.268201768E-2,6.944622099E-2
2.212579412E1,1.103434246E-2,-3.381410986E-2,5.702130869E-2
2.213580412E1,-7.821164280E-2,-1.142447665E-1,4.481790215E-2
2.214581412E1,-1.698124260E-1,-1.757357121E-1,3.031418845E-2
2.215582412E1,-2.483543754E-1,-2.291925550E-1,1.435918920E-2
2.216586413E1,-3.148004413E-1,-2.555752099E-1,-8.325193077E-3
2.217587413E1,-3.468627632E-1,-2.591486275E-1,-4.655460641E-2
2.218588413E1,-3.790931106E-1,-2.382286191E-1,-1.026370227E-1
2.219589312E1,-4.380086064E-1,-1.986580342E-1,-1.724813432E-1
2.220593412E1,-5.350546837E-1,-1.711114347E-1,-2.542248666E-1
2.221594312E1,-6.823439598E-1,-1.798993349E-1,-3.342094421E-1
2.222595312E1,-8.884348869E-1,-2.373766601E-1,-4.153862596E-1
2.223599313E1,-1.145532966E0,-3.810374141E-1,-4.860990345E-1
2.224600313E1,-1.405652523E0,-6.603913307E-1,-5.715273023E-1
2.225601313E1,-1.641623735E0,-7.486226559E-1,-6.555572152E-1
2.226602313E1,-1.886178613E0,-5.669614077E-1,-7.154145837E-1
2.227606312E1,-2.161210060E0,-1.676688790E-1,-7.002114058E-1
2.228607312E1,-2.398189068E0,2.913330197E-1,-6.361655593E-1
2.229608312E1,-2.537476778E0,7.378742695E-1,-6.302115321E-1
2.230609212E1,-2.283751965E0,1.053196311E0,-6.086236835E-1
2.231613312E1,-1.995095968E0,6.074633598E-1,-4.338643849E-1
2.232614213E1,-2.313366175E0,-3.909617066E-1,-2.052004449E-2
2.233615213E1,-2.305294991E0,-5.376768708E-1,4.713426530E-1
2.234619212E1,-1.697549701E0,-5.143990517E-1,4.096110463E-1
2.235620212E1,-8.966463208E-1,-2.121937126E-1,1.718094051E-1
2.236621212E1,-2.161375284E-1,2.149777114E-1,-2.405056544E-2
2.237622212E1,1.575255394E-1,5.868690014E-1,-1.337347180E-1
2.238626212E1,3.362414539E-1,8.970161080E-1,-1.512538642E-1
2.239627212E1,4.586408734E-1,1.013302445E0,-1.525068879E-1
2.240628113E1,5.344023108E-1,9.568514228E-1,-1.940641105E-1
2.241629113E1,5.342729092E-1,8.783707023E-1,-2.395194620E-1
2.242633213E1,4.651222527E-1,8.454400301E-1,-2.645337880E-1
2.243634112E1,3.396689892E-1,8.252117634E-1,-2.837996483E-1
2.244635112E1,1.730505228E-1,7.796150446E-1,-2.832823396E-1
2.245639112E1,4.371224437E-3,7.046526074E-1,-2.509236038E-1
2.246640113E1,-9.760043770E-2,6.393934488E-1,-2.266130894E-1
2.247641113E1,-1.166907698E-1,6.035339832E-1,-2.363200337E-1
2.248642113E1,-8.509954810E-2,6.107316017E-1,-2.656066716E-1
2.249646113E1,-3.841406479E-2,6.015906334E-1,-2.705239058E-1
2.250647113E1,1.081912871E-2,6.032889485E-1,-2.214528173E-1
2.251648012E1,7.460635900E-2,6.155093908E-1,-1.507232487E-1
2.252649012E1,1.781480312E-1,6.359331012E-1,-1.006695628E-1
2.253653112E1,2.742069364E-1,6.964305639E-1,-8.251558989E-2
2.254654013E1,3.293844461E-1,7.689689994E-1,-8.434642851E-2
2.255655013E1,3.249212503E-1,8.059898615E-1,-7.932184637E-2
2.256659013E1,2.694697082E-1,7.943167090E-1,-7.183862478E-2
2.257660013E1,1.965318620E-1,7.322528362E-1,-5.059299245E-2
2.258661012E1,1.434179693E-1,6.164112091E-1,-2.872701362E-2
2.259662012E1,1.248767823E-1,4.872388244E-1,-1.501013711E-2
2.260666012E1,1.285070181E-1,3.616355658E-1,-1.000360399E-2
2.261667012E1,1.499356031E-1,2.633915544E-1,-1.771318913E-2
2.262667913E1,1.655800641E-1,1.992332935E-1,-1.690417901E-2
2.263668913E1,1.615552306E-1,1.469786167E-1,-1.274139062E-2
2.264672913E1,1.423490345E-1,1.141629517E-1,-1.436180994E-2
2.265673912E1,9.733017534E-2,1.286116689E-1,-3.750178963E-3
2.266674912E1,5.222555250E-2,1.212415919E-1,4.047155380E-2
2.267678912E1,1.708221249E-2,1.099170297E-1,8.130340278E-2
2.268679912E1,-9.540619329E-3,1.044787467E-1,1.087455153E-1
2.269680912E1,-6.210868713E-3,8.821881562E-2,1.151067466E-1
2.270681912E1,2.573215216E-2,6.933635473E-2,1.130520701E-1
2.271685913E1,7.701531053E-2,5.326578021E-2,1.081710309E-1
2.272686913E1,1.327526420E-1,3.431131318E-2,1.103608757E-1
2.273687812E1,1.879628897E-1,1.851717010E-2,1.244444624E-1
2.274688812E1,2.060342878E-1,-5.032724701E-3,1.515767723E-1
2.275692812E1,1.957089603E-1,1.246210188E-3,1.844084859E-1
2.276693812E1,1.759320349E-1,-1.673483849E-2,2.176744044E-1
2.277694812E1,1.636719108E-1,-5.414585769E-2,2.468908876E-1
2.278698813E1,1.365995407E-1,-1.071725339E-1,2.806623876E-1
2.279699813E1,1.037230864E-1,-1.515261531E-1,3.107957840E-1
2.280700813E1,7.494734228E-2,-1.871110201E-1,3.351995647E-1
2.281701813E1,7.569356263E-2,-2.042663097E-1,3.598495126E-1
2.282705812E1,1.539848894E-1,-2.519878149E-1,3.831337392E-1
2.283706812E1,2.507090271E-1,-4.059214592E-1,3.942649662E-1
2.284707712E1,2.604775131E-1,-5.555451512E-1,4.111602306E-1
2.285708713E1,2.017412335E-1,-5.755755901E-1,4.523873031E-1
2.286712713E1,1.670554727E-1,-5.062288046E-1,4.967330396E-1
2.287713713E1,1.847468466E-1,-5.062852502E-1,5.237049460E-1
2.288714713E1,2.449281663E-1,-5.175977945E-1,5.221239328E-1
2.289718712E1,3.111878633E-1,-4.576433599E-1,5.157379508E-1
2.290719712E1,3.467266858E-1,-4.160774350E-1,4.905504286E-1
2.291720712E1,3.464294672E-1,-4.365233183E-1,4.284292758E-1
2.292721712E1,3.274451494E-1,-4.651401639E-1,3.391226530E-1
2.293725713E1,3.264877498E-1,-4.877312481E-1,2.761767209E-1
2.294726713E1,3.705468178E-1,-5.015493631E-1,2.342115492E-1
2.295727613E1,4.393091202E-1,-4.191181660E-1,2.033441812E-1
2.296728613E1,5.367490649E-1,-3.117552102E-1,1.701337695E-1
2.297732612E1,6.399319172E-1,-2.084751725E-1,1.166319326E-1
2.298733612E1,7.256274819E-1,-8.100476861E-2,3.687587753E-2
2.299736500E1,7.869286537E-1,2.344733849E-2,-3.143473715E-2
2.300740500E1,8.402686715E-1,8.079399914E-2,-7.967335731E-2
2.301741500E1,8.920421600E-1,8.173222840E-2,-8.437250555E-2
2.302742500E1,9.398739338E-1,-6.077482831E-3,-8.507198840E-2
2.303743500E1,9.584007263E-1,-1.014631242E-1,-6.573424488E-2
2.304747500E1,8.940755129E-1,-1.900628209E-1,-3.510081209E-3
2.305748500E1,7.434484363E-1,-2.188465297E-1,1.421981305E-1
2.306749400E1,5.540140867E-1,-4.165102541E-1,1.656240225E-1
2.307750400E1,3.819965422E-1,-5.052433014E-1,2.107185274E-1
2.308754400E1,2.726500332E-1,-5.485988259E-1,2.597690523E-1
2.309755400E1,1.946372539E-1,-5.102242827E-1,3.109512925E-1
2.310756400E1,1.096110642E-1,-3.473931849E-1,3.988098502E-1
2.311760400E1,5.840940028E-2,-3.018248975E-1,3.832655251E-1
2.312761400E1,3.323562816E-2,-2.844148576E-1,2.921046019E-1
2.313762400E1,2.988510579E-2,-1.966224164E-1,2.250187993E-1
2.314763400E1,6.449473649E-2,-1.438465714E-1,2.237845957E-1
2.315767400E1,1.414100230E-1,-1.494756937E-1,2.173581272E-1
2.316768400E1,2.424618155E-1,-1.528834403E-1,1.951969564E-1
2.317769300E1,3.269639015E-1,-1.499678046E-1,1.778802723E-1
2.318770300E1,3.915644586E-1,-1.449954659E-1,1.646875292E-1
2.319774300E1,4.384952188E-1,-1.319340020E-1,1.336579770E-1
2.320775300E1,4.514930546E-1,-6.023411453E-2,1.563423425E-1
2.321776300E1,4.513819814E-1,-8.587502688E-2,1.016772315E-1
2.322780300E1,4.387660921E-1,-1.210625917E-1,1.609264314E-2
2.323781300E1,3.988700509E-1,-1.093382910E-1,-1.909357309E-2
2.324782300E1,3.533395231E-1,-1.030172557E-1,-3.816712275E-2
2.325783200E1,2.904665470E-1,-1.124773324E-1,-3.868830204E-2
2.326787300E1,2.139007449E-1,-1.001436338E-1,-3.287606686E-2
2.327788300E1,1.396326423E-1,-6.220237911E-2,-2.818437666E-2
2.328789200E1,7.647202164E-2,-7.786618546E-3,-2.894681878E-2
2.329790200E1,2.224100940E-2,2.291963063E-2,-2.826584876E-2
2.330794200E1,-3.914828971E-2,3.187709302E-2,-2.979692444E-2
2.331795200E1,-1.053110659E-1,2.872018330E-2,-5.232113972E-2
2.332796200E1,-1.768142879E-1,9.808545932E-3,-9.069383144E-2
2.333800200E1,-2.494394779E-1,-6.021954119E-2,-1.554962546E-1
2.334801200E1,-3.290685117E-1,-1.909671724E-1,-2.249048948E-1
2.335802200E1,-4.082224667E-1,-3.605884016E-1,-3.023283184E-1
2.336803100E1,-4.858853221E-1,-5.382150412E-1,-3.798018992E-1
2.337807200E1,-6.134728193E-1,-7.279687524E-1,-4.553696215E-1
2.338808200E1,-8.295130134E-1,-9.249003530E-1,-5.304055810E-1
2.339809100E1,-1.105296850E0,-1.060505033E0,-5.797685981E-1
2.340810100E1,-1.417115450E0,-1.009470105E0,-6.177753806E-1
2.341814100E1,-1.722499847E0,-5.610121489E-1,-6.741372347E-1
2.342815100E1,-1.899999380E0,-3.134800792E-1,-7.474134564E-1
2.343816100E1,-1.930682421E0,-7.289490849E-2,-5.533505082E-1
2.344820100E1,-1.762824416E0,1.334307045E-1,-4.491506219E-1
2.345821100E1,-1.551194191E0,3.594113886E-1,-3.660067320E-1
2.346822100E1,-1.822517872E0,9.128098935E-2,-1.822382361E-1
2.347823000E1,-2.288877726E0,-4.197684228E-1,-1.208403781E-1
2.348827100E1,-2.252827644E0,-7.093402147E-1,1.283664256E-1
2.349828000E1,-1.663427472E0,-6.351863146E-1,3.224672079E-1
2.350829000E1,-8.541169167E-1,-3.491561711E-1,2.417113632E-1
2.351830000E1,-2.439760566E-1,1.673197001E-1,1.433469802E-1
2.352834000E1,1.896773651E-2,5.212291479E-1,8.747500926E-2
2.353835000E1,1.170943081E-1,6.972015500E-1,8.621469140E-3
2.354836000E1,2.274671495E-1,7.605412006E-1,-5.510270596E-2
2.355840000E1,3.877756000E-1,7.250058651E-1,-8.482491225E-2
2.356841000E1,5.127873421E-1,6.129282713E-1,-1.371451169E-1
2.357842000E1,5.571691990E-1,5.330845714E-1,-2.445349544E-1
2.358842900E1,5.272423625E-1,5.091680288E-1,-3.204491436E-1
2.359847000E1,4.815042317E-1,4.906363785E-1,-3.380643427E-1
2.360847900E1,4.688494205E-1,4.497855902E-1,-3.331775069E-1
2.361848900E1,4.837178588E-1,4.289087951E-1,-3.236132860E-1
2.362849900E1,4.904433787E-1,3.968290389E-1,-3.363652825E-1
2.363853900E1,4.333119392E-1,3.549010158E-1,-3.250865042E-1
2.364854900E1,3.205339909E-1,2.832432985E-1,-2.866968513E-1
2.365855900E1,2.093003988E-1,1.978812665E-1,-2.268936932E-1
2.366859900E1,7.878927141E-2,2.458131015E-1,-1.048255712E-1
2.367860900E1,2.379525825E-2,2.904098630E-1,1.243870705E-3
2.368861900E1,5.034404621E-2,3.788590431E-1,4.741695896E-2
2.369862800E1,1.005363762E-1,5.043602586E-1,9.572243690E-2
2.370866900E1,1.552077979E-1,6.561208367E-1,1.350775510E-1
2.371867800E1,2.086268216E-1,6.711263657E-1,1.486548781E-1
2.372868800E1,2.228148729E-1,6.320855021E-1,1.380132288E-1
2.373869800E1,2.484187782E-1,4.606689811E-1,1.267230213E-1
2.374873800E1,2.622094452E-1,3.202172518E-1,1.261428297E-1
2.375874800E1,2.703677714E-1,1.467498541E-1,1.193943769E-1
2.376875800E1,2.486203760E-1,2.359117381E-2,1.155610234E-1
2.377879800E1,2.030180097E-1,-4.400943965E-2,1.238296032E-1
2.378880800E1,1.569148898E-1,-7.792868465E-2,1.286311001E-1
2.379881800E1,1.123008206E-1,-7.312434167E-2,1.310841441E-1
2.380882700E1,7.303708047E-2,-3.078799509E-2,1.342961639E-1
2.381886800E1,4.045649990E-2,2.318415791E-2,1.322814822E-1
2.382887700E1,8.604306728E-3,1.105928719E-1,1.361599416E-1
2.383888700E1,-1.174916793E-2,1.822952926E-1,1.438724548E-1
2.384889700E1,-2.050031349E-2,2.281794548E-1,1.527815312E-1
2.385893700E1,-2.298424207E-2,2.587722540E-1,1.754873693E-1
2.386894700E1,-1.314172149E-2,2.493769974E-1,1.765936911E-1
2.387895700E1,1.283557038E-3,2.249361128E-1,1.679818332E-1
2.388899700E1,1.380223967E-2,1.565685421E-1,1.579198986E-1
2.389900700E1,1.442515384E-2,7.259482145E-2,1.628459394E-1
2.390901700E1,-5.427342374E-3,3.401599824E-3,1.749659777E-1
2.391902600E1,-2.336399816E-2,-2.978937700E-2,1.807703376E-1
2.392906700E1,-2.746398374E-2,-1.971009187E-2,1.851565093E-1
2.393907600E1,-7.416772190E-3,-1.561981626E-3,1.875853240E-1
2.394908600E1,4.679352045E-3,4.408668354E-2,2.046162188E-1
2.395909600E1,-3.084934689E-2,8.780726790E-2,2.394836545E-1
2.396913600E1,-4.859638214E-2,1.022254080E-1,2.752604187E-1
2.397914600E1,-2.841601521E-2,-9.493663907E-3,2.920822799E-1
2.398915600E1,-3.834646195E-2,-1.288908124E-1,3.074817061E-1
2.399920592E1,-1.137954146E-1,-1.804765016E-1,2.992592156E-1
2.400921592E1,-1.517914832E-1,-1.587905884E-1,3.056430519E-1
2.401922592E1,-1.251502931E-1,-1.908590496E-1,3.251869082E-1
2.402923492E1,-8.661331236E-2,-2.315283269E-1,3.196832240E-1
2.403927592E1,-4.341018200E-2,-1.844098121E-1,3.012184799E-1
2.404928492E1,3.360122815E-2,-1.063712388E-1,2.502396107E-1
2.405929492E1,1.295871437E-1,-5.454079807E-2,1.562550515E-1
2.406930492E1,2.115390301E-1,-2.594956383E-2,5.412967876E-2
2.407934492E1,2.973431647E-1,-3.740595281E-2,-5.183377117E-2
2.408935492E1,3.806025982E-1,-5.062116310E-2,-1.033041254E-1
2.409936492E1,4.596723914E-1,-8.665560186E-2,-1.194601953E-1
2.410940492E1,5.401329398E-1,-9.781008959E-2,-9.890147299E-2
2.411941492E1,6.197851300E-1,-5.005881190E-2,-7.870779186E-2
2.412942492E1,6.757820845E-1,2.258148603E-2,-6.192316487E-2
2.413943392E1,7.330637574E-1,8.635673672E-2,-6.720181555E-2
2.414947492E1,7.810783982E-1,1.651956439E-1,-1.180388331E-1
2.415948392E1,8.232482672E-1,2.080552280E-1,-1.712282896E-1
2.416949392E1,8.589475751E-1,2.146760225E-1,-1.796716005E-1
2.417950392E1,8.460496068E-1,1.592601538E-1,-1.430086643E-1
2.418954392E1,7.666603327E-1,8.757148683E-2,-1.272580177E-1
2.419955392E1,5.901963711E-1,1.757945567E-1,-5.220348015E-2
2.420956392E1,4.181380272E-1,-1.297066920E-2,5.304891989E-2
2.421960392E1,2.563821375E-1,-1.631385982E-1,1.108730733E-1
2.422961392E1,1.086291745E-1,-1.994097233E-1,1.892306060E-1
2.423962292E1,-2.620650455E-3,-1.765605956E-1,2.420855761E-1
2.424963292E1,-6.601399183E-2,-1.502346396E-1,2.760642469E-1
2.425967392E1,-1.297005564E-1,-5.455550551E-2,3.432890773E-1
2.426968292E1,-1.355991960E-1,-1.030575484E-1,2.672837377E-1
2.427969292E1,-1.288603395E-1,-3.063577227E-3,2.094593495E-1
2.428970292E1,-1.083974242E-1,6.134699285E-2,1.991787553E-1
2.429974292E1,-6.867530942E-2,1.033200100E-1,1.815507561E-1
2.430975292E1,-5.626297090E-3,1.251731217E-1,1.517476290E-1
2.431976292E1,9.517701715E-2,1.281675696E-1,1.240230575E-1
2.432980292E1,2.159265876E-1,1.038539708E-1,1.028319746E-1
2.433981292E1,3.227070868E-1,7.108244300E-2,7.841424644E-2
2.434982192E1,4.021262527E-1,3.789886087E-2,6.083372608E-2
2.435983192E1,4.371731877E-1,2.231190912E-2,3.914307803E-2
2.436987292E1,4.246459901E-1,1.890872046E-2,2.765306458E-2
2.437988192E1,3.845116198E-1,3.639050946E-2,2.856013551E-2
2.438989192E1,3.488439023E-1,7.918459177E-2,3.685992956E-2
2.439990192E1,3.085819483E-1,1.100652814E-1,5.678969249E-2
2.440994192E1,2.691738605E-1,1.447277218E-1,6.835169345E-2
2.441995192E1,2.235712111E-1,1.796345711E-1,6.086688489E-2
2.442996192E1,1.716837883E-1,1.899991482E-1,5.719321221E-2
2.444000192E1,1.204184666E-1,1.393476874E-1,5.472392589E-2
2.445001192E1,7.116037607E-2,6.081795692E-2,4.436311126E-2
2.446002092E1,-3.543954575E-3,4.592770711E-4,2.350416780E-2
2.447003092E1,-8.708418906E-2,-4.342903197E-2,9.679482318E-4
2.448007092E1,-1.798452884E-1,-8.175511658E-2,-2.406549826E-2
2.449008092E1,-2.578663230E-1,-1.370945573E-1,-4.509998858E-2
2.450009092E1,-3.025403321E-1,-2.168205380E-1,-7.264932990E-2
2.451010092E1,-3.183224201E-1,-3.005885482E-1,-1.200888976E-1
2.452014092E1,-3.372345865E-1,-3.656229377E-1,-1.977591813E-1
2.453015092E1,-3.561477959E-1,-4.092876911E-1,-2.850215435E-1
2.454016092E1,-3.782637417E-1,-4.367267489E-1,-3.854357600E-1
2.455016992E1,-4.281080365E-1,-4.646302760E-1,-4.700353146E-1
2.456021092E1,-5.389640331E-1,-5.245575309E-1,-5.361238122E-1
2.457021992E1,-6.850890517E-1,-6.000613570E-1,-5.641700029E-1
2.458022992E1,-8.899402022E-1,-5.537348986E-1,-6.138856411E-1
2.459026992E1,-1.093625784E0,-3.813790679E-1,-7.013388872E-1
2.460027992E1,-1.273599029E0,-1.462232769E-1,-6.984248757E-1
2.461028992E1,-1.444948912E0,4.424694926E-2,-5.980100036E-1
2.462029992E1,-1.603252888E0,1.398048848E-1,-4.453419447E-1
2.463033992E1,-1.773500323E0,1.265650541E-1,-2.250798792E-1
2.464034992E1,-1.920969129E0,-2.912547253E-2,6.722122431E-2
2.465035992E1,-2.008542538E0,-2.869551778E-1,3.218311369E-1
2.466036892E1,-1.978224397E0,-4.570334256E-1,4.084491134E-1
2.467040992E1,-1.729295611E0,-3.964256048E-1,3.042623401E-1
2.468041892E1,-1.319495797E0,-1.820531189E-1,1.256667525E-1
2.469042892E1,-8.440607190E-1,-1.015014946E-3,-2.695069835E-2
2.470046892E1,-4.009855986E-1,9.512589872E-2,-1.464494020E-1
2.471047892E1,-7.213455439E-2,2.429196090E-1,-2.324515581E-1
2.472048892E1,1.154513210E-1,3.906283975E-1,-2.800353169E-1
2.473049892E1,2.109630108E-1,4.582899511E-1,-3.455982506E-1
2.474053892E1,2.542092800E-1,5.235709548E-1,-3.862588406E-1
2.475054892E1,2.398529798E-1,5.270098448E-1,-3.865996003E-1
2.476055892E1,2.031953782E-1,4.808902740E-1,-3.110403717E-1
2.477056792E1,1.597197652E-1,3.834086359E-1,-2.670076489E-1
2.478060892E1,1.424209327E-1,2.886440456E-1,-2.307415307E-1
2.479061792E1,1.572108269E-1,2.390933484E-1,-2.028902918E-1
2.480062792E1,2.009085119E-1,2.220280617E-1,-1.758440286E-1
2.481066792E1,2.333718687E-1,2.234423757E-1,-1.648291796E-1
2.482067792E1,2.336546928E-1,2.288579196E-1,-1.599050015E-1
2.483068792E1,2.165837884E-1,2.308032960E-1,-1.570657194E-1
2.484069792E1,1.794489473E-1,2.271065712E-1,-1.413932890E-1
2.485073792E1,1.612244248E-1,1.684920043E-1,-1.672780514E-1
2.486074792E1,1.214447841E-1,2.314581871E-1,-1.345312893E-1
2.487075792E1,8.283325285E-2,2.374937981E-1,-9.213325381E-2
2.488076692E1,4.888433963E-2,2.737287879E-1,-1.097356826E-1
2.489080792E1,3.991236538E-2,2.721443474E-1,-8.787621558E-2
2.490081692E1,2.127396688E-2,2.864692211E-1,-9.423691034E-2
2.491082692E1,1.444107015E-2,2.574852109E-1,-6.549616903E-2
2.492086692E1,1.739797741E-2,1.845383197E-1,-4.423322156E-2
2.493087692E1,3.984979168E-2,4.374049231E-2,-3.515330330E-2
2.494088692E1,7.395795733E-2,-1.132837459E-1,-3.257962689E-2
2.495089692E1,1.104341149E-1,-2.306740582E-1,-4.252285510E-2
2.496093692E1,1.244109198E-1,-2.510043681E-1,-2.133980207E-2
2.497094692E1,1.409929544E-1,-2.640606761E-1,-2.357688174E-2
2.498095592E1,1.589881927E-1,-2.037068009E-1,-2.547731437E-2
2.499096592E1,1.704711467E-1,-1.354042590E-1,-2.339265682E-2
2.500099525E1,1.637112498E-1,-5.175117403E-2,-1.930390485E-2
2.501100425E1,1.355712712E-1,4.050770774E-2,6.139901932E-3
2.502101425E1,9.855120629E-2,1.086992770E-1,3.130464256E-2
2.503105425E1,7.009986788E-2,1.003675908E-1,1.824961044E-2
2.504106425E1,3.988550603E-2,6.492864341E-2,-6.150537636E-3
2.505107425E1,3.909676336E-3,8.447291330E-3,-7.510515396E-3
2.506108425E1,-2.615581453E-2,-4.464974999E-2,2.105212770E-4
2.507112425E1,-4.296201095E-2,-6.920311600E-2,2.179568633E-2
2.508113425E1,-3.094662726E-2,-6.442353874E-2,5.499918014E-2
2.509114325E1,9.292989969E-3,-3.739183396E-2,9.022615850E-2
2.510115325E1,9.578820318E-2,-3.176191449E-2,9.418362379E-2
2.511119425E1,1.622501761E-1,3.063503280E-2,1.459759623E-1
2.512120325E1,2.413609773E-1,-7.584523875E-3,1.819901466E-1
2.513121325E1,2.910868824E-1,-5.081860721E-2,2.182005793E-1
2.514125325E1,2.959668636E-1,-5.577528477E-2,2.690648139E-1
2.515126325E1,3.122682571E-1,-4.157868028E-2,3.166198432E-1
2.516127325E1,3.424900770E-1,-6.251937896E-2,3.443968892E-1
2.517128325E1,3.582120538E-1,-2.272641659E-2,3.633546531E-1
2.518132325E1,3.717819452E-1,-2.757256851E-2,3.632566631E-1
2.519133325E1,3.690404594E-1,7.523661852E-2,3.773207664E-1
2.520134225E1,3.705850840E-1,9.018228203E-2,3.863645792E-1
2.521135225E1,3.964391351E-1,3.824290261E-2,3.944223225E-1
2.522139225E1,4.322653115E-1,-7.201063633E-2,4.149603546E-1
2.523140225E1,4.346548617E-1,-1.888131499E-1,4.337834120E-1
2.524141225E1,3.706226349E-1,-2.705802023E-1,4.323759377E-1
2.525145225E1,2.683321834E-1,-3.325894475E-1,4.092103839E-1
2.526146225E1,1.734381616E-1,-3.639923632E-1,3.468921483E-1
2.527147225E1,9.103465080E-2,-3.960598409E-1,2.836232185E-1
2.528148225E1,6.096569449E-2,-4.352951050E-1,2.414006591E-1
2.529152225E1,8.402085304E-2,-4.363963306E-1,2.033957541E-1
2.530153225E1,1.286682189E-1,-4.302761257E-1,1.816070974E-1
2.531154125E1,1.872011423E-1,-4.020665586E-1,1.880754828E-1
2.532155125E1,2.253037989E-1,-3.655362725E-1,1.855601221E-1
2.533159125E1,2.442671061E-1,-3.397400379E-1,1.574845910E-1
2.534160125E1,2.642658651E-1,-3.414476514E-1,1.493963003E-1
2.535161125E1,3.064247966E-1,-2.959699035E-1,1.372845918E-1
2.536165125E1,3.803421557E-1,-2.286806107E-1,1.131941825E-1
2.537166125E1,4.593647718E-1,-1.439971924E-1,7.174385339E-2
2.538167125E1,5.297284126E-1,-2.614644542E-2,2.376380749E-2
2.539168125E1,5.954658985E-1,8.369721472E-2,-2.307990938E-2
2.540172125E1,6.478417516E-1,1.609722972E-1,-4.785263166E-2
2.541173125E1,6.876910329E-1,2.260559350E-1,-5.740552023E-2
2.542174025E1,7.131739855E-1,2.415379435E-1,-4.569000751E-2
2.543175025E1,7.212089300E-1,2.144011855E-1,-3.679110110E-2
2.544179025E1,7.149505019E-1,1.570841074E-1,-1.197949424E-2
2.545180025E1,6.737207770E-1,1.206071898E-1,9.721620008E-3
2.546181025E1,6.249303818E-1,3.379132599E-2,2.496502362E-2
2.547185025E1,5.717957020E-1,-9.793331474E-2,3.007163480E-2
2.548186025E1,4.797312617E-1,-2.264697254E-1,3.211800754E-2
2.549187025E1,3.631554246E-1,-2.406057119E-1,8.147198707E-2
2.550188025E1,2.292903215E-1,-1.605995595E-1,1.804931164E-1
2.551192025E1,1.017049551E-1,-1.976391226E-1,2.390329540E-1
2.552193025E1,-1.158538554E-2,-1.675619185E-1,2.918314338E-1
2.553193925E1,-1.043124497E-1,-1.121311337E-1,2.984624803E-1
2.554194925E1,-1.072073057E-1,-1.148680598E-1,2.938032746E-1
2.555198925E1,-2.324315906E-2,-1.686271578E-1,3.058250546E-1
2.556199925E1,6.296256185E-2,-1.133093163E-1,3.494899869E-1
2.557200925E1,1.675077081E-1,-1.786393523E-1,3.287213743E-1
2.558201925E1,2.727691531E-1,-2.003076226E-1,2.580762208E-1
2.559205925E1,3.642646074E-1,-1.864807457E-1,2.154466510E-1
2.560206925E1,4.437293410E-1,-1.387736797E-1,1.987872422E-1
2.561207925E1,4.769922793E-1,-1.612491608E-1,1.980977654E-1
2.562211925E1,4.774777889E-1,-2.048507035E-1,1.187901571E-1
2.563212925E1,4.398810565E-1,-1.631543934E-1,9.134298563E-2
2.564213825E1,4.006047547E-1,-1.273151785E-1,8.406935632E-2
2.565214825E1,3.769458234E-1,-1.034539789E-1,8.276841789E-2
2.566218825E1,3.638845980E-1,-8.615861088E-2,7.730787247E-2
2.567219825E1,3.746283650E-1,-8.900942653E-2,8.668670803E-2
2.568220825E1,3.965168893E-1,-7.764465362E-2,8.298944682E-2
2.569221825E1,4.122792482E-1,-4.969574511E-2,8.350823075E-2
2.570225825E1,4.273365140E-1,-2.296719700E-2,7.782291621E-2
2.571226825E1,4.357014298E-1,-1.560489926E-2,8.172106743E-2
2.572227825E1,4.371009171E-1,-2.983523533E-2,7.944380492E-2
2.573231825E1,4.288834929E-1,-8.259670436E-2,6.795611978E-2
2.574232825E1,4.101175368E-1,-1.538687646E-1,4.732381180E-2
2.575233725E1,3.661276996E-1,-2.204983830E-1,1.845483668E-2
2.576234725E1,2.978466451E-1,-2.950290740E-1,-2.077086456E-2
2.577238725E1,2.092544883E-1,-3.502198160E-1,-6.814659387E-2
2.578239725E1,9.607119858E-2,-4.029408395E-1,-1.261856556E-1
2.579240725E1,-1.044160966E-2,-4.278880060E-1,-1.871566772E-1
2.580241725E1,-1.092664599E-1,-4.216935039E-1,-2.427562922E-1
2.581245725E1,-2.013837993E-1,-3.811200857E-1,-2.905276418E-1
2.582246725E1,-2.738622427E-1,-2.885970771E-1,-3.359721005E-1
2.583247625E1,-3.275984526E-1,-1.912378073E-1,-3.801228702E-1
2.584251725E1,-3.555515409E-1,-1.689647287E-1,-4.183184505E-1
2.585252725E1,-3.948153555E-1,-1.729665250E-1,-4.374560118E-1
2.586253625E1,-4.772348702E-1,-2.602577507E-1,-4.550030529E-1
2.587254625E1,-6.161411405E-1,-3.833037615E-1,-4.727140069E-1
2.588258625E1,-8.135612607E-1,-4.370753765E-1,-4.929924011E-1
2.589259625E1,-1.026887894E0,-4.125567675E-1,-5.130216479E-1
2.590260625E1,-1.217923045E0,-3.200462759E-1,-5.013822913E-1
2.591261625E1,-1.347421408E0,-2.268236428E-1,-4.612649679E-1
2.592265625E1,-1.383916378E0,-2.026892751E-1,-4.353564084E-1
2.593266625E1,-1.402476668E0,-1.940872669E-1,-3.758296967E-1
2.594267525E1,-1.442135215E0,-1.693068296E-1,-2.354874909E-1
2.595271625E1,-1.469844699E0,-1.754121482E-1,-4.848331213E-2
2.596272625E1,-1.499519229E0,-1.856163144E-1,1.412623823E-1
2.597273525E1,-1.541757464E0,-2.161310762E-1,1.689582318E-1
2.598274525E1,-1.509213686E0,-1.252211481E-1,2.532863431E-2
2.599278525E1,-1.343166590E0,6.234396622E-2,-1.006699577E-1
2.600282600E1,-1.055776596E0,2.171098441E-1,-1.610030681E-1
2.601283600E1,-7.345896363E-1,3.491403162E-1,-1.879271269E-1
2.602284600E1,-4.468398988E-1,5.159322023E-1,-1.880046278E-1
2.603288600E1,-2.097297460E-1,6.476926208E-1,-1.678183675E-1
2.604289600E1,-2.419743501E-2,6.647546887E-1,-1.685360819E-1
2.605290500E1,1.256218851E-1,6.378522515E-1,-2.130929530E-1
2.606294600E1,2.085319459E-1,6.672346592E-1,-2.096851617E-1
2.607295500E1,2.386493385E-1,6.574081182E-1,-2.177934647E-1
2.608296500E1,2.252890617E-1,6.635848284E-1,-2.157633454E-1
2.609297500E1,1.702567637E-1,6.157366037E-1,-2.369520813E-1
2.610301500E1,9.184557945E-2,5.704252720E-1,-2.608723342E-1
2.611302500E1,5.983386654E-3,5.392138362E-1,-2.921850085E-1
2.612303500E1,-7.121925056E-2,5.364649296E-1,-3.349449933E-1
2.613304500E1,-1.308312118E-1,5.417433381E-1,-3.723374903E-1
2.614308500E1,-1.635103226E-1,5.088292956E-1,-4.039689004E-1
2.615309500E1,-2.013631612E-1,5.400016308E-1,-3.725260198E-1
2.616310400E1,-2.414730340E-1,5.384455323E-1,-3.225978911E-1
2.617314500E1,-2.660558820E-1,5.340819359E-1,-2.943159044E-1
2.618315400E1,-3.088313043E-1,6.359430552E-1,-2.166940719E-1
2.619316400E1,-3.058736324E-1,6.655720472E-1,-1.604721248E-1
2.620317400E1,-2.792851627E-1,7.618266940E-1,-8.126944304E-2
2.621321400E1,-2.337868810E-1,7.336541414E-1,-2.172218822E-2
2.622322400E1,-1.755531430E-1,6.570408940E-1,1.763480529E-2
2.623323400E1,-1.174636334E-1,5.395427942E-1,3.563344851E-2
2.624324400E1,-8.005234599E-2,4.408169985E-1,8.980613947E-2
2.625328400E1,-4.363558441E-2,2.974776626E-1,1.341002136E-1
2.626329400E1,-1.000544988E-2,1.856600493E-1,1.666983664E-1
2.627330300E1,8.977679536E-3,1.261746287E-1,1.800681651E-1
2.628334400E1,3.873104602E-2,8.519550413E-2,1.539217830E-1
2.629335300E1,6.852229685E-2,1.344810128E-1,1.521556973E-1
2.630336300E1,8.825658262E-2,1.819553226E-1,1.284490377E-1
2.631337300E1,9.227862209E-2,2.536668181E-1,1.110541448E-1
2.632341300E1,5.449022725E-2,3.409071863E-1,1.308374256E-1
2.633342300E1,1.719518937E-2,3.829289079E-1,1.359506249E-1
2.634343300E1,-2.798507176E-2,4.065665901E-1,1.388441473E-1
2.635344300E1,-7.262032479E-2,4.145001471E-1,1.534249932E-1
2.636348300E1,-1.039353684E-1,3.657264709E-1,1.683621258E-1
2.637349300E1,-1.129603907E-1,2.925510705E-1,1.726056188E-1
2.638350200E1,-8.645953983E-2,1.978895366E-1,1.202784926E-1
2.639354300E1,-5.035179108E-2,1.972764879E-1,1.297204196E-1
2.640355200E1,1.840839745E-3,2.591225505E-1,1.716311127E-1
2.641356200E1,5.279808491E-2,2.879550159E-1,1.913417727E-1
2.642357200E1,8.317569643E-2,3.399468362E-1,1.989693344E-1
2.643361200E1,8.955518156E-2,3.806982338E-1,2.001738995E-1
2.644362200E1,8.355641365E-2,3.969302177E-1,2.038341612E-1
2.645363200E1,7.102782279E-2,3.874693215E-1,2.066722363E-1
2.646364200E1,5.537402257E-2,3.673944175E-1,2.112361044E-1
2.647368200E1,5.935825780E-2,3.313555121E-1,2.098146826E-1
2.648369200E1,7.355450094E-2,3.049063385E-1,2.153639048E-1
2.649370100E1,8.260849118E-2,2.684755921E-1,2.311268300E-1
2.650371100E1,1.129775867E-1,2.449974120E-1,2.585121095E-1
2.651375100E1,1.602113694E-1,2.398575544E-1,2.975285947E-1
2.652376100E1,2.080076486E-1,2.086011171E-1,3.325076103E-1
2.653377100E1,2.460962534E-1,1.315049380E-1,3.678596914E-1
2.654381100E1,2.569350600E-1,3.194026276E-2,3.964223564E-1
2.655382100E1,2.235944867E-1,-7.452110946E-2,4.259754419E-1
2.656383100E1,1.883845627E-1,-1.492251754E-1,4.250643551E-1
2.657384000E1,1.565533280E-1,-2.198951691E-1,3.963989615E-1
2.658388100E1,1.242060438E-1,-2.625129521E-1,3.543574810E-1
2.659389100E1,1.156609356E-1,-2.612151504E-1,2.965600789E-1
2.660390000E1,1.094664261E-1,-2.139206231E-1,2.293360382E-1
2.661391000E1,1.243901253E-1,-1.776950061E-1,1.695797741E-1
2.662395000E1,1.595489234E-1,-1.493983865E-1,1.109012812E-1
2.663396000E1,1.882607043E-1,-1.340226233E-1,5.788835883E-2
2.664397000E1,2.382575572E-1,-1.763493121E-1,-1.408889797E-2
2.665401000E1,2.766393721E-1,-1.834527552E-1,-7.392805070E-2
2.666402000E1,3.060760796E-1,-1.518277228E-1,-1.118389443E-1
2.667403000E1,3.385862410E-1,-1.306417286E-1,-1.299477071E-1
2.668403900E1,3.662370443E-1,-1.085867584E-1,-1.357803047E-1
2.669408000E1,3.745416701E-1,-7.277976722E-2,-1.537102759E-1
2.670409000E1,3.578156829E-1,-6.200461835E-2,-1.700615436E-1
2.671409900E1,3.224189878E-1,-1.004366875E-1,-1.879825294E-1
2.672410900E1,2.755369544E-1,-9.949685633E-2,-1.792255193E-1
2.673414900E1,2.350751907E-1,-9.838574380E-2,-1.347482204E-1
2.674415900E1,2.092936635E-1,-1.127199456E-1,-6.654679030E-2
2.675416900E1,2.063068449E-1,-8.918884397E-2,7.594602183E-3
2.676420900E1,2.252323329E-1,-1.328324527E-1,3.843214363E-2
2.677421900E1,2.286800295E-1,-5.911844224E-2,1.203188151E-1
2.678422900E1,2.157357335E-1,-1.192401052E-1,1.831486523E-1
2.679423800E1,2.130761147E-1,-2.220750004E-1,1.807755530E-1
2.680427900E1,1.975245923E-1,-2.665029168E-1,1.981308460E-1
2.681428800E1,1.837118715E-1,-2.522890270E-1,2.791727781E-1
2.682429800E1,2.000013590E-1,-3.532135189E-1,3.256982267E-1
2.683430800E1,2.499994934E-1,-4.238381982E-1,3.094885051E-1
2.684434800E1,3.156450689E-1,-4.502386451E-1,3.023397923E-1
2.685435800E1,3.967835307E-1,-4.683230817E-1,2.817605734E-1
2.686436800E1,4.931572080E-1,-5.264859796E-1,2.431207448E-1
2.687440800E1,5.841097832E-1,-5.175415277E-1,2.064986825E-1
2.688441800E1,6.530179977E-1,-5.113837719E-1,1.927522570E-1
2.689442800E1,6.845285892E-1,-5.051167607E-1,1.695658416E-1
2.690443700E1,6.771609783E-1,-4.953978062E-1,1.609901935E-1
2.691447800E1,6.338650584E-1,-4.598131180E-1,1.571204662E-1
2.692448700E1,5.813126564E-1,-4.419582188E-1,1.511017233E-1
2.693449700E1,5.288099051E-1,-4.367973804E-1,1.364598870E-1
2.694450700E1,4.964346588E-1,-4.540543854E-1,1.284211427E-1
2.695454700E1,4.773533344E-1,-4.629828930E-1,1.207453981E-1
2.696455700E1,4.620593190E-1,-4.657797515E-1,1.224705800E-1
2.697456700E1,4.613835812E-1,-4.849026203E-1,1.379829198E-1
2.698460700E1,4.616879523E-1,-4.895026982E-1,1.544567049E-1
2.699461700E1,4.838262796E-1,-4.870058596E-1,1.724903733E-1
2.700461729E1,4.969156981E-1,-4.783295393E-1,1.846823245E-1
2.701462629E1,4.399819672E-1,-3.531580865E-1,1.790408343E-1
2.702466729E1,3.756189644E-1,-3.198475540E-1,1.810674965E-1
2.703467629E1,2.957325578E-1,-2.868036330E-1,1.797540784E-1
2.704468629E1,1.965093166E-1,-2.803369462E-1,1.692961007E-1
2.705469629E1,8.510281146E-2,-2.925688326E-1,1.400038451E-1
2.706473629E1,-3.686224669E-2,-3.126677275E-1,8.982641995E-2
2.707474629E1,-1.514667869E-1,-3.150812387E-1,1.363201626E-2
2.708475629E1,-2.427231967E-1,-3.396528959E-1,-7.490237802E-2
2.709479629E1,-3.187014461E-1,-3.778078258E-1,-1.688925624E-1
2.710480629E1,-3.893814683E-1,-3.821927309E-1,-2.502111197E-1
2.711481629E1,-4.574993551E-1,-3.820758164E-1,-3.322760165E-1
2.712482529E1,-5.263596177E-1,-4.120422602E-1,-4.170545638E-1
2.713486629E1,-6.637127399E-1,-5.072002411E-1,-4.861597717E-1
2.714487529E1,-8.681811690E-1,-7.256076336E-1,-5.519286990E-1
2.715488529E1,-1.091017485E0,-8.453912735E-1,-6.251656413E-1
2.716489529E1,-1.316259384E0,-7.217769623E-1,-6.949055195E-1
2.717493529E1,-1.448593020E0,-5.012996793E-1,-6.642326713E-1
2.718494529E1,-1.514896154E0,-1.374807358E-1,-4.790183306E-1
2.719495529E1,-1.500240207E0,8.756632358E-2,-2.603075802E-1
2.720499529E1,-1.449101329E0,-1.212356240E-1,-9.661783464E-3
2.721500529E1,-1.483037591E0,-6.087607145E-1,1.712462306E-1
2.722501529E1,-1.605893731E0,-8.156688213E-1,1.481153518E-1
2.723502429E1,-1.561766386E0,-5.984743834E-1,5.619967356E-3
2.724506529E1,-1.256736636E0,-2.596486211E-1,-1.255367249E-1
2.725507429E1,-8.501026630E-1,2.081917226E-2,-1.938713342E-1
2.726508429E1,-5.038874745E-1,1.883266866E-1,-1.667454392E-1
2.727509429E1,-2.827760875E-1,2.250484675E-1,-9.676761925E-2
2.728513429E1,-1.236346513E-1,2.506971061E-1,-3.502941504E-2
2.729514429E1,1.693179831E-2,2.335904092E-1,-4.524301738E-2
2.730515429E1,1.300615519E-1,2.507235706E-1,-5.263595283E-2
2.731519429E1,2.043177187E-1,2.132555395E-1,-5.594832078E-2
2.732520429E1,2.415167540E-1,1.398122162E-1,-7.542215288E-2
2.733521429E1,2.683688104E-1,6.764431298E-2,-1.450881213E-1
2.734522329E1,2.822510898E-1,7.146087475E-3,-1.996935904E-1
2.735526429E1,2.820828855E-1,-8.290819824E-4,-2.446278781E-1
2.736527329E1,2.462734878E-1,6.470545381E-2,-2.419969440E-1
2.737528329E1,1.930872649E-1,1.197592840E-1,-2.452414930E-1
2.738529329E1,1.064184159E-1,1.747386307E-1,-2.524322867E-1
2.739533329E1,-5.859165103E-4,1.811646223E-1,-2.382897735E-1
2.740534329E1,-1.269363910E-1,2.111691236E-1,-2.278296798E-1
2.741535329E1,-2.268514335E-1,2.201312482E-1,-1.937585473E-1
2.742536229E1,-2.575627267E-1,2.482782006E-1,-1.761965901E-1
2.743540329E1,-2.173331976E-1,2.205002010E-1,-2.047261894E-1
2.744541329E1,-1.486992687E-1,2.719529867E-1,-2.049488276E-1
2.745542229E1,-8.915791661E-2,3.185013235E-1,-1.795095205E-1
2.746546329E1,-3.014333174E-2,3.424247503E-1,-1.583776027E-1
2.747547229E1,1.586227491E-2,3.809036911E-1,-1.410731524E-1
2.748548229E1,6.248144433E-2,3.770836592E-1,-1.215252727E-1
2.749549229E1,9.158789366E-2,3.595278561E-1,-9.759227931E-2
2.750553229E1,9.933263063E-2,3.134319782E-1,-8.003246039E-2
2.751554229E1,8.673115075E-2,2.285498381E-1,-5.038501322E-2
2.752555229E1,6.593479216E-2,1.440125704E-1,-2.045933902E-2
2.753556129E1,5.199148506E-2,6.782010943E-2,-1.672565751E-2
2.754560229E1,5.275820941E-2,3.587043285E-2,-6.436801981E-3
2.755561129E1,6.978503615E-2,1.353376918E-2,1.408408396E-2
2.756562129E1,9.343683720E-2,1.763823442E-2,3.396191821E-2
2.757566229E1,1.249186769E-1,2.406609431E-2,5.894337967E-2
2.758567129E1,1.610231698E-1,1.180330385E-2,5.970317498E-2
2.759568129E1,1.546753347E-1,1.095496565E-1,9.762073308E-2
2.760569129E1,1.384998262E-1,1.315926313E-1,1.246901676E-1
2.761573129E1,1.225913465E-1,1.254466623E-1,1.311647445E-1
2.762574129E1,1.159773916E-1,1.157751232E-1,1.235624850E-1
2.763575129E1,1.189563796E-1,9.308405221E-2,1.136217639E-1
2.764576029E1,1.221005097E-1,5.199306831E-2,9.935041517E-2
2.765580129E1,1.307576001E-1,5.369294435E-3,8.225864172E-2
2.766581029E1,1.463245749E-1,-3.300658986E-2,8.181469142E-2
2.767582029E1,1.691126376E-1,-5.653494596E-2,7.881005853E-2
2.768586129E1,1.684396565E-1,-3.824808076E-2,8.227882534E-2
2.769587029E1,1.458740085E-1,1.285062078E-2,9.461521357E-2
2.770588029E1,1.177611500E-1,5.113808438E-2,1.160786897E-1
2.771589029E1,9.540778399E-2,1.117331535E-1,1.523460597E-1
2.772593029E1,8.011511713E-2,1.651095599E-1,2.164233178E-1
2.773594029E1,6.884570420E-2,2.146775573E-1,2.899380028E-1
2.774595029E1,8.536475897E-2,2.184163779E-1,3.440089822E-1
2.775595929E1,1.387965381E-1,1.241829097E-1,3.765735924E-1
2.776600029E1,1.719363928E-1,-4.236319661E-2,3.813744783E-1
2.777600929E1,1.278381050E-1,-1.950102299E-1,3.665001094E-1
2.778601929E1,4.366464168E-2,-3.561275005E-1,3.488484025E-1
2.779605929E1,-1.822446589E-3,-4.609153867E-1,3.038023412E-1
2.780606929E1,9.220616892E-3,-4.133713245E-1,2.460743040E-1
2.781607929E1,8.333143778E-4,-3.568230867E-1,2.239174098E-1
2.782608929E1,-2.685477212E-2,-2.579002678E-1,2.027961463E-1
2.783612929E1,1.762249321E-2,-1.469410360E-1,1.907899231E-1
2.784613929E1,1.418147534E-1,-1.364021152E-1,1.594498456E-1
2.785614929E1,2.622327805E-1,-1.644587666E-1,1.183463708E-1
2.786615829E1,3.446307182E-1,-2.263421118E-1,7.704339921E-2
2.787619929E1,3.971075416E-1,-3.075854778E-1,4.232592136E-2
2.788620829E1,4.272359014E-1,-3.521987498E-1,2.476530336E-2
2.789621829E1,4.560594559E-1,-3.361320496E-1,2.074324712E-2
2.790625829E1,4.846937656E-1,-2.609584630E-1,1.172072347E-2
2.791626829E1,5.150561333E-1,-9.335844219E-2,-9.848772548E-3
2.792627829E1,5.442475677E-1,7.508223504E-2,-2.489669621E-2
2.793628829E1,5.863746405E-1,1.705950052E-1,-5.309199169E-2
2.794632829E1,6.449916363E-1,2.778807282E-1,-8.168928325E-2
2.795633829E1,7.028722167E-1,3.520513475E-1,-1.010944024E-1
2.796634829E1,7.342562675E-1,3.914773166E-1,-1.269747317E-1
2.797635729E1,7.172353268E-1,3.511115909E-1,-1.744364947E-1
2.798639829E1,6.505801678E-1,3.113695085E-1,-1.865522712E-1
2.799640729E1,5.145580769E-1,2.495019436E-1,-1.100510433E-1
2.800644150E1,3.746622503E-1,2.094448060E-1,1.757030189E-2
2.801648150E1,2.738507092E-1,5.876445025E-2,9.146053344E-2
2.802649150E1,1.846952736E-1,-3.643263876E-2,1.524914056E-1
2.803650150E1,1.130914614E-1,-1.136642918E-1,1.898918897E-1
2.804651150E1,5.654483289E-2,-5.009063706E-2,2.559087276E-1
2.805655150E1,3.210338205E-2,-5.228959769E-2,3.119623661E-1
2.806656150E1,6.053635478E-2,-6.653697789E-2,3.018082678E-1
2.807657150E1,1.220649406E-1,-7.467265427E-2,2.530803680E-1
2.808658050E1,2.035850883E-1,-2.715306729E-2,2.144490778E-1
2.809662150E1,2.756868005E-1,1.194013469E-2,1.879898310E-1
2.810663050E1,3.382961154E-1,6.865641475E-2,1.766469032E-1
2.811664050E1,4.334537983E-1,1.257557422E-1,2.269593924E-1
2.812665050E1,5.213689804E-1,8.185432851E-2,2.795536220E-1
2.813669050E1,6.028329134E-1,-3.488805890E-2,2.344931215E-1
2.814670050E1,6.481932402E-1,-5.374164507E-2,2.173660547E-1
2.815671050E1,6.717671752E-1,-9.767939895E-2,2.161560953E-1
2.816675050E1,6.815558672E-1,-1.308434755E-1,2.186328322E-1
2.817676050E1,6.689398289E-1,-9.141184390E-2,2.528674006E-1
2.818677050E1,6.651051641E-1,-1.552384943E-1,2.194652408E-1
2.819677950E1,6.495044827E-1,-1.080420464E-1,2.079400122E-1
2.820682050E1,6.287502050E-1,-6.256909668E-2,1.956180930E-1
2.821682950E1,5.960542560E-1,-1.093875710E-2,1.723702997E-1
2.822683950E1,5.458871722E-1,1.689154282E-2,1.546195298E-1
2.823684950E1,4.578940868E-1,2.256673202E-2,1.342330575E-1
2.824688950E1,3.328389823E-1,4.854933172E-2,1.121445373E-1
2.825689950E1,2.001890838E-1,7.705551386E-2,8.767651767E-2
2.826690950E1,9.972985089E-2,5.510094762E-2,6.801306456E-2
2.827694950E1,1.355922967E-2,-4.223249853E-3,4.781402647E-2
2.828695950E1,-6.810500473E-2,-6.963421404E-2,3.090721369E-2
2.829696850E1,-1.410964280E-1,-9.919289500E-2,-2.774351742E-3
2.830697850E1,-1.834582537E-1,-1.283971071E-1,-6.055961922E-2
2.831701950E1,-2.028878629E-1,-1.787963808E-1,-1.426416785E-1
2.832702850E1,-2.182316631E-1,-1.987360120E-1,-2.403453290E-1
2.833703850E1,-2.334426343E-1,-2.190660685E-1,-3.384284973E-1
2.834704850E1,-2.907032669E-1,-2.589399815E-1,-4.201750159E-1
2.835708850E1,-4.502891898E-1,-3.501574695E-1,-4.914377928E-1
2.836709850E1,-6.822563410E-1,-5.806263685E-1,-5.729172230E-1
2.837710850E1,-9.853226542E-1,-6.457442045E-1,-6.759076715E-1
2.838714850E1,-1.290503025E0,-4.788719118E-1,-7.596723437E-1
2.839715850E1,-1.528060555E0,-1.586650163E-1,-6.685083508E-1
2.840716750E1,-1.706224799E0,1.898146719E-1,-3.855970800E-1
2.841717750E1,-1.775515199E0,2.453552634E-1,-6.156244129E-2
2.842721850E1,-1.753699064E0,7.296991348E-2,2.292707264E-1
2.843722750E1,-1.721566677E0,-1.588813663E-1,4.347235560E-1
2.844723750E1,-1.748629451E0,-3.331468999E-1,4.763460755E-1
2.845724750E1,-1.881717205E0,-3.015896976E-1,3.193840981E-1
2.846728750E1,-1.939835548E0,-4.424020648E-2,7.443772256E-2
2.847729750E1,-1.794587374E0,2.071769834E-1,-1.033029631E-1
2.848730750E1,-1.465344548E0,3.593423069E-1,-1.675719619E-1
2.849734750E1,-1.033343434E0,4.704701006E-1,-1.636434942E-1
2.850735750E1,-5.983682275E-1,6.270985603E-1,-1.166845113E-1
2.851736650E1,-2.069164217E-1,7.173168063E-1,-6.976613402E-2
2.852737650E1,8.791602403E-2,6.886311173E-1,-3.677995503E-2
2.853741650E1,2.702354491E-1,5.256009102E-1,-3.416476771E-2
2.854742650E1,3.806245625E-1,3.105429113E-1,-5.791456997E-2
2.855743650E1,4.537350535E-1,1.638274342E-1,-1.392032504E-1
2.856744650E1,5.034895539E-1,1.244267672E-1,-1.815834641E-1
2.857748650E1,5.287704468E-1,1.164295301E-1,-2.105165273E-1
2.858749650E1,5.033985376E-1,1.615743637E-1,-2.423010916E-1
2.859750650E1,4.221436083E-1,2.307799011E-1,-2.991400957E-1
2.860754650E1,3.123252392E-1,2.744552195E-1,-3.627446294E-1
2.861755650E1,1.833194196E-1,2.664363682E-1,-4.403500557E-1
2.862756550E1,5.642564222E-2,1.930844188E-1,-5.100436211E-1
2.863757550E1,-6.478955597E-2,1.795673072E-1,-5.316042304E-1
2.864761550E1,-1.407053620E-1,1.876614541E-1,-5.295578837E-1
2.865762550E1,-1.685381830E-1,2.475589663E-1,-4.974640012E-1
2.866763550E1,-1.545075923E-1,3.595893383E-1,-4.181492031E-1
2.867764550E1,-1.029953286E-1,4.666536450E-1,-3.501439989E-1
2.868768550E1,-3.549031913E-2,5.256658196E-1,-3.343503773E-1
2.869769550E1,8.249894716E-3,5.722094774E-1,-2.538830340E-1
2.870770550E1,5.809255317E-2,4.925396442E-1,-1.908034235E-1
2.871774550E1,9.289211035E-2,3.706243932E-1,-1.214607880E-1
2.872775550E1,1.204973683E-1,1.917870194E-1,-4.817831889E-2
2.873776450E1,1.386801898E-1,1.104808506E-2,1.732092816E-3
2.874777450E1,1.605143845E-1,-1.120525450E-1,4.676641524E-2
2.875781450E1,1.936343312E-1,-1.560457498E-1,7.647537440E-2
2.876782450E1,2.313271165E-1,-1.358347535E-1,9.977722913E-2
2.877783450E1,2.595352232E-1,-5.558827892E-2,1.422577202E-1
2.878784450E1,2.720795274E-1,-1.262243651E-2,1.509992927E-1
2.879788450E1,2.578077912E-1,3.830901161E-2,1.435125321E-1
2.880789450E1,2.212777436E-1,6.316775829E-2,1.270368844E-1
2.881790450E1,1.743564010E-1,7.111169398E-2,1.000940427E-1
2.882791350E1,1.266322881E-1,9.234987199E-2,6.973427534E-2
2.883795450E1,1.013818532E-1,7.163804024E-2,4.340766743E-2
2.884796350E1,1.340013146E-1,7.909435779E-2,3.439446539E-2
2.885797350E1,1.603202075E-1,7.460682839E-2,4.047359154E-2
2.886801350E1,1.829964966E-1,6.873216480E-2,5.708639324E-2
2.887802350E1,1.946782023E-1,5.779180676E-2,7.079926133E-2
2.888803350E1,1.855816394E-1,5.134642869E-2,9.380578250E-2
2.889804350E1,1.623112410E-1,4.504545033E-2,1.143849120E-1
2.890808350E1,1.163373590E-1,3.938569874E-2,1.436650306E-1
2.891809350E1,6.357310712E-2,1.744069718E-2,1.422894150E-1
2.892810350E1,2.783827856E-2,7.872296870E-2,1.624207795E-1
2.893811250E1,2.042986453E-2,8.603445441E-2,1.959424466E-1
2.894815350E1,3.452064842E-2,1.015042290E-1,2.316019088E-1
2.895816250E1,4.289053753E-2,1.443507522E-1,2.530950904E-1
2.896817250E1,6.695299596E-2,1.767728776E-1,2.818819880E-1
2.897821250E1,1.133268178E-1,1.211367324E-1,3.376663625E-1
2.898822250E1,1.404817402E-1,1.302278042E-2,3.898105323E-1
2.899825162E1,1.305519193E-1,-1.409590840E-1,4.221695364E-1
2.900826162E1,1.055344418E-1,-2.949284017E-1,4.216664433E-1
2.901830163E1,7.193223387E-2,-4.564027488E-1,3.902938366E-1
2.902831163E1,6.178399920E-2,-5.545465946E-1,3.435651958E-1
2.903832163E1,9.538479894E-2,-6.320483088E-1,3.044787645E-1
2.904833062E1,1.439651251E-1,-5.967856646E-1,2.605184913E-1
2.905837162E1,2.232003361E-1,-5.017353892E-1,2.079810053E-1
2.906838062E1,2.966934741E-1,-3.586762547E-1,1.544954032E-1
2.907839062E1,3.449290693E-1,-1.951995194E-1,1.228471175E-1
2.908843063E1,3.858309388E-1,-1.538624614E-1,9.185031801E-2
2.909844063E1,3.987109661E-1,-2.118853927E-1,4.519834369E-2
2.910845063E1,3.707091510E-1,-2.836565077E-1,-3.622991731E-3
2.911846063E1,3.412080407E-1,-3.561489880E-1,-2.394170873E-2
2.912850062E1,3.407822251E-1,-4.009308517E-1,-2.260826528E-2
2.913851062E1,3.907613158E-1,-3.738484681E-1,-1.447711326E-2
2.914851962E1,4.732095897E-1,-3.088942170E-1,-1.635916904E-2
2.915852963E1,5.571569800E-1,-1.761577129E-1,-3.048400953E-2
2.916857062E1,6.263256669E-1,-5.060511827E-2,-5.349531770E-2
2.917857963E1,6.824309826E-1,7.109305263E-2,-6.523902714E-2
2.918858963E1,7.175871134E-1,1.780695617E-1,-4.107910022E-2
2.919862962E1,7.534351945E-1,2.731728256E-1,-1.441669837E-2
2.920863962E1,7.766595483E-1,3.372620642E-1,-1.231253520E-2
2.921864962E1,7.645065784E-1,3.853672445E-1,-1.727248542E-2
2.922865962E1,6.831837296E-1,4.279780984E-1,5.128953233E-2
2.923869963E1,5.790771842E-1,2.530658245E-1,3.801006079E-2
2.924870963E1,4.214747548E-1,1.606091559E-1,2.618349530E-2
2.925871863E1,2.463341504E-1,1.467936933E-1,5.090222880E-2
2.926872863E1,6.210706010E-2,5.941937864E-2,1.194671765E-1
2.927876963E1,-4.858658463E-2,8.775478229E-3,1.253533810E-1
2.928877862E1,-1.140382886E-1,1.124872267E-1,2.341030389E-1
2.929878862E1,-1.262964606E-1,9.112381190E-2,3.038577139E-1
2.930882863E1,-1.234559417E-1,1.137883738E-1,3.112067282E-1
2.931883863E1,-1.278851032E-1,1.704706103E-1,2.840056419E-1
2.932884863E1,-1.276549995E-1,2.199239135E-1,2.451493293E-1
2.933885863E1,-9.307589382E-2,2.131865174E-1,1.882261336E-1
2.934889863E1,-1.833454520E-2,2.315404862E-1,1.675693244E-1
2.935890862E1,8.142484725E-2,2.589757740E-1,1.996822804E-1
2.936891762E1,1.999546885E-1,1.415082812E-1,1.474502385E-1
2.937892762E1,3.160726726E-1,6.950961798E-2,9.498009831E-2
2.938896763E1,3.994240165E-1,1.806720346E-2,8.004909009E-2
2.939897763E1,4.498129487E-1,-2.567686141E-2,6.371599436E-2
2.940898763E1,4.771849215E-1,-6.508259475E-2,6.191010028E-2
2.941902763E1,4.905655086E-1,-9.058105946E-2,6.767272204E-2
2.942903762E1,4.952452183E-1,-9.920650721E-2,7.601507753E-2
2.943904762E1,4.971933067E-1,-8.021826297E-2,7.657153159E-2
2.944905762E1,5.034607649E-1,-5.080231279E-2,7.586872578E-2
2.945909762E1,5.101320148E-1,-7.744594943E-3,7.490348071E-2
2.946910762E1,5.046070218E-1,3.182944655E-2,7.151167840E-2
2.947911663E1,4.867112637E-1,5.517720431E-2,6.920400262E-2
2.948912663E1,4.488203526E-1,4.778080434E-2,7.340939343E-2
2.949916662E1,4.060356617E-1,9.114555083E-3,7.926867157E-2
2.950917662E1,3.706561029E-1,-4.081545398E-2,8.026415855E-2
2.951918662E1,3.434928954E-1,-1.060577929E-1,7.583071291E-2
2.952919662E1,3.112792969E-1,-1.936654001E-1,6.364248693E-2
2.953923662E1,2.522555590E-1,-2.874710858E-1,5.603449792E-2
2.954924662E1,1.709327251E-1,-3.665086329E-1,3.345168754E-2
2.955925663E1,1.027506441E-1,-4.156439006E-1,-1.471241750E-2
2.956929663E1,3.945928812E-2,-4.215891659E-1,-6.310445070E-2
2.957930663E1,-2.382010408E-2,-4.046940207E-1,-1.052444801E-1
2.958931562E1,-8.801427484E-2,-3.791979849E-1,-1.390253454E-1
2.959932562E1,-1.559745371E-1,-3.542318046E-1,-1.850473136E-1
2.960936562E1,-2.265139520E-1,-3.098185360E-1,-2.493964881E-1
2.961937562E1,-2.971467674E-1,-2.606728971E-1,-2.935833335E-1
2.962938563E1,-3.743067980E-1,-2.391047478E-1,-3.302356005E-1
2.963939563E1,-4.499967098E-1,-2.546465099E-1,-3.596604764E-1
2.964943563E1,-5.382642746E-1,-3.590799570E-1,-3.783058226E-1
2.965944563E1,-6.763327718E-1,-4.746538103E-1,-4.488776326E-1
2.966945563E1,-8.852939606E-1,-3.501427770E-1,-5.641514659E-1
2.967949562E1,-1.142441869E0,-6.058794260E-2,-6.260604262E-1
2.968950562E1,-1.411263466E0,2.651691139E-1,-5.028647780E-1
2.969951463E1,-1.593367457E0,3.686081171E-1,-1.411149800E-1
2.970952463E1,-1.658659101E0,1.071426943E-1,2.735181451E-1
2.971956463E1,-1.652344704E0,-2.001118213E-1,4.624279141E-1
2.972957463E1,-1.600416541E0,-3.142865896E-1,3.997272551E-1
2.973958463E1,-1.463493466E0,-1.410424411E-1,2.516654432E-1
2.974959462E1,-1.327673674E0,1.272452027E-1,1.481339633E-1
2.975963462E1,-1.184652090E0,2.630983889E-1,9.212532640E-2
2.976964462E1,-1.025627494E0,2.072620243E-1,-1.854819432E-2
2.977965462E1,-8.555785418E-1,1.022133380E-1,-1.387550384E-1
2.978969463E1,-6.760300398E-1,5.052297562E-2,-1.936297417E-1
2.979970463E1,-4.991601110E-1,1.112123132E-1,-2.173970491E-1
2.980971362E1,-2.814546824E-1,2.884746790E-1,-2.404552251E-1
2.981972362E1,-3.258937970E-2,4.548020363E-1,-2.430659980E-1
2.982976362E1,2.019746602E-1,5.896906257E-1,-2.363007665E-1
2.983977362E1,3.736277819E-1,6.656857133E-1,-1.800363511E-1
2.984978362E1,4.602856934E-1,6.192069054E-1,-1.372523904E-1
2.985979362E1,4.520419240E-1,5.810181499E-1,-1.722444445E-1
2.986983363E1,3.959125876E-1,5.373047590E-1,-2.049597800E-1
2.987984363E1,3.921100199E-1,4.477819800E-1,-3.143902421E-1
2.988985262E1,4.311594069E-1,3.808447421E-1,-3.954568803E-1
2.989989362E1,3.399225473E-1,2.782396674E-1,-3.457534015E-1
2.990990362E1,2.545969784E-1,1.900006384E-1,-4.147151709E-1
2.991991262E1,1.389364749E-1,1.410594583E-1,-4.612823725E-1
2.992992262E1,2.758663148E-3,1.492116600E-1,-5.022900105E-1
2.993996263E1,-1.241611540E-1,1.837237477E-1,-5.129293203E-1
2.994997263E1,-2.573815286E-1,2.673392594E-1,-4.414058924E-1
2.995998263E1,-2.980490327E-1,2.985368669E-1,-3.894685805E-1
2.996999263E1,-3.045940399E-1,3.888803422E-1,-3.414637744E-1
2.998003262E1,-3.604497313E-1,3.771218359E-1,-2.952670753E-1
2.999004262E1,-3.652183712E-1,4.180002809E-1,-2.329587042E-1
3.000004342E1,-3.292111456E-1,4.017094970E-1,-1.590955853E-1
3.001008442E1,-2.806278765E-1,3.796843588E-1,-1.346506923E-1
3.002009442E1,-2.123001665E-1,3.481051326E-2,-1.493615210E-1
3.003010342E1,-4.943934456E-2,1.807863712E-1,-1.937471032E-1
3.004011342E1,-3.094144724E-2,4.278144240E-1,-1.935390085E-1
3.005015342E1,-2.120652795E-2,5.509728193E-1,-9.714669734E-2
3.006016342E1,2.793210186E-2,4.383894503E-1,-8.664490283E-2
3.007017342E1,4.866534099E-2,4.564936161E-1,-1.004153118E-1
3.008018342E1,6.488275528E-2,5.450788140E-1,-5.968008190E-2
3.009022342E1,1.957093179E-2,8.058789968E-1,-4.164626356E-3
3.010023342E1,3.013707139E-2,7.773095965E-1,-3.820942715E-2
3.011024242E1,6.273016334E-2,7.320475578E-1,8.883480728E-2
3.012025242E1,-4.177507386E-2,8.191527724E-1,7.001315057E-2
3.013029242E1,-1.408497244E-1,8.995581269E-1,5.288556218E-2
3.014030242E1,-2.149349004E-1,9.315771461E-1,7.131774724E-2
3.015031242E1,-2.546556890E-1,9.136279821E-1,7.112679631E-2
3.016035242E1,-3.718151748E-1,1.000236511E0,-9.849807248E-3
3.017036242E1,-4.720251262E-1,1.014917135E0,-4.871118441E-2
3.018037242E1,-4.193013906E-1,8.309285641E-1,-2.456656285E-2
3.019038242E1,-2.824857533E-1,7.028446198E-1,2.076629736E-2
3.020042242E1,-1.690742522E-1,6.801062822E-1,1.057181135E-2
3.021043242E1,-1.117292047E-1,7.275515795E-1,2.550655045E-2
3.022044142E1,-9.189584851E-2,7.711507082E-1,4.653886706E-2
3.023045142E1,-1.930020191E-2,1.047593474E0,7.278937846E-2
3.024049142E1,1.278645475E-3,1.043516636E0,6.474563479E-2
3.025050142E1,-4.204113409E-2,1.093821645E0,7.529068738E-2
3.026051142E1,-1.653481126E-1,1.223796725E0,8.825104684E-2
3.027055142E1,-3.067694306E-1,1.288511753E0,9.345859289E-2
3.028056142E1,-4.137208164E-1,1.339766979E0,1.021350473E-1
3.029057142E1,-4.320284426E-1,1.238761425E0,1.172703207E-1
3.030058142E1,-4.289841652E-1,1.152982831E0,1.387522966E-1
3.031062142E1,-4.283263683E-1,1.106567144E0,1.853616089E-1
3.032063142E1,-4.147338867E-1,9.826835394E-1,2.135496438E-1
3.033064042E1,-3.876274228E-1,9.334334135E-1,2.216437906E-1
3.034065042E1,-3.415462077E-1,8.989204764E-1,2.358645350E-1
3.035069042E1,-3.167609572E-1,8.557937741E-1,2.275972813E-1
3.036070042E1,-3.012934625E-1,8.658707142E-1,2.010783404E-1
3.037071042E1,-2.696708143E-1,9.051611423E-1,1.547036469E-1
3.038075042E1,-1.853331476E-1,8.766183257E-1,1.187898591E-1
3.039076042E1,-6.163810939E-2,8.307014108E-1,1.110102311E-1
3.040077042E1,6.419982016E-2,7.760668993E-1,7.159581780E-2
3.041078042E1,1.842231601E-1,7.468509674E-1,2.818309329E-2
3.042082042E1,3.194718957E-1,8.902904987E-1,4.905045964E-3
3.043083042E1,4.423770308E-1,1.030307889E0,-4.562390596E-2
3.044083942E1,5.111358762E-1,1.165417910E0,-6.913982332E-2
3.045084942E1,4.837415814E-1,1.287262917E0,-5.907387659E-2
3.046088942E1,3.591930270E-1,1.358383775E0,-4.945077747E-2
3.047089942E1,1.670193374E-1,1.376250148E0,-4.346079379E-2
3.048090942E1,-2.425803244E-2,1.269570470E0,-1.122961566E-2
3.049094942E1,-1.898997277E-1,1.149511218E0,2.535768785E-2
3.050095942E1,-3.088987768E-1,1.040314913E0,5.976565927E-2
3.051096942E1,-3.646408916E-1,9.589172006E-1,8.756932616E-2
3.052097942E1,-3.600350618E-1,8.774771690E-1,9.867227823E-2
3.053101942E1,-3.130640686E-1,8.156803250E-1,1.073770896E-1
3.054102942E1,-2.341238260E-1,7.870617509E-1,1.294156909E-1
3.055103842E1,-1.470626891E-1,8.036735058E-1,1.679295301E-1
3.056104842E1,-5.640598759E-2,9.028884172E-1,2.012590170E-1
3.057108842E1,3.743528575E-2,1.011216283E0,2.097595632E-1
3.058109842E1,1.356941313E-1,1.058255553E0,2.061974406E-1
3.059110842E1,2.237299830E-1,1.061710954E0,2.413032353E-1
3.060114842E1,2.461048812E-1,1.128617167E0,1.057689860E-1
3.061115842E1,2.161453813E-1,1.015133739E0,8.989981376E-3
3.062116842E1,1.495610327E-1,8.710948825E-1,-5.620995164E-2
3.063117742E1,6.485839188E-2,8.084839582E-1,-7.389413565E-2
3.064121842E1,-3.214248456E-3,7.420932651E-1,-9.448196739E-2
3.065122842E1,-6.620067358E-2,6.766653061E-1,-1.195609495E-1
3.066123742E1,-1.318275034E-1,6.878190637E-1,-1.383160055E-1
3.067124742E1,-2.020489424E-1,7.646927834E-1,-1.530805677E-1
3.068128742E1,-2.543569207E-1,8.150116801E-1,-1.641371399E-1
3.069129742E1,-2.740217149E-1,8.319166303E-1,-1.722922772E-1
3.070130742E1,-2.633296251E-1,8.357398510E-1,-1.830162406E-1
3.071131742E1,-2.470459938E-1,8.168550730E-1,-1.884227246E-1
3.072135742E1,-2.281612009E-1,7.958594561E-1,-1.968622208E-1
3.073136742E1,-2.087621987E-1,7.655382752E-1,-2.038737983E-1
3.074137642E1,-1.723077297E-1,7.070887685E-1,-1.903117895E-1
3.075141742E1,-1.100326329E-1,5.822927952E-1,-1.773911864E-1
3.076142742E1,-5.267392099E-2,4.425699413E-1,-1.559315324E-1
3.077143642E1,-1.425516047E-2,3.072648346E-1,-1.235565469E-1
3.078144642E1,2.966817468E-2,1.788633764E-1,-8.096893877E-2
3.079148642E1,6.142903492E-2,9.089304507E-2,-5.088320374E-2
3.080149642E1,7.410101593E-2,4.400291294E-2,-2.861434780E-2
3.081150642E1,7.926568389E-2,4.907676578E-2,5.834971555E-3
3.082151642E1,6.881637871E-2,9.400866181E-2,3.220592812E-2
3.083155642E1,5.911209062E-2,1.556200981E-1,6.410474330E-2
3.084156642E1,4.814850166E-2,2.130571902E-1,9.868480265E-2
3.085157542E1,3.554482386E-2,2.448183000E-1,1.248506233E-1
3.086161642E1,1.466142200E-2,2.262395322E-1,1.260211170E-1
3.087162542E1,5.168050993E-3,1.844417602E-1,1.393659562E-1
3.088163542E1,5.058662966E-3,1.455789506E-1,1.327949762E-1
3.089164542E1,1.453339122E-2,1.687860042E-1,1.252917945E-1
3.090168542E1,5.076653510E-2,1.508288234E-1,9.781379998E-2
3.091169542E1,1.053030118E-1,1.359350979E-1,6.440977007E-2
3.092170542E1,1.676074862E-1,1.175727844E-1,1.772729494E-2
3.093171542E1,2.175966203E-1,8.193090558E-2,-2.352853119E-2
3.094175542E1,2.503499091E-1,7.398468256E-2,-6.540444493E-2
3.095176542E1,2.713207006E-1,9.286116809E-2,-1.090603098E-1
3.096177442E1,2.701069415E-1,1.335089058E-1,-1.407704651E-1
3.097181542E1,2.550528944E-1,1.589074731E-1,-1.536884010E-1
3.098182442E1,2.227644324E-1,1.716213971E-1,-1.526321769E-1
3.099183442E1,1.785823256E-1,1.785219163E-1,-1.395075917E-1
3.100185475E1,1.217095032E-1,1.683827043E-1,-1.170486286E-1
3.101189475E1,6.900501251E-2,1.683494151E-1,-7.573235035E-2
3.102190475E1,2.093281038E-2,1.469048709E-1,-3.292869776E-2
3.103191475E1,-1.809794642E-2,1.022207662E-1,6.957199890E-3
3.104192475E1,-4.756744951E-2,5.311020464E-2,2.941379324E-2
3.105196475E1,-7.245841622E-2,-2.473639324E-2,4.061531648E-2
3.106197475E1,-8.437415957E-2,-9.634191543E-2,4.717870429E-2
3.107198375E1,-9.477620572E-2,-1.206222177E-1,4.570677504E-2
3.108202475E1,-9.670334309E-2,-1.181419343E-1,4.259534925E-2
3.109203375E1,-8.077497780E-2,-1.031019986E-1,3.886505589E-2
3.110204375E1,-6.246156991E-2,-8.164456487E-2,3.552752733E-2
3.111205375E1,-3.882841021E-2,-5.505822599E-2,2.573455125E-2
3.112209375E1,-1.384375151E-2,-3.436619416E-2,9.716529399E-3
3.113210375E1,4.992786329E-3,-2.073879912E-2,2.370998263E-3
3.114211375E1,2.387214825E-2,-3.642760962E-2,-3.133177757E-3
3.115212375E1,4.042901844E-2,-4.226685688E-2,5.081621930E-4
3.116216375E1,4.008261114E-2,-4.933798313E-2,-3.601523815E-3
3.117217375E1,2.428340539E-2,-6.115922332E-2,-5.882521160E-3
3.118218275E1,-6.329985335E-3,-6.286941469E-2,-1.248082053E-2
3.119222375E1,-4.663772509E-2,-4.586006701E-2,-1.712990180E-2
3.120223275E1,-7.532432675E-2,-4.609193653E-2,-2.867912687E-2
3.121224275E1,-9.953299165E-2,1.490803249E-2,-2.796167135E-2
3.122225275E1,-1.138605326E-1,3.915558010E-2,-2.085129730E-2
3.123229275E1,-1.176177189E-1,3.230699897E-2,-2.030002326E-2
3.124230275E1,-1.059374064E-1,2.183096483E-2,-9.597605094E-3
3.125231275E1,-7.612225413E-2,1.480714232E-2,-2.908810042E-3
3.126232275E1,-3.294913098E-2,-8.200500160E-3,-6.855349056E-3
3.127236275E1,-2.374444623E-3,-1.129562594E-2,-1.889044046E-2
3.128237275E1,2.245163731E-2,-5.622944795E-3,-2.695108205E-2
3.129238175E1,3.846602514E-2,7.893662900E-3,-2.847627364E-2
3.130239175E1,5.259653926E-2,1.299969386E-2,-2.608153224E-2
3.131243175E1,7.130044699E-2,2.553785592E-2,-3.191305697E-2
3.132244175E1,8.125738055E-2,8.001032285E-3,-3.776034340E-2
3.133245175E1,8.200413734E-2,-6.697486155E-3,-3.525564075E-2
3.134249175E1,6.950507313E-2,-7.573350798E-3,-2.516947687E-2
3.135250175E1,4.667672887E-2,-1.391700096E-2,-2.111588046E-2
3.136251175E1,7.768831681E-3,-9.324206039E-3,-9.763306007E-3
3.137252175E1,-2.875189483E-2,4.078418016E-3,-3.511626273E-4
3.138256175E1,-6.062036008E-2,1.360030193E-2,2.984078601E-3
3.139257175E1,-8.015038818E-2,1.845524460E-2,4.050740972E-4
3.140258075E1,-9.114763886E-2,2.320713922E-2,3.961682320E-3
3.141259075E1,-8.042362332E-2,8.511016145E-3,-1.194730401E-3
3.142263075E1,-6.424166262E-2,-7.852056995E-3,-3.636144800E-3
3.143264075E1,-4.069399461E-2,-2.359187230E-2,4.050536547E-3
3.144265075E1,-8.582687937E-3,-4.540419579E-2,-1.221822575E-3
3.145269075E1,1.340277214E-2,-8.285889030E-2,4.652901553E-4
3.146270075E1,2.510556020E-2,-1.107923165E-1,5.225217901E-4
3.147271075E1,2.472446300E-2,-1.233363375E-1,-2.035976853E-3
3.148271975E1,1.327557862E-2,-9.904435277E-2,-5.294033326E-4
3.149276075E1,-1.374203945E-3,-9.673725814E-2,-7.821372710E-4
3.150277075E1,-1.186221652E-2,-7.632099092E-2,8.338931948E-4
3.151277975E1,-2.565286495E-2,-3.666572273E-2,-2.056435216E-3
3.152278975E1,-4.337686300E-2,2.066586912E-2,-1.746327803E-2
3.153282975E1,-7.695639133E-2,9.065081924E-2,-3.251919150E-2
3.154283975E1,-1.046174094E-1,1.330457628E-1,-4.133510590E-2
3.155284975E1,-9.220734239E-2,1.126715168E-1,-6.459009647E-2
3.156288975E1,-6.827700138E-2,7.395932078E-2,-7.851244509E-2
3.157289975E1,-4.761007056E-2,4.672450572E-2,-7.873135060E-2
3.158290975E1,-2.612002939E-2,3.569028527E-2,-8.892983943E-2
3.159291875E1,-1.084174216E-2,3.603063896E-2,-1.165787801E-1
3.160295975E1,-1.912800595E-2,9.183701873E-2,-1.429083943E-1
3.161296975E1,-1.991736703E-2,9.959374368E-2,-1.667639166E-1
3.162297875E1,2.543488983E-3,5.704278871E-2,-1.582243890E-1
3.163298875E1,5.439976230E-2,-4.263640195E-2,-1.539353728E-1
3.164302875E1,8.652045578E-2,-2.371894568E-2,-1.209755242E-1
3.165303875E1,9.697256237E-2,1.472245343E-2,-1.022894531E-1
3.166304875E1,8.733050525E-2,1.378564164E-2,-4.651705921E-2
3.167308875E1,5.005530268E-2,1.249254793E-1,-3.192240372E-2
3.168309875E1,2.572048828E-2,1.407213956E-1,7.637574337E-3
3.169310875E1,6.958290469E-4,1.621454656E-1,2.527222782E-2
3.170311775E1,-7.063332014E-3,8.067252487E-2,5.609989539E-2
3.171315875E1,-3.858450428E-2,9.167137742E-2,7.379846275E-2
3.172316775E1,-1.160048917E-1,1.587283313E-1,8.354727179E-2
3.173317775E1,-2.410008907E-1,3.281615674E-1,7.531490922E-2
3.174318775E1,-3.393810093E-1,3.629706502E-1,6.904584169E-2
3.175322775E1,-3.237905800E-1,2.909787595E-1,1.109243035E-1
3.176323775E1,-1.810143739E-1,1.101917922E-1,2.112808526E-1
3.177324775E1,-3.491762280E-2,-1.184728146E-1,3.495308757E-1
3.178328775E1,1.250984222E-1,-3.456569314E-1,4.518797398E-1
3.179329775E1,2.703248858E-1,-4.596703351E-1,4.674903750E-1
3.180330775E1,3.399717510E-1,-4.684842229E-1,4.237269759E-1
3.181331675E1,2.834144831E-1,-3.526391387E-1,3.828724921E-1
3.182335775E1,1.450723857E-1,-1.924277395E-1,3.404683471E-1
3.183336675E1,-1.550902613E-2,1.908371598E-2,2.443181276E-1
3.184337675E1,-1.956783831E-1,7.485121489E-2,3.071237803E-1
3.185338675E1,-2.898216546E-1,2.888345905E-2,3.540052474E-1
3.186342675E1,-3.219469786E-1,4.524050280E-2,3.459050953E-1
3.187343675E1,-3.562910855E-1,-1.003766805E-2,3.645901084E-1
3.188344675E1,-3.485451341E-1,-1.107476726E-1,3.606862128E-1
3.189345675E1,-3.246637583E-1,-2.594287694E-1,3.984645009E-1
3.190349675E1,-3.245480657E-1,-3.685678840E-1,5.168693662E-1
3.191350675E1,-3.236961365E-1,-3.871538341E-1,5.855458975E-1
3.192351575E1,-3.555456400E-1,-2.600331903E-1,5.892321467E-1
3.193355675E1,-3.949761391E-1,-8.836370707E-2,6.379472017E-1
3.194356575E1,-4.195729196E-1,-1.871482730E-1,6.282587647E-1
3.195357575E1,-3.912445903E-1,-3.173507154E-1,5.024467707E-1
3.196358575E1,-3.228104711E-1,-3.002486825E-1,3.575392962E-1
3.197362575E1,-3.137746453E-1,-6.378047913E-2,2.718241215E-1
3.198363575E1,-3.426871002E-1,4.514214396E-2,1.609869152E-1
3.199364575E1,-3.781479001E-1,1.674257070E-1,5.462266132E-2
3.200367700E1,-4.324829578E-1,1.976426542E-1,1.437169779E-2
3.201371700E1,-5.665837526E-1,1.500676721E-1,3.867657855E-3
3.202372700E1,-6.321634650E-1,4.721385613E-2,2.187906764E-2
3.203373600E1,-6.288363338E-1,-5.943103693E-3,5.519894511E-2
3.204377700E1,-3.963704407E-1,9.666516632E-2,1.074113548E-1
3.205378600E1,-1.655545533E-1,1.966785640E-2,1.864627600E-1
3.206379600E1,-8.534498513E-2,-7.733423263E-2,2.975156605E-1
3.207380600E1,-2.555966079E-1,7.519485801E-2,3.911875486E-1
3.208384600E1,-5.637786984E-1,3.792035282E-1,4.253207445E-1
3.209385600E1,-7.593969703E-1,6.609505415E-1,3.688627779E-1
3.210386600E1,-6.269174814E-1,6.684614420E-1,2.724306285E-1
3.211387600E1,-6.106274724E-1,5.349560976E-1,3.150526583E-1
3.212391600E1,-6.273486614E-1,4.373983443E-1,4.547538459E-1
3.213392600E1,-6.840532422E-1,1.740247756E-1,6.410475373E-1
3.214393500E1,-7.134528756E-1,-1.724359840E-1,8.692348003E-1
3.215397600E1,-6.296011209E-1,-5.099218488E-1,1.048208833E0
3.216398500E1,-2.008754760E-1,-4.702654481E-1,1.087933779E0
3.217399500E1,-3.753436804E-1,-7.416736335E-2,1.100099325E0
3.218400500E1,-7.452856302E-1,3.407785892E-1,1.235185027E0
3.219404500E1,-1.065759063E0,5.004940033E-1,1.459168792E0
3.220405500E1,-1.642821550E0,5.581640005E-1,1.781370521E0
3.221406500E1,-1.400463820E0,8.013601303E-1,1.901181817E0
3.222407400E1,-1.257366061E0,1.402194262E0,1.862890363E0
3.223411500E1,-1.503505468E0,1.822934031E0,1.911527157E0
3.224412500E1,-1.574628353E0,1.740198374E0,1.952016950E0
3.225413400E1,-1.526513815E0,1.571959138E0,2.000277042E0
3.226414400E1,-1.493403316E0,1.500019193E0,2.205838919E0
3.227418400E1,-1.518539071E0,1.380963087E0,2.607400656E0
3.228419400E1,-1.488314748E0,1.438229322E0,3.188836098E0
3.229420400E1,-1.368845344E0,1.952461839E0,3.723619938E0
3.230424400E1,-1.172170877E0,2.598118782E0,3.846405745E0
3.231425400E1,-9.624976516E-1,3.517648220E0,3.583228588E0
3.232426400E1,-7.185285687E-1,4.632927418E0,3.020032883E0
3.233427300E1,-7.533206344E-1,5.989705086E0,2.320218563E0
3.234431400E1,-1.058571219E0,7.148235798E0,1.953301549E0
3.235432400E1,-1.385951996E0,7.715279102E0,1.732274652E0
3.236433300E1,-1.536308646E0,7.633656025E0,1.480545163E0
3.237434300E1,-1.430937052E0,7.549447536E0,1.366687894E0
3.238438300E1,-1.266903639E0,7.188324928E0,1.423866987E0
3.239439300E1,-9.415191412E-1,6.823325634E0,1.312219262E0
3.240440300E1,-4.430434108E-1,6.483901501E0,1.059339643E0
3.241444300E1,1.490358859E-1,6.393724442E0,8.505712152E-1
3.242445300E1,6.162158251E-1,6.134803772E0,8.175191283E-1
3.243446300E1,7.783237696E-1,5.694550514E0,9.126091599E-1
3.244447200E1,7.723200917E-1,5.346073627E0,9.476862550E-1
3.245451300E1,6.855524182E-1,5.316998005E0,9.466193914E-1
3.246452200E1,3.220885098E-1,5.306201935E0,1.096446514E0
3.247453200E1,-1.463170648E-1,5.000301361E0,1.226457596E0
3.248454200E1,-3.376376033E-1,4.360311508E0,1.191714525E0
3.249458200E1,-1.856563538E-1,3.378326416E0,1.080747247E0
3.250459200E1,1.567062140E-1,2.499549866E0,9.874995351E-1
3.251460200E1,4.033804238E-1,2.245678663E0,7.838348150E-1
3.252464200E1,3.818941712E-1,2.369046926E0,5.112018585E-1
3.253465200E1,1.006483734E-1,2.775911808E0,2.203039825E-1
3.254466200E1,-3.536134064E-1,3.117515802E0,4.395952448E-2
3.255467100E1,-6.762844324E-1,3.176140547E0,-1.252207160E-1
3.256471200E1,-7.031035423E-1,3.067929983E0,-2.854630053E-1
3.257472100E1,-4.594610333E-1,2.654510975E0,-3.660007119E-1
3.258473100E1,-1.122800410E-1,2.095428944E0,-3.530760407E-1
3.259474100E1,8.665782213E-2,1.650677800E0,-1.985029727E-1
3.260478100E1,-4.365038127E-2,1.513502717E0,-2.750008181E-2
3.261479100E1,-4.173784256E-1,1.684817195E0,-4.979526997E-2
3.262480100E1,-8.423068523E-1,1.998441100E0,-1.936693639E-1
3.263484100E1,-1.171291709E0,2.208591938E0,-3.320631981E-1
3.264485100E1,-1.406705856E0,2.169100761E0,-4.413436353E-1
3.265486100E1,-1.586915851E0,1.949005485E0,-5.984061956E-1
3.266487000E1,-1.757895708E0,1.717189789E0,-7.065944076E-1
3.267491100E1,-1.934455752E0,1.655954361E0,-7.673571110E-1
3.268492000E1,-2.211827755E0,1.696548343E0,-7.899397612E-1
3.269493000E1,-2.489590883E0,1.826175570E0,-7.814522982E-1
3.270494000E1,-2.602560282E0,2.080629110E0,-6.975225210E-1
3.271498000E1,-2.570867777E0,2.239116907E0,-5.343167782E-1
3.272499000E1,-2.450845480E0,2.082403898E0,-2.316663563E-1
3.273500000E1,-2.216439009E0,1.834520578E0,6.771662086E-2
3.274501000E1,-1.997888684E0,1.648034453E0,2.821714580E-1
3.275505000E1,-1.804701090E0,1.587062716E0,3.647470474E-1
3.276506000E1,-1.643070102E0,1.480949402E0,3.985251784E-1
3.277506900E1,-1.558089614E0,1.213562250E0,4.377292991E-1
3.278511000E1,-1.450993657E0,9.769684076E-1,5.252521038E-1
3.279511900E1,-1.308088183E0,9.339612722E-1,6.083872318E-1
3.280512900E1,-1.181577444E0,8.953336477E-1,6.938033700E-1
3.281513900E1,-1.062194109E0,9.332354665E-1,7.830603123E-1
3.282517900E1,-9.688873291E-1,1.052037835E0,8.204686642E-1
3.283518900E1,-9.283929467E-1,1.162098527E0,7.987721562E-1
3.284519900E1,-8.793142438E-1,1.073806405E0,7.808101177E-1
3.285520900E1,-7.957061529E-1,7.229823470E-1,8.918804526E-1
3.286524900E1,-6.488596201E-1,2.638775706E-1,1.118976951E0
3.287525900E1,-3.849070668E-1,3.130289912E-2,1.246495247E0
3.288526800E1,-1.537032723E-1,4.052951932E-2,1.246824622E0
3.289530900E1,-8.623901010E-2,3.046013713E-1,1.223636746E0
3.290531800E1,-8.927076310E-2,4.935180247E-1,1.196984053E0
3.291532800E1,-1.074132845E-1,5.316745043E-1,1.162107825E0
3.292533800E1,-4.965203255E-2,4.482323527E-1,1.177197099E0
3.293537800E1,2.228900231E-2,2.134776413E-1,1.258106232E0
3.294538800E1,3.643518314E-2,7.290800661E-2,1.381451368E0
3.295539800E1,1.246798187E-1,1.979849786E-1,1.393827319E0
3.296540700E1,-4.718506336E-1,-7.576555610E-1,1.339762330E0
3.297544800E1,-1.907637477E0,3.951634765E-1,1.436350346E0
3.298545800E1,-2.186423779E0,8.334039450E-1,1.463958621E0
3.299546700E1,-1.496061802E0,7.569363117E-1,1.385655999E0
3.300552592E1,-9.408165812E-1,4.292299151E-1,1.288522005E0
3.301553492E1,-7.744656801E-1,2.229944468E-1,1.049857736E0
3.302554492E1,-7.848127484E-1,1.949291676E-1,8.729403615E-1
3.303555492E1,-7.575904727E-1,4.125629365E-1,9.261015654E-1
3.304559492E1,-5.968993306E-1,6.270254254E-1,9.188627005E-1
3.305560492E1,-4.013300538E-1,7.772306204E-1,7.596818209E-1
3.306561492E1,-2.983125448E-1,8.708505630E-1,5.329314470E-1
3.307562392E1,-2.792706490E-1,9.748831987E-1,3.792222440E-1
3.308566492E1,-2.646447718E-1,1.102133989E0,6.024323702E-1
3.309567492E1,-1.664702594E-1,1.070354223E0,9.987333417E-1
3.310568392E1,-1.626528352E-1,9.952953458E-1,1.327665448E0
3.311569392E1,-5.201097727E-1,8.843464851E-1,1.522753358E0
3.312573392E1,-7.694689035E-1,7.718654871E-1,1.663562894E0
3.313574392E1,-1.192912340E0,6.040778160E-1,1.808368802E0
3.314575392E1,-1.479917765E0,1.934996694E-1,1.869255424E0
3.315579392E1,-1.714473605E0,-7.251335680E-2,1.916307092E0
3.316580392E1,-1.932639837E0,-2.399628311E-1,2.046710014E0
3.317581392E1,-2.102301359E0,-1.812632978E-1,2.236745596E0
3.318582292E1,-2.169899464E0,1.338282079E-1,2.348942518E0
3.319586392E1,-2.123606443E0,5.328248739E-1,2.383009672E0
3.320587292E1,-1.931024432E0,9.649270773E-1,2.363713503E0
3.321588292E1,-1.566805482E0,1.110960245E0,2.416753531E0
3.322589292E1,-1.015784979E0,9.142020345E-1,2.501097202E0
3.323593292E1,-3.921003342E-1,6.430989504E-1,2.527474403E0
3.324594292E1,1.982095540E-1,6.158638597E-1,2.470112562E0
3.325595292E1,6.440114975E-1,7.717341185E-1,2.310252666E0
3.326599292E1,9.934347272E-1,8.655609488E-1,2.102612019E0
3.327600292E1,1.200962305E0,8.340533376E-1,1.883871078E0
3.328601292E1,1.201674938E0,7.516274452E-1,1.676986098E0
3.329602192E1,9.979819655E-1,5.777353048E-1,1.510761619E0
3.330606292E1,7.363823056E-1,4.233244061E-1,1.406161070E0
3.331607192E1,5.651913881E-1,3.391666412E-1,1.331144094E0
3.332608192E1,4.681827426E-1,3.708122373E-1,1.253839016E0
3.333609192E1,4.545162022E-1,4.665678144E-1,1.126164436E0
3.334613192E1,4.421093464E-1,4.896784425E-1,9.342387319E-1
3.335614192E1,3.316696584E-1,4.137570262E-1,7.348023057E-1
3.336615192E1,1.906698197E-1,2.585848868E-1,6.133182049E-1
3.337619192E1,1.487444788E-1,1.743123531E-1,5.696008205E-1
3.338620192E1,1.505783349E-1,1.249530986E-1,5.388382673E-1
3.339621192E1,9.497232735E-2,3.409485221E-1,5.060845613E-1
3.340622092E1,-1.470883563E-2,5.893938541E-1,4.395187497E-1
3.341626192E1,-1.061604545E-1,7.370653749E-1,3.137280643E-1
3.342627092E1,-1.502279639E-1,7.591254115E-1,2.096946985E-1
3.343628092E1,-1.152071208E-1,5.591837764E-1,2.317784280E-1
3.344629092E1,-7.561735809E-2,4.532357156E-1,3.326273561E-1
3.345633092E1,-2.755236253E-2,3.508193493E-1,4.008138776E-1
3.346634092E1,6.850359589E-2,2.541851699E-1,3.686439395E-1
3.347635092E1,1.612572372E-1,3.230925798E-1,3.048700094E-1
3.348639092E1,2.237764299E-1,3.739140928E-1,2.650116384E-1
3.349640092E1,3.501226604E-1,3.469831347E-1,2.133729309E-1
3.350641092E1,4.506248236E-1,4.001536071E-1,1.773695648E-1
3.351641992E1,5.063892603E-1,4.663501978E-1,1.628721058E-1
3.352646092E1,4.962393939E-1,4.864456952E-1,1.895929426E-1
3.353646992E1,4.639496207E-1,4.544491470E-1,2.448375672E-1
3.354647992E1,3.646247983E-1,4.689192772E-1,2.312150002E-1
3.355648992E1,2.090280056E-1,3.572079241E-1,2.612949014E-1
3.356652992E1,8.497639745E-2,2.995834351E-1,2.925837040E-1
3.357653992E1,-1.315730624E-4,1.853575408E-1,2.428046912E-1
3.358654992E1,-5.838217959E-2,2.210466266E-1,2.344230115E-1
3.359655992E1,-4.675641283E-2,3.410601318E-1,2.047950923E-1
3.360659992E1,7.744523883E-2,5.317210555E-1,1.552199721E-1
3.361660992E1,3.026389480E-1,7.262556553E-1,1.007391587E-1
3.362661892E1,4.774582088E-1,8.773487806E-1,4.350039735E-2
3.363665992E1,5.334010720E-1,9.186130762E-1,1.069877390E-2
3.364666892E1,4.893358648E-1,8.437824249E-1,1.096417010E-2
3.365667892E1,3.789108396E-1,6.880128384E-1,4.257243127E-2
3.366668892E1,2.177162915E-1,4.626472294E-1,8.073747158E-2
3.367672892E1,2.958979923E-3,2.242112458E-1,1.001966521E-1
3.368673892E1,-2.365437895E-1,1.106480695E-2,8.307240903E-2
3.369674892E1,-4.199101627E-1,-6.567098200E-2,4.873520881E-2
3.370675892E1,-4.977649152E-1,2.119883150E-2,1.688258350E-2
3.371679892E1,-4.864930809E-1,1.582701355E-1,-8.212116547E-3
3.372680892E1,-4.802054763E-1,2.988353670E-1,-2.996676788E-2
3.373681792E1,-4.793420732E-1,3.182223737E-1,-4.181810096E-2
3.374685892E1,-4.370687604E-1,2.617837489E-1,-5.348385125E-2
3.375686792E1,-3.808297217E-1,1.269311011E-1,-5.114266649E-2
3.376687792E1,-3.396951556E-1,-4.838877358E-3,-3.559984267E-2
3.377688792E1,-2.919670343E-1,-1.555642039E-1,-2.037881128E-2
3.378692792E1,-2.631573081E-1,-2.735815942E-1,-2.142837644E-2
3.379693792E1,-2.459727228E-1,-2.862523794E-1,-1.013417728E-2