"Time (s)","Acceleration x (m/s^2)","Acceleration y (m/s^2)","Acceleration z (m/s^2)"
2.671842800E-2,-3.204269409E0,2.343719482E0,8.481689453E0
3.169279300E-2,-3.204269409E0,2.343719482E0,8.481689453E0
3.666715900E-2,-3.204269409E0,2.343719482E0,8.481689453E0
4.164152400E-2,-3.204269409E0,2.343719482E0,8.481689453E0
4.661588900E-2,-3.204269409E0,2.343719482E0,8.481689453E0
5.159025400E-2,-2.819763184E0,2.349853516E0,8.185440063E0
5.656462000E-2,-1.943405151E0,2.318984985E0,7.514205933E0
6.153898500E-2,-1.827789307E0,2.197845459E0,7.417938232E0
6.651335000E-2,-1.856399536E0,2.024108887E0,7.328048706E0
7.148771500E-2,-1.890365601E0,1.833770752E0,7.127670288E0
7.646208000E-2,-1.912475586E0,1.804840088E0,7.091217041E0
8.143644600E-2,-2.006378174E0,1.717468262E0,7.335784912E0
8.641081100E-2,-2.077316284E0,1.507949829E0,7.557403564E0
9.138517600E-2,-2.083190918E0,1.270736694E0,7.801101685E0
9.635954100E-2,-2.066162109E0,1.047225952E0,8.104888916E0
1.013339070E-1,-2.049194336E0,8.554534912E-1,8.394454956E0
1.063082720E-1,-2.044708252E0,7.221069336E-1,8.713958740E0
1.112826370E-1,-2.068084717E0,5.182952881E-1,8.988281250E0
1.162570020E-1,-2.112075806E0,3.037719727E-1,9.209396362E0
1.212313680E-1,-2.148712158E0,1.564178467E-1,9.492813110E0
1.262057330E-1,-2.158615112E0,6.880187988E-2,9.731872559E0
1.311800980E-1,-2.114974976E0,3.327941895E-2,1.001577759E1
1.361544630E-1,-1.982482910E0,5.661010742E-3,1.034094238E1
1.411288290E-1,-1.945648193E0,-1.235961914E-3,1.041748047E1
1.461031940E-1,-1.945648193E0,-1.235961914E-3,1.041748047E1
1.510775590E-1,-1.945648193E0,-1.235961914E-3,1.041748047E1
1.560519240E-1,-1.945648193E0,-1.235961914E-3,1.041748047E1
1.610262890E-1,-3.901672363E-1,-1.752166748E-1,1.162094116E1
1.660006550E-1,7.855224609E-2,-2.491607666E-1,1.191140747E1
1.709750200E-1,4.235839844E-1,-2.396087646E-1,1.196185303E1
1.759493850E-1,-1.204986572E0,5.421905518E-1,1.209796143E1
1.809237500E-1,-1.988693237E0,4.034576416E-1,1.215287781E1
1.858981160E-1,-1.755142212E0,2.264404297E-2,1.208616638E1
1.908724810E-1,-1.370498657E0,-3.999786377E-1,1.176719666E1
1.958468460E-1,-1.111557007E0,-7.152709961E-1,1.139550781E1
2.008212110E-1,-1.019775391E0,-9.569396973E-1,1.116120911E1
2.057955770E-1,-8.928070068E-1,-1.141281128E0,1.098085022E1
2.107699420E-1,-8.879547119E-1,-1.256851196E0,1.084384155E1
2.157443070E-1,-8.507537842E-1,-1.361785889E0,1.077157593E1
2.207186720E-1,-8.278503418E-1,-1.387573242E0,1.075599670E1
2.256930380E-1,-7.183837891E-1,-1.389480591E0,1.083392334E1
2.306674030E-1,-5.446319580E-1,-1.324295044E0,1.093894958E1
2.356417680E-1,-4.259643555E-1,-1.263885498E0,1.114819336E1
2.406161330E-1,-2.651062012E-1,-1.148880005E0,1.134767151E1
2.455904980E-1,-1.182250977E-1,-1.024932861E0,1.156497192E1
2.505648640E-1,4.325866699E-2,-9.158935547E-1,1.174377441E1
2.555392290E-1,2.302703857E-1,-7.911834717E-1,1.188687134E1
2.605135940E-1,3.914794922E-1,-6.389465332E-1,1.196473694E1
2.654879590E-1,4.940032959E-1,-5.344390869E-1,1.193978882E1
2.704623250E-1,6.431121826E-1,-4.231109619E-1,1.189855957E1
2.754366900E-1,8.197631836E-1,-3.323211670E-1,1.186711121E1
2.804110550E-1,9.548034668E-1,-2.877502441E-1,1.177749634E1
2.853854200E-1,1.014083862E0,-2.950134277E-1,1.161148071E1
2.903597860E-1,9.630889893E-1,-3.725585938E-1,1.135124207E1
2.953341510E-1,8.688507080E-1,-4.771881104E-1,1.099145508E1
3.003085160E-1,7.785491943E-1,-5.780487061E-1,1.060217285E1
3.052828810E-1,7.197265625E-1,-6.398010254E-1,1.025392151E1
3.102572460E-1,7.062683105E-1,-6.729125977E-1,9.983840942E0
3.152316120E-1,8.187408447E-1,-6.623382568E-1,9.716033936E0
3.202059770E-1,9.632873535E-1,-6.203613281E-1,9.376571655E0
3.251803420E-1,1.071533203E0,-5.962524414E-1,9.004150391E0
3.301547070E-1,1.081893921E0,-5.367584229E-1,8.675399780E0
3.351290730E-1,1.013534546E0,-4.884948730E-1,8.336090088E0
3.401034380E-1,8.785400391E-1,-3.766174316E-1,8.026000977E0
3.450778030E-1,6.815948486E-1,-2.303466797E-1,7.783905029E0
3.500521680E-1,4.249572754E-1,-1.126403809E-1,7.587280273E0
3.550265340E-1,1.050109863E-1,-6.324768066E-2,7.480407715E0
3.600008990E-1,-1.695098877E-1,-1.966857910E-2,7.333023071E0
3.649752640E-1,-4.302062988E-1,3.340148926E-2,7.160659790E0
3.699496290E-1,-7.222442627E-1,5.761718750E-2,7.071121216E0
3.749239950E-1,-9.180145264E-1,1.336975098E-1,7.011199951E0
3.798983600E-1,-1.015151978E0,1.556701660E-1,6.986175537E0
3.848727250E-1,-1.029205322E0,6.895446777E-2,6.983108521E0
3.898470900E-1,-7.669219971E-1,-1.437072754E-1,6.913696289E0
3.948214550E-1,-4.684295654E-1,2.897644043E-2,7.073822021E0
3.997958210E-1,-1.652526855E-1,1.762237549E-1,7.393280029E0
4.047701860E-1,3.829956055E-3,2.359619141E-1,7.681808472E0
4.097445510E-1,-2.024841309E-2,2.313842773E-1,7.983657837E0
4.147189160E-1,-1.507720947E-1,1.819915771E-1,8.226577759E0
4.196932820E-1,-2.648925781E-1,9.449768066E-2,8.495086670E0
4.246676470E-1,-2.176361084E-1,-2.281188965E-2,8.773757935E0
4.296420120E-1,-1.402435303E-1,-2.061309814E-1,9.012054443E0
4.346163770E-1,-1.277160645E-2,-4.006195068E-1,9.084655762E0
4.395907430E-1,2.491912842E-1,-4.943542480E-1,8.910018921E0
4.445651080E-1,5.570831299E-1,-6.121368408E-1,8.644210815E0
4.495394730E-1,8.288116455E-1,-7.507629395E-1,8.366119385E0
4.545138380E-1,1.060317993E0,-9.004974365E-1,8.098800659E0
4.594882040E-1,1.045944214E0,-9.898834229E-1,7.896423340E0
4.644625690E-1,7.739105225E-1,-1.015548706E0,7.816757202E0
4.694369340E-1,2.996368408E-1,-1.005706787E0,7.864074707E0
4.744112990E-1,-2.543792725E-1,-1.007522583E0,7.983200073E0
4.793856640E-1,-7.435607910E-1,-1.163314819E0,8.061386108E0
4.843600300E-1,-1.086914062E0,-1.500488281E0,8.127899170E0
4.893343950E-1,-1.242019653E0,-1.940032959E0,8.321548462E0
4.943087600E-1,-1.175033569E0,-2.287338257E0,8.666946411E0
4.992831250E-1,-6.198883057E-1,-2.509567261E0,8.813903809E0
5.042574910E-1,2.604370117E-1,-2.711868286E0,8.427124023E0
5.092318560E-1,1.047439575E0,-2.826889038E0,7.902374268E0
5.142062210E-1,1.587600708E0,-2.784088135E0,7.595428467E0
5.191805860E-1,2.025894165E0,-2.435562134E0,7.445465088E0
5.241549520E-1,2.396896362E0,-1.895614624E0,7.214202881E0
5.291293170E-1,2.584671021E0,-1.241775513E0,6.670455933E0
5.341036820E-1,2.612670898E0,-4.998168945E-1,6.017242432E0
5.390780470E-1,2.443267822E0,1.633911133E-1,5.571136475E0
5.440524130E-1,1.927780151E0,6.357727051E-1,5.619888306E0
5.490267780E-1,1.204513550E0,8.080596924E-1,5.959320068E0
5.540011430E-1,6.037902832E-1,7.405853271E-1,6.503311157E0
5.589755080E-1,2.391967773E-1,3.471527100E-1,7.120773315E0
5.639498730E-1,1.266021729E-1,-3.522186279E-1,7.505859375E0
5.689242390E-1,1.576385498E-1,-1.188079834E0,7.593948364E0
5.738986040E-1,1.401977539E-1,-1.900985718E0,7.592758179E0
5.788729690E-1,7.049560547E-3,-2.376358032E0,7.546707153E0
5.838473340E-1,-2.809753418E-1,-2.736297607E0,7.544158936E0
5.888217000E-1,-5.580139160E-1,-2.952209473E0,7.327285767E0
5.937960650E-1,-8.787384033E-1,-3.044738770E0,6.852462769E0
5.987704300E-1,-1.004348755E0,-3.044601440E0,6.374313354E0
6.037447950E-1,-8.737792969E-1,-2.907485962E0,5.982696533E0
6.087191610E-1,-6.716308594E-1,-2.553939819E0,6.018676758E0
6.136935260E-1,-4.689178467E-1,-2.102584839E0,6.465637207E0
6.186678910E-1,-2.555541992E-1,-1.721298218E0,6.990875244E0
6.236422560E-1,2.042541504E-1,-1.539108276E0,7.120452881E0
6.286166210E-1,9.947204590E-1,-1.444427490E0,6.905380249E0
6.335909870E-1,1.393539429E0,-1.712753296E0,7.589950562E0
6.385653520E-1,1.700469971E0,-2.112411499E0,8.457489014E0
6.435397170E-1,2.091369629E0,-2.265548706E0,8.554794312E0
6.485140820E-1,2.193466187E0,-2.269607544E0,8.414367676E0
6.534884480E-1,2.023910522E0,-2.261444092E0,8.680328369E0
6.584628130E-1,1.918350220E0,-2.414260864E0,9.171600342E0
6.634371780E-1,2.223571777E0,-2.797042847E0,9.509933472E0
6.684115430E-1,2.478363037E0,-3.020889282E0,9.715713501E0
6.733859090E-1,2.623504639E0,-3.065734863E0,9.840286255E0
6.783602740E-1,2.767486572E0,-3.179168701E0,9.790985107E0
6.833346390E-1,2.538314819E0,-3.574920654E0,9.626235962E0
6.883090040E-1,2.233154297E0,-4.030426025E0,9.476318359E0
6.932833700E-1,2.185913086E0,-4.240264893E0,9.256622314E0
6.982577350E-1,2.287231445E0,-4.316650391E0,9.009063721E0
7.032321000E-1,2.429824829E0,-4.379745483E0,8.955657959E0
7.082064650E-1,2.646957397E0,-4.423492432E0,9.106964111E0
7.131808300E-1,2.873565674E0,-4.476013184E0,9.328872681E0
7.181551960E-1,3.146316528E0,-4.529373169E0,9.492019653E0
7.231295610E-1,3.408813477E0,-4.573181152E0,9.626602173E0
7.281039260E-1,3.693725586E0,-4.626800537E0,9.945785522E0
7.330782910E-1,3.805526733E0,-4.846954346E0,1.048280334E1
7.380526570E-1,3.946884155E0,-5.211288452E0,1.127348328E1
7.430270220E-1,3.931900024E0,-5.628799438E0,1.198699951E1
7.480013870E-1,3.576675415E0,-6.012634277E0,1.269952393E1
7.529757520E-1,2.956695557E0,-6.321472168E0,1.311402893E1
7.579501180E-1,2.342620850E0,-6.568923950E0,1.339791870E1
7.629244830E-1,1.993988037E0,-6.649353027E0,1.353063965E1
7.678988480E-1,2.088867188E0,-6.717956543E0,1.332925415E1
7.728732130E-1,2.392852783E0,-6.754287720E0,1.278199768E1
7.778475790E-1,2.327285767E0,-6.363937378E0,1.195896912E1
7.828219440E-1,2.315597534E0,-5.932189941E0,1.100659180E1
7.877963090E-1,2.695037842E0,-5.775009155E0,1.011785889E1
7.927706740E-1,3.284973145E0,-5.687637329E0,9.442306519E0
7.977450390E-1,3.853271484E0,-5.499328613E0,8.945358276E0
8.027194050E-1,4.142044067E0,-5.296478271E0,8.715698242E0
8.076937700E-1,4.177978516E0,-5.169067383E0,8.518432617E0
8.126681350E-1,4.031692505E0,-5.116226196E0,8.273941040E0
8.176425000E-1,3.849761963E0,-5.061248779E0,8.000518799E0
8.226168660E-1,3.739303589E0,-5.012084961E0,7.745498657E0
8.275912310E-1,3.668777466E0,-4.973770142E0,7.560409546E0
8.325655960E-1,3.520538330E0,-4.995346069E0,7.654403687E0
8.375399610E-1,3.168045044E0,-5.078811646E0,8.083343506E0
8.425143270E-1,2.762115479E0,-5.206497192E0,8.763839722E0
8.474886920E-1,2.380004883E0,-5.432434082E0,9.378112793E0
8.524630570E-1,2.072692871E0,-5.678833008E0,9.837265015E0
8.574374220E-1,2.064575195E0,-6.007186890E0,1.024530029E1
8.624117880E-1,1.984588623E0,-6.233963013E0,1.044523621E1
8.673861530E-1,1.960601807E0,-6.385574341E0,1.054124451E1
8.723605180E-1,2.181167603E0,-6.603988647E0,1.055268860E1
8.773348830E-1,2.374816895E0,-6.841461182E0,1.048883057E1
8.823092480E-1,2.618087769E0,-7.125137329E0,1.043121338E1
8.872836140E-1,2.804092407E0,-7.359985352E0,1.045578003E1
8.922579790E-1,2.586563110E0,-7.215560913E0,1.055654907E1
8.972323440E-1,2.075836182E0,-6.768173218E0,1.048141479E1
9.022067090E-1,1.914581299E0,-6.542221069E0,1.008264160E1
9.071810750E-1,2.178131104E0,-6.534332275E0,9.614852905E0
9.121554400E-1,2.496963501E0,-6.403228760E0,9.281738281E0
9.171298050E-1,2.737045288E0,-6.092559814E0,8.973114014E0
9.221041700E-1,2.961425781E0,-5.700302124E0,8.578155518E0
9.270785360E-1,3.243850708E0,-5.386489868E0,8.134429932E0
9.320529010E-1,3.457748413E0,-5.204254150E0,7.657348633E0
9.370272660E-1,3.449752808E0,-5.079757690E0,7.154281616E0
9.420016310E-1,3.239608765E0,-5.021316528E0,6.678695679E0
9.469759960E-1,3.016387939E0,-4.972045898E0,6.170059204E0
9.519503620E-1,2.896514893E0,-4.923233032E0,5.773315430E0
9.569247270E-1,2.740707397E0,-4.911193848E0,5.436904907E0
9.618990920E-1,2.329467773E0,-4.863265991E0,5.225067139E0
9.668734570E-1,2.110580444E0,-5.150802612E0,5.229080200E0
9.718478230E-1,2.180465698E0,-5.601486206E0,5.294906616E0
9.768221880E-1,2.073089600E0,-5.815139771E0,5.519119263E0
9.817965530E-1,1.816345215E0,-5.831466675E0,5.771102905E0
9.867709180E-1,1.761672974E0,-6.006149292E0,6.066848755E0
9.917452840E-1,1.735519409E0,-6.322845459E0,6.432067871E0
9.967196490E-1,1.748428345E0,-6.448547363E0,6.846481323E0
1.001694014E0,1.809814453E0,-6.424087524E0,7.172775269E0
1.006668379E0,1.943222046E0,-6.299865723E0,7.287887573E0
1.011642745E0,2.078384399E0,-6.220291138E0,7.083801270E0
1.016617110E0,2.168685913E0,-6.166915894E0,6.693542480E0
1.021591475E0,2.284515381E0,-6.118957520E0,6.257965088E0
1.026565840E0,2.463104248E0,-6.029846191E0,5.927383423E0
1.031540205E0,2.663238525E0,-5.888687134E0,5.820007324E0
1.036514571E0,2.867279053E0,-5.797866821E0,5.842712402E0
1.041488936E0,3.034210205E0,-5.746109009E0,5.875686646E0
1.046463301E0,3.070892334E0,-5.704544067E0,5.942916870E0
1.051437666E0,3.038040161E0,-5.669296265E0,6.036682129E0
1.056412032E0,3.046234131E0,-5.696029663E0,6.125152588E0
1.061386397E0,2.935516357E0,-5.817642212E0,6.210876465E0
1.066360762E0,2.655517578E0,-6.034011841E0,6.356109619E0
1.071335127E0,2.335662842E0,-6.322784424E0,6.593307495E0
1.076309493E0,2.034393311E0,-6.643463135E0,6.880874634E0
1.081283858E0,1.778778076E0,-6.856384277E0,7.179122925E0
1.086258223E0,1.653076172E0,-6.999771118E0,7.383163452E0
1.091232588E0,1.707321167E0,-7.066711426E0,7.467590332E0
1.096206954E0,1.838287354E0,-7.105972290E0,7.550689697E0
1.101181319E0,2.126724243E0,-7.137680054E0,7.717269897E0
1.106155684E0,2.376037598E0,-7.126235962E0,7.995025635E0
1.111130049E0,2.547531128E0,-7.128341675E0,8.268402100E0
1.116104414E0,2.754745483E0,-7.117019653E0,8.411178589E0
1.121078780E0,3.109512329E0,-7.006134033E0,8.394607544E0
1.126053145E0,3.623245239E0,-6.797531128E0,8.278717041E0
1.131027510E0,4.182449341E0,-6.552124023E0,8.063308716E0
1.136001875E0,4.642593384E0,-6.361190796E0,7.857421875E0
1.140976241E0,4.833221436E0,-6.361373901E0,7.682495117E0
1.145950606E0,4.813095093E0,-6.442855835E0,7.657760620E0
1.150924971E0,4.670898438E0,-6.548187256E0,7.824356079E0
1.155899336E0,4.427825928E0,-6.704666138E0,8.079208374E0
1.160873702E0,4.084243774E0,-6.958831787E0,8.295883179E0
1.165848067E0,3.680587769E0,-7.312103271E0,8.466308594E0
1.170822432E0,3.188613892E0,-7.614822388E0,8.571807861E0
1.175796797E0,2.783294678E0,-7.817596436E0,8.633941650E0
1.180771163E0,2.562728882E0,-7.931060791E0,8.516464233E0
1.185745528E0,2.409530640E0,-7.918258667E0,8.134719849E0
1.190719893E0,2.256240845E0,-7.853195190E0,7.566406250E0
1.195694258E0,2.106231689E0,-7.743881226E0,6.762359619E0
1.200668623E0,1.926437378E0,-7.599746704E0,5.952011108E0
1.205642989E0,1.774047852E0,-7.512100220E0,5.348724365E0
1.210617354E0,1.780303955E0,-7.472686768E0,5.070098877E0
1.215591719E0,1.869476318E0,-7.342681885E0,5.071014404E0
1.220566084E0,1.817749023E0,-7.034118652E0,5.313613892E0
1.225540450E0,1.833007812E0,-6.835128784E0,5.616714478E0
1.230514815E0,2.295410156E0,-6.956588745E0,5.585937500E0
1.235489180E0,2.707916260E0,-6.988861084E0,5.370269775E0
1.240463545E0,2.741333008E0,-6.676269531E0,5.186721802E0
1.245437911E0,2.634201050E0,-6.312789917E0,5.022583008E0
1.250412276E0,2.497344971E0,-6.130218506E0,4.973815918E0
1.255386641E0,2.355072021E0,-6.174865723E0,5.045303345E0
1.260361006E0,2.080307007E0,-6.363204956E0,5.253890991E0
1.265335371E0,1.626358032E0,-6.643371582E0,5.593673706E0
1.270309737E0,9.497528076E-1,-7.099227905E0,6.037551880E0
1.275284102E0,5.410766602E-2,-7.617385864E0,6.583602905E0
1.280258467E0,-9.146728516E-1,-8.072952271E0,7.183273315E0
1.285232832E0,-2.128509521E0,-8.071289062E0,7.048431396E0
1.290207198E0,-2.459335327E0,-8.052047729E0,6.688980103E0
1.295181563E0,-1.401107788E0,-8.369949341E0,6.859939575E0
1.300155928E0,-2.302703857E-1,-8.381958008E0,7.264831543E0
1.305130293E0,1.080276489E0,-8.168380737E0,7.751022339E0
1.310104659E0,2.203659058E0,-7.742568970E0,8.021438599E0
1.315079024E0,3.090957642E0,-7.383834839E0,7.855728149E0
1.320053389E0,3.970367432E0,-7.251144409E0,7.400817871E0
1.325027754E0,5.007614136E0,-7.313400269E0,7.320785522E0
1.330002120E0,5.896759033E0,-7.389343262E0,7.420394897E0
1.334976485E0,6.260055542E0,-7.391494751E0,7.799819946E0
1.339950850E0,5.918502808E0,-7.102478027E0,8.382415771E0
1.344925215E0,5.305465698E0,-6.912597656E0,8.742523193E0
1.349899580E0,4.698120117E0,-7.107437134E0,9.123062134E0
1.354873946E0,4.115463257E0,-7.543487549E0,9.402343750E0
1.359848311E0,3.585403442E0,-7.956192017E0,9.591964722E0
1.364822676E0,3.335525513E0,-8.218475342E0,9.551330566E0
1.369797041E0,3.138824463E0,-8.282989502E0,9.306503296E0
1.374771407E0,2.910552979E0,-8.233032227E0,9.028884888E0
1.379745772E0,2.738693237E0,-8.111724854E0,8.585723877E0
1.384720137E0,2.550003052E0,-7.902465820E0,7.962448120E0
1.389694502E0,2.158035278E0,-7.613540649E0,7.103668213E0
1.394668868E0,1.677108765E0,-7.245529175E0,6.104736328E0
1.399643233E0,1.257812500E0,-6.800445557E0,5.339172363E0
1.404617598E0,9.817657471E-1,-6.066009521E0,4.781845093E0
1.409591963E0,1.380249023E0,-5.220596313E0,4.169326782E0
1.414566329E0,2.551361084E0,-4.334884644E0,3.630371094E0
1.419540694E0,4.174789429E0,-3.420303345E0,3.179672241E0
1.424515059E0,6.047698975E0,-2.623596191E0,2.855712891E0
1.429489424E0,8.042877197E0,-2.137863159E0,2.766693115E0
1.434463789E0,9.911270142E0,-1.969284058E0,2.887741089E0
1.439438155E0,1.139735413E1,-2.015274048E0,3.200012207E0
1.444412520E0,1.247952271E1,-2.337966919E0,3.656829834E0
1.449386885E0,1.308920288E1,-2.976608276E0,4.143966675E0
1.454361250E0,1.302207947E1,-3.951034546E0,4.545547485E0
1.459335616E0,1.198693848E1,-5.010238647E0,4.708221436E0
1.464309981E0,9.542587280E0,-5.369995117E0,4.853179932E0
1.469284346E0,6.666351318E0,-4.972869873E0,4.817718506E0
1.474258711E0,4.422348022E0,-4.233581543E0,4.744796753E0
1.479233077E0,3.311767578E0,-3.671432495E0,4.828399658E0
1.484207442E0,3.401382446E0,-3.520202637E0,4.525939941E0
1.489181807E0,4.376159668E0,-3.698379517E0,4.247436523E0
1.494156172E0,5.774765015E0,-3.996856689E0,4.187438965E0
1.499130538E0,6.826751709E0,-4.147994995E0,3.721069336E0
1.504104903E0,7.467880249E0,-4.136367798E0,2.751937866E0
1.509079268E0,7.558380127E0,-4.055694580E0,1.102920532E0
1.514053633E0,7.002883911E0,-3.818878174E0,-7.190856934E-1
1.519027998E0,6.498245239E0,-3.587554932E0,-2.337738037E0
1.524002364E0,6.290817261E0,-3.412231445E0,-3.648147583E0
1.528976729E0,6.353668213E0,-3.225067139E0,-4.521102905E0
1.533951094E0,6.466064453E0,-3.267745972E0,-5.055191040E0
1.538925459E0,6.607589722E0,-3.634796143E0,-5.267410278E0
1.543899825E0,6.875045776E0,-4.135681152E0,-5.095077515E0
1.548874190E0,7.411529541E0,-4.727432251E0,-4.590209961E0
1.553848555E0,8.118698120E0,-5.209350586E0,-3.635025024E0
1.558822920E0,8.528427124E0,-5.464447021E0,-2.592575073E0
1.563797286E0,8.184875488E0,-5.571853638E0,-9.454193115E-1
1.568771651E0,7.438140869E0,-5.796401978E0,1.250640869E0
1.573746016E0,6.936004639E0,-6.309722900E0,3.563308716E0
1.578720381E0,6.686798096E0,-6.879974365E0,5.410247803E0
1.583694746E0,6.406524658E0,-7.189926147E0,6.342208862E0
1.588669112E0,6.014907837E0,-7.235900879E0,6.334503174E0
1.593643477E0,5.529922485E0,-7.111587524E0,5.691864014E0
1.598617842E0,4.890502930E0,-6.662826538E0,4.957336426E0
1.603592207E0,4.664489746E0,-6.021072388E0,4.384826660E0
1.608566573E0,5.463851929E0,-5.697738647E0,3.431884766E0
1.613540938E0,6.522003174E0,-5.659103394E0,2.254821777E0
1.618515303E0,7.231750488E0,-5.710479736E0,1.045288086E0
1.623489668E0,7.436401367E0,-5.700103760E0,-1.100921631E-1
1.628464034E0,7.268569946E0,-5.709365845E0,-1.165481567E0
1.633438399E0,7.112716675E0,-5.708908081E0,-2.098098755E0
1.638412764E0,7.138809204E0,-5.780456543E0,-2.788848877E0
1.643387129E0,7.022277832E0,-6.019454956E0,-3.176773071E0
1.648361495E0,6.715728760E0,-6.288085938E0,-3.278747559E0
1.653335860E0,6.488647461E0,-6.497650146E0,-3.364715576E0
1.658310225E0,6.512924194E0,-6.611312866E0,-3.494583130E0
1.663284590E0,6.577529907E0,-6.672882080E0,-3.493927002E0
1.668258955E0,6.438400269E0,-6.683151245E0,-3.354370117E0
1.673233321E0,6.202819824E0,-6.589843750E0,-3.134323120E0
1.678207686E0,6.011871338E0,-6.430816650E0,-2.904663086E0
1.683182051E0,5.955200195E0,-6.121704102E0,-2.902954102E0
1.688156416E0,6.064880371E0,-5.699783325E0,-3.228286743E0
1.693130782E0,6.135681152E0,-5.318710327E0,-3.864303589E0
1.698105147E0,6.183822632E0,-5.213897705E0,-4.725646973E0
1.703079512E0,6.151428223E0,-5.445053101E0,-5.315277100E0
1.708053877E0,6.126083374E0,-5.651641846E0,-5.548049927E0
1.713028243E0,6.259338379E0,-5.784698486E0,-5.530670166E0
1.718002608E0,6.303207397E0,-5.820938110E0,-5.381790161E0
1.722976973E0,6.445480347E0,-5.739700317E0,-5.166061401E0
1.727951338E0,6.841247559E0,-5.702804565E0,-4.953735352E0
1.732925704E0,7.418441772E0,-5.685104370E0,-4.746612549E0
1.737900069E0,7.885879517E0,-5.596389771E0,-4.438812256E0
1.742874434E0,8.457305908E0,-5.695297241E0,-3.917526245E0
1.747848799E0,8.767135620E0,-5.834045410E0,-3.093994141E0
1.752823164E0,8.520950317E0,-5.725021362E0,-2.039672852E0
1.757797530E0,8.002243042E0,-5.458480835E0,-8.819885254E-1
1.762771895E0,7.487518311E0,-5.348205566E0,2.839660645E-2
1.767746260E0,6.875183105E0,-5.327850342E0,7.198333740E-1
1.772720625E0,6.232009888E0,-5.394500732E0,1.094451904E0
1.777694991E0,5.445892334E0,-5.505828857E0,1.127517700E0
1.782669356E0,4.510772705E0,-5.750534058E0,7.863159180E-1
1.787643721E0,3.503387451E0,-6.294830322E0,-3.507995605E-2
1.792618086E0,2.489456177E0,-7.128402710E0,-1.072982788E0
1.797592452E0,1.339859009E0,-7.857421875E0,-2.038436890E0
1.802566817E0,4.380798340E-2,-8.296310425E0,-2.865798950E0
1.807541182E0,-1.274032593E0,-8.774749756E0,-2.713775635E0
1.812515547E0,-2.460205078E0,-9.562362671E0,-1.506698608E0
1.817489913E0,-3.136108398E0,-1.033679199E1,-4.158477783E-1
1.822464278E0,-3.284271240E0,-1.070341492E1,2.662811279E-1
1.827438643E0,-3.077377319E0,-1.065734863E1,9.177093506E-1
1.832413008E0,-2.231002808E0,-1.049771118E1,1.251632690E0
1.837387373E0,-1.089157104E0,-1.042163086E1,1.129394531E0
1.842361739E0,1.536560059E-1,-1.045108032E1,8.547973633E-1
1.847336104E0,1.566482544E0,-1.036962891E1,6.054382324E-1
1.852310469E0,3.030914307E0,-1.007360840E1,2.606201172E-1
1.857284834E0,4.128250122E0,-9.565032959E0,-2.124481201E-1
1.862259200E0,5.078735352E0,-8.473281860E0,-7.541961670E-1
1.867233565E0,6.097579956E0,-7.247985840E0,-1.626739502E0
1.872207930E0,6.589218140E0,-6.311798096E0,-2.824935913E0
1.877182295E0,6.559310913E0,-5.799148560E0,-4.051818848E0
1.882156661E0,5.907791138E0,-5.593582153E0,-5.161758423E0
1.887131026E0,4.588378906E0,-5.522125244E0,-6.077804565E0
1.892105391E0,3.056732178E0,-5.726074219E0,-6.480712891E0
1.897079756E0,1.315765381E0,-7.134307861E0,-6.193786621E0
1.902054121E0,1.194000244E-1,-9.171630859E0,-6.635162354E0
1.907028487E0,-2.439727783E-1,-1.078935242E1,-7.130126953E0
1.912002852E0,-1.933898926E-1,-1.165168762E1,-6.815032959E0
1.916977217E0,3.265533447E-1,-1.194332886E1,-6.195831299E0
1.921951582E0,5.717163086E-1,-1.180479431E1,-5.307281494E0
1.926925948E0,1.122634888E0,-1.153160095E1,-4.546813965E0
1.931900313E0,1.784774780E0,-1.131440735E1,-3.989181519E0
1.936874678E0,2.218399048E0,-1.106620789E1,-3.350311279E0
1.941849043E0,2.814422607E0,-1.082434082E1,-3.048278809E0
1.946823409E0,3.532455444E0,-1.044285583E1,-3.340545654E0
1.951797774E0,4.214859009E0,-1.002330017E1,-3.978408813E0
1.956772139E0,4.815261841E0,-9.695190430E0,-4.795974731E0
1.961746504E0,5.296646118E0,-9.336563110E0,-5.778747559E0
1.966720870E0,5.481170654E0,-8.996917725E0,-6.676803589E0
1.971695235E0,5.368286133E0,-8.885787964E0,-7.379043579E0
1.976669600E0,4.623184204E0,-8.821685791E0,-8.071533203E0
1.981643965E0,3.622161865E0,-8.664855957E0,-8.508117676E0
1.986618330E0,2.961990356E0,-8.580856323E0,-8.438583374E0
1.991592696E0,2.127365112E0,-8.643554688E0,-7.684204102E0
1.996567061E0,8.174438477E-1,-9.038497925E0,-6.420761108E0
2.001541426E0,-7.887420654E-1,-9.897003174E0,-4.834579468E0
2.006515791E0,-2.165374756E0,-1.094488525E1,-3.393646240E0
2.011490157E0,-3.075271606E0,-1.173272705E1,-2.217712402E0
2.016464522E0,-3.676116943E0,-1.225775146E1,-1.259445190E0
2.021438887E0,-3.825805664E0,-1.254753113E1,-5.324096680E-1
2.026413252E0,-3.660415649E0,-1.227900696E1,-6.654663086E-1
2.031387618E0,-3.536087036E0,-1.147882080E1,-1.195678711E0
2.036361983E0,-3.569244385E0,-1.051705933E1,-1.381500244E0
2.041336348E0,-3.535980225E0,-9.515518188E0,-1.149185181E0
2.046310713E0,-3.243118286E0,-8.640060425E0,-1.019744873E0
2.051285079E0,-2.999862671E0,-8.097747803E0,-1.028594971E0
2.056259444E0,-2.731811523E0,-8.128021240E0,-1.059402466E0
2.061233809E0,-2.730667114E0,-8.215972900E0,-1.047912598E0
2.066208174E0,-3.354003906E0,-7.725952148E0,-6.438903809E-1
2.071182539E0,-2.418884277E0,-6.940170288E0,1.322021484E-1
2.076156905E0,-1.373443604E0,-6.833480835E0,2.594604492E-1
2.081131270E0,-1.110763550E0,-6.995269775E0,-1.049652100E-1
2.086105635E0,-1.137481689E0,-7.304809570E0,-2.628479004E-1
2.091080000E0,-1.228485107E0,-7.677703857E0,-5.623168945E-1
2.096054366E0,-1.870498657E0,-8.457855225E0,-1.521987915E0
2.101028731E0,-1.692993164E0,-8.871917725E0,-2.179977417E0
2.106003096E0,-9.423828125E-1,-8.172286987E0,-2.601379395E0
2.110977461E0,-2.195129395E-1,-7.271560669E0,-2.609786987E0
2.115951827E0,-2.732543945E-1,-6.594833374E0,-2.342651367E0
2.120926192E0,-6.005706787E-1,-6.283843994E0,-2.129150391E0
2.125900557E0,-8.132629395E-1,-6.398712158E0,-2.134063721E0
2.130874922E0,-1.055023193E0,-6.485153198E0,-2.177581787E0
2.135849288E0,-9.139709473E-1,-6.489974976E0,-1.985336304E0
2.140823653E0,-7.518310547E-1,-6.479766846E0,-1.614715576E0
2.145798018E0,-5.710144043E-1,-6.496047974E0,-1.304489136E0
2.150772383E0,-3.812866211E-1,-6.493881226E0,-1.355682373E0
2.155746748E0,-1.487731934E-2,-6.450958252E0,-1.350173950E0
2.160721114E0,4.637756348E-1,-6.685180664E0,-1.297454834E0
2.165695479E0,3.822174072E-1,-6.912185669E0,-1.449035645E0
2.170669844E0,-1.257171631E-1,-6.580978394E0,-1.892456055E0
2.175644209E0,-5.148925781E-1,-5.709182739E0,-2.401565552E0
2.180618575E0,-1.724853516E-1,-5.695373535E0,-2.367355347E0
2.185592940E0,1.865051270E0,-8.202041626E0,-2.758377075E0
2.190567305E0,6.771972656E0,-1.483747864E1,-1.521621704E0
2.195541670E0,8.678970337E0,-2.353982544E1,2.955978394E0
2.200516036E0,7.443618774E0,-3.101123047E1,4.912109375E0
2.205490401E0,6.033279419E0,-3.567141724E1,2.069534302E0
2.210464766E0,3.100479126E0,-3.540188599E1,-2.523162842E0
2.215439131E0,-4.553527832E-1,-2.998391724E1,-6.736282349E0
2.220413496E0,-4.251296997E0,-2.253428650E1,-1.034931946E1
2.225387862E0,-6.773880005E0,-1.628834534E1,-1.267662048E1
2.230362227E0,-7.917572021E0,-1.185768127E1,-1.307981873E1
2.235336592E0,-7.710052490E0,-9.100112915E0,-1.175181580E1
2.240310957E0,-7.044006348E0,-7.633117676E0,-9.547454834E0
2.245285323E0,-6.432968140E0,-7.268890381E0,-6.851486206E0
2.250259688E0,-4.151382446E0,-7.036590576E0,-4.475784302E0
2.255234053E0,-1.557739258E0,-7.262496948E0,-2.491897583E0
2.260208418E0,5.441894531E-1,-7.668823242E0,-7.165374756E-1
2.265182784E0,1.861495972E0,-7.543380737E0,9.382629395E-1
2.270157149E0,1.792587280E0,-7.339538574E0,1.885025024E0
2.275131514E0,2.316955566E0,-6.756698608E0,1.877319336E0
2.280105879E0,2.687820435E0,-6.986892700E0,2.540176392E0
2.285080245E0,1.538452148E0,-8.108276367E0,3.051666260E0
2.290054610E0,9.299621582E-1,-8.243362427E0,2.437637329E0
2.295028975E0,-7.343292236E-1,-8.889038086E0,1.448165894E0
2.300003340E0,-2.013107300E0,-9.713500977E0,-2.929687500E-3
2.304977705E0,-2.314163208E0,-1.022879028E1,-1.629058838E0
2.309952071E0,-2.293548584E0,-1.038357544E1,-2.975112915E0
2.314926436E0,-1.945816040E0,-1.019116211E1,-4.056121826E0
2.319900801E0,-1.629776001E0,-9.916320801E0,-4.757293701E0
2.324875166E0,-1.541549683E0,-9.642562866E0,-4.983306885E0
2.329849532E0,-1.410751343E0,-9.245681763E0,-4.941787720E0
2.334823897E0,-1.581161499E0,-9.040023804E0,-4.675430298E0
2.339798262E0,-1.764663696E0,-9.065261841E0,-4.223236084E0
2.344772627E0,-1.900421143E0,-9.198959351E0,-3.479583740E0
2.349746993E0,-1.386962891E0,-9.347152710E0,-2.567993164E0
2.354721358E0,-4.606933594E-1,-9.554382324E0,-1.710525513E0
2.359695723E0,2.355499268E-1,-9.864013672E0,-1.156509399E0
2.364670088E0,4.903717041E-1,-1.021743774E1,-9.132843018E-1
2.369644454E0,4.309387207E-1,-1.048950195E1,-8.734741211E-1
2.374618819E0,2.360382080E-1,-1.051194763E1,-9.285583496E-1
2.379593184E0,7.818603516E-2,-1.032670593E1,-1.031219482E0
2.384567549E0,2.502441406E-3,-1.000471497E1,-1.268722534E0
2.389541914E0,-2.868652344E-3,-9.719909668E0,-1.598083496E0
2.394516280E0,-1.232147217E-1,-9.475219727E0,-1.936599731E0
2.399490645E0,-4.034271240E-1,-9.273803711E0,-2.240814209E0
2.404465010E0,-6.861267090E-1,-9.223464966E0,-2.501083374E0
2.409439375E0,-8.339080811E-1,-9.215576172E0,-2.689941406E0
2.414413741E0,-7.892456055E-1,-9.250701904E0,-2.747863770E0
2.419388106E0,-5.184936523E-1,-9.225952148E0,-2.643295288E0
2.424362471E0,-2.695312500E-1,-9.121643066E0,-2.389389038E0
2.429336836E0,6.302337646E-1,-8.729232788E0,-2.107559204E0
2.434311202E0,8.878479004E-1,-8.478668213E0,-1.648971558E0
2.439285567E0,-1.501129150E0,-9.170822144E0,-1.389404297E0
2.444259932E0,-1.482208252E0,-9.781341553E0,-2.162246704E0
2.449234297E0,-6.587524414E-1,-9.750534058E0,-3.798599243E0
2.454208663E0,-9.898376465E-1,-9.759963989E0,-4.457977295E0
2.459183028E0,-1.817886353E0,-9.848480225E0,-4.479049683E0
2.464157393E0,-1.668395996E0,-9.732559204E0,-4.083435059E0
2.469131758E0,-1.484344482E0,-9.249771118E0,-3.175903320E0
2.474106123E0,-3.170593262E0,-6.889083862E0,-1.524215698E0
2.479080489E0,-4.224105835E0,-4.785858154E0,2.948257446E0
2.484054854E0,-7.280258179E0,-7.699554443E0,4.845108032E0
2.489029219E0,-2.577667236E0,-7.504852295E0,-1.925369263E0
2.494003584E0,5.629272461E-1,-9.086166382E0,-4.038574219E0
2.498977950E0,2.407989502E-1,-1.085910034E1,-5.718429565E0
2.503952315E0,-9.587097168E-2,-1.195449829E1,-8.040695190E0
2.508926680E0,-5.166931152E-1,-1.299075317E1,-1.215693665E1
2.513901045E0,-5.265808105E-1,-1.290306091E1,-1.095404053E1
2.518875411E0,-5.821533203E-1,-1.173266602E1,-7.163146973E0
2.523849776E0,-3.241882324E-1,-1.045191956E1,-3.476211548E0
2.528824141E0,1.086883545E-1,-9.770507812E0,-7.577056885E-1
2.533798506E0,3.324432373E-1,-9.893356323E0,1.292251587E0
2.538772871E0,5.679321289E-2,-1.042063904E1,3.214294434E0
2.543747237E0,-3.089904785E-1,-1.095138550E1,4.854934692E0
2.548721602E0,-5.165710449E-1,-1.122439575E1,5.770629883E0
2.553695967E0,-8.383026123E-1,-1.122322083E1,5.386322021E0
2.558670332E0,-1.171218872E0,-1.097268677E1,3.480270386E0
2.563644698E0,-1.277572632E0,-1.055592346E1,9.882659912E-1
2.568619063E0,-1.183441162E0,-1.012565613E1,-9.454650879E-1
2.573593428E0,-1.056976318E0,-9.796432495E0,-2.153030396E0
2.578567793E0,-1.019180298E0,-9.603469849E0,-2.842559814E0
2.583542159E0,-1.098861694E0,-9.524597168E0,-3.210144043E0
2.588516524E0,-1.195617676E0,-9.503921509E0,-3.398071289E0
2.593490889E0,-1.272430420E0,-9.473937988E0,-3.427246094E0
2.598465254E0,-1.326553345E0,-9.429382324E0,-3.297027588E0
2.603439620E0,-1.306777954E0,-9.375534058E0,-3.016601562E0
2.608413985E0,-1.240356445E0,-9.335678101E0,-2.596923828E0
2.613388350E0,-1.261138916E0,-9.320938110E0,-2.158050537E0
2.618362715E0,-1.349090576E0,-9.354415894E0,-1.744750977E0
2.623337080E0,-1.405181885E0,-9.418487549E0,-1.450180054E0
2.628311446E0,-1.416366577E0,-9.514038086E0,-1.311294556E0
2.633285811E0,-1.406997681E0,-9.593399048E0,-1.262985229E0
2.638260176E0,-1.329711914E0,-9.671051025E0,-1.324127197E0
2.643234541E0,-1.142730713E0,-9.699356079E0,-1.321411133E0
2.648208907E0,-1.010147095E0,-9.718963623E0,-1.381713867E0
2.653183272E0,-1.042617798E0,-9.656341553E0,-1.482192993E0
2.658157637E0,-1.146606445E0,-9.614913940E0,-1.560104370E0
2.663132002E0,-1.228713989E0,-9.615570068E0,-1.467117310E0
2.668106368E0,-1.217880249E0,-9.625534058E0,-1.321319580E0
2.673080733E0,-1.159469604E0,-9.680969238E0,-1.262634277E0
2.678055098E0,-1.118148804E0,-9.704269409E0,-1.295883179E0
2.683029463E0,-1.125762939E0,-9.710754395E0,-1.480148315E0
2.688003829E0,-1.139648438E0,-9.753311157E0,-1.672348022E0
2.692978194E0,-1.189163208E0,-9.742843628E0,-1.779296875E0
2.697952559E0,-1.249969482E0,-9.724060059E0,-1.797866821E0
2.702926924E0,-1.273071289E0,-9.686309814E0,-1.791320801E0
2.707901289E0,-1.313827515E0,-9.658721924E0,-1.755523682E0
2.712875655E0,-1.371704102E0,-9.599777222E0,-1.705657959E0
2.717850020E0,-1.448226929E0,-9.555160522E0,-1.611175537E0
2.722824385E0,-1.471298218E0,-9.547866821E0,-1.565261841E0
2.727798750E0,-1.494918823E0,-9.540283203E0,-1.523376465E0
2.732773116E0,-1.490890503E0,-9.555831909E0,-1.475189209E0
2.737747481E0,-1.463577271E0,-9.578918457E0,-1.418899536E0
2.742721846E0,-1.423873901E0,-9.621154785E0,-1.395965576E0
2.747696211E0,-1.376525879E0,-9.668411255E0,-1.404830933E0
2.752670577E0,-1.331420898E0,-9.716674805E0,-1.431243896E0
2.757644942E0,-1.288986206E0,-9.728927612E0,-1.443313599E0
2.762619307E0,-1.238739014E0,-9.740005493E0,-1.468734741E0
2.767593672E0,-1.217208862E0,-9.744812012E0,-1.508026123E0
2.772568038E0,-1.235122681E0,-9.729019165E0,-1.520889282E0
2.777542403E0,-1.263565063E0,-9.706420898E0,-1.518280029E0
2.782516768E0,-1.313232422E0,-9.680572510E0,-1.502960205E0
2.787491133E0,-1.339385986E0,-9.561401367E0,-1.443420410E0
2.792465498E0,-1.456085205E0,-9.553146362E0,-1.486999512E0
2.797439864E0,-1.527099609E0,-9.772277832E0,-1.505584717E0
2.802414229E0,-1.328155518E0,-9.867156982E0,-1.386123657E0
2.807388594E0,-1.123077393E0,-9.714309692E0,-1.300338745E0
2.812362959E0,-1.194168091E0,-9.640472412E0,-1.369567871E0
2.817337325E0,-1.252777100E0,-9.636642456E0,-1.504974365E0
2.822311690E0,-1.235626221E0,-9.631317139E0,-1.573486328E0
2.827286055E0,-1.266235352E0,-9.688018799E0,-1.440399170E0
2.832260420E0,-1.199066162E0,-9.701431274E0,-1.288909912E0
2.837234786E0,-1.118789673E0,-9.691085815E0,-1.192184448E0
2.842209151E0,-1.082000732E0,-9.705169678E0,-1.152145386E0
2.847183516E0,-1.086227417E0,-9.726867676E0,-1.250991821E0
2.852157881E0,-1.107498169E0,-9.718795776E0,-1.273315430E0
2.857132246E0,-1.134338379E0,-9.723266602E0,-1.257186890E0
2.862106612E0,-1.152008057E0,-9.754440308E0,-1.295379639E0
2.867080977E0,-1.192764282E0,-9.757263184E0,-1.296447754E0
2.872055342E0,-1.209579468E0,-9.767990112E0,-1.315460205E0
2.877029707E0,-1.220153809E0,-9.788375854E0,-1.305465698E0
2.882004073E0,-1.219146729E0,-9.793289185E0,-1.375534058E0
2.886978438E0,-1.244705200E0,-9.793457031E0,-1.391540527E0
2.891952803E0,-1.264587402E0,-9.771575928E0,-1.432846069E0
2.896927168E0,-1.294494629E0,-9.779495239E0,-1.421020508E0
2.901901534E0,-1.289840698E0,-9.793899536E0,-1.383789062E0
2.906875899E0,-1.191711426E0,-9.765136719E0,-1.326797485E0
2.911850264E0,-1.110610962E0,-9.758193970E0,-1.289321899E0
2.916824629E0,-1.131042480E0,-9.741500854E0,-1.264083862E0
2.921798995E0,-1.229568481E0,-9.716064453E0,-1.274673462E0
2.926773360E0,-1.295288086E0,-9.713973999E0,-1.292785645E0
2.931747725E0,-1.310867310E0,-9.743652344E0,-1.307739258E0
2.936722090E0,-1.278915405E0,-9.757781982E0,-1.325027466E0
2.941696455E0,-1.266006470E0,-9.766555786E0,-1.354812622E0
2.946670821E0,-1.278060913E0,-9.775924683E0,-1.390701294E0
2.951645186E0,-1.287460327E0,-9.768890381E0,-1.443191528E0
2.956619551E0,-1.293487549E0,-9.766540527E0,-1.486099243E0
2.961593916E0,-1.278244019E0,-9.764602661E0,-1.513153076E0
2.966568282E0,-1.268478394E0,-9.757812500E0,-1.511383057E0
2.971542647E0,-1.264205933E0,-9.751068115E0,-1.488281250E0
2.976517012E0,-1.253860474E0,-9.741256714E0,-1.440887451E0
2.981491377E0,-1.230865479E0,-9.749969482E0,-1.394302368E0
2.986465743E0,-1.230270386E0,-9.758392334E0,-1.349411011E0
2.991440108E0,-1.236663818E0,-9.760848999E0,-1.285202026E0
2.996414473E0,-1.235656738E0,-9.763305664E0,-1.224456787E0
3.001388838E0,-1.249313354E0,-9.763961792E0,-1.166244507E0
3.006363204E0,-1.274490356E0,-9.782470703E0,-1.122192383E0
3.011337569E0,-1.295745850E0,-9.780258179E0,-1.094406128E0
3.016311934E0,-1.319442749E0,-9.768402100E0,-1.107437134E0
3.021286299E0,-1.325576782E0,-9.762268066E0,-1.113174438E0
3.026260664E0,-1.351211548E0,-9.759460449E0,-1.138809204E0
3.031235030E0,-1.367645264E0,-9.748336792E0,-1.183395386E0
3.036209395E0,-1.331130981E0,-9.749450684E0,-1.236694336E0
3.041183760E0,-1.321441650E0,-9.731307983E0,-1.244918823E0
3.046158125E0,-1.300003052E0,-9.709335327E0,-1.245132446E0
3.051132491E0,-1.272827148E0,-9.687133789E0,-1.257034302E0
3.056106856E0,-1.236663818E0,-9.665771484E0,-1.250213623E0
3.061081221E0,-1.218231201E0,-9.661071777E0,-1.195922852E0
3.066055586E0,-1.216552734E0,-9.625610352E0,-1.171310425E0
3.071029952E0,-1.198287964E0,-9.629699707E0,-1.124130249E0
3.076004317E0,-1.191909790E0,-9.626571655E0,-1.113525391E0
3.080978682E0,-1.201675415E0,-9.620803833E0,-1.111083984E0
3.085953047E0,-1.248413086E0,-9.622329712E0,-1.090301514E0
3.090927413E0,-1.252456665E0,-9.626190186E0,-1.045272827E0
3.095901778E0,-1.275756836E0,-9.650238037E0,-1.004272461E0
3.100876143E0,-1.261962891E0,-9.675964355E0,-9.634704590E-1
3.105850508E0,-1.258728027E0,-9.724655151E0,-9.588317871E-1
3.110824873E0,-1.251647949E0,-9.728393555E0,-9.969177246E-1
3.115799239E0,-1.236022949E0,-9.697097778E0,-1.017242432E0
3.120773604E0,-1.076644897E0,-9.753219604E0,-9.699096680E-1
3.125747969E0,-1.018524170E0,-9.877639771E0,-8.876800537E-1
3.130722334E0,-1.364227295E0,-9.916809082E0,-1.071456909E0
3.135696700E0,-1.551666260E0,-9.834091187E0,-1.341598511E0
3.140671065E0,-1.462020874E0,-9.760574341E0,-1.370223999E0
3.145645430E0,-1.368530273E0,-9.748306274E0,-1.400436401E0
3.150619795E0,-1.380874634E0,-9.729644775E0,-1.503356934E0
3.155594161E0,-1.408035278E0,-9.679656982E0,-1.544998169E0
3.160568526E0,-1.330703735E0,-9.675704956E0,-1.386489868E0
3.165542891E0,-1.223709106E0,-9.685760498E0,-1.139617920E0
3.170517256E0,-1.178787231E0,-9.694030762E0,-9.877014160E-1
3.175491621E0,-1.137680054E0,-9.724090576E0,-9.284667969E-1
3.180465987E0,-1.126754761E0,-9.743530273E0,-9.371795654E-1
3.185440352E0,-1.093673706E0,-9.755798340E0,-9.528808594E-1
3.190414717E0,-1.059921265E0,-9.709457397E0,-1.012420654E0
3.195389082E0,-1.042114258E0,-9.637100220E0,-1.048690796E0
3.200363448E0,-1.067398071E0,-9.607040405E0,-1.007904053E0
3.205337813E0,-1.043121338E0,-9.597732544E0,-9.804992676E-1
3.210312178E0,-1.046539307E0,-9.596466064E0,-1.060424805E0
3.215286543E0,-1.161300659E0,-9.558822632E0,-1.188186646E0
3.220260909E0,-1.295928955E0,-9.564163208E0,-1.279769897E0
3.225235274E0,-1.402069092E0,-9.549865723E0,-1.389953613E0
3.230209639E0,-1.341064453E0,-9.722412109E0,-1.201599121E0
3.235184004E0,-1.192321777E0,-9.782104492E0,-1.056320190E0
3.240158370E0,-1.249618530E0,-9.771011353E0,-1.243637085E0
3.245132735E0,-1.293991089E0,-9.749084473E0,-1.384719849E0
3.250107100E0,-1.338073730E0,-9.729202271E0,-1.330368042E0
3.255081465E0,-1.254028320E0,-9.670028687E0,-1.229446411E0
3.260055830E0,-1.167358398E0,-9.691955566E0,-1.152969360E0
3.265030196E0,-1.116363525E0,-9.709594727E0,-1.079299927E0
3.270004561E0,-1.052169800E0,-9.706954956E0,-1.023742676E0
3.274978926E0,-9.944000244E-1,-9.674133301E0,-9.871215820E-1
3.279953291E0,-9.810791016E-1,-9.689300537E0,-9.630889893E-1
3.284927657E0,-9.576873779E-1,-9.695800781E0,-9.426574707E-1
3.289902022E0,-9.779663086E-1,-9.727722168E0,-9.544219971E-1
3.294876387E0,-1.006530762E0,-9.744888306E0,-1.033035278E0
3.299850752E0,-1.072570801E0,-9.758285522E0,-1.090759277E0
3.304825118E0,-1.144515991E0,-9.773757935E0,-1.129364014E0
3.309799483E0,-1.224212646E0,-9.817535400E0,-1.114807129E0
3.314773848E0,-1.286987305E0,-9.867431641E0,-1.091003418E0
3.319748213E0,-1.313201904E0,-9.895782471E0,-1.029281616E0
3.324722579E0,-1.345108032E0,-9.921981812E0,-9.498596191E-1
3.329696944E0,-1.369430542E0,-9.953720093E0,-8.807830811E-1
3.334671309E0,-1.375015259E0,-9.978027344E0,-7.991638184E-1
3.339645674E0,-1.367843628E0,-9.983688354E0,-7.448120117E-1
3.344620039E0,-1.355895996E0,-9.956207275E0,-7.389373779E-1
3.349594405E0,-1.324386597E0,-9.907958984E0,-7.530059814E-1
3.354568770E0,-1.296173096E0,-9.859054565E0,-8.277435303E-1
3.359543135E0,-1.475753784E0,-9.814331055E0,-9.732971191E-1
3.364517500E0,-1.089035034E0,-9.604965210E0,-7.825775146E-1
3.369491866E0,-1.015975952E0,-9.534027100E0,-4.689025879E-1
3.374466231E0,-8.647460938E-1,-9.514892578E0,-7.983398438E-1
3.379440596E0,-1.032394409E0,-9.592117310E0,-1.416793823E0
3.384414961E0,-1.428344727E0,-9.637924194E0,-1.845397949E0
3.389389327E0,-1.729064941E0,-9.602432251E0,-2.051742554E0
3.394363692E0,-1.901824951E0,-9.527618408E0,-2.123840332E0
3.399338057E0,-1.658706665E0,-9.404632568E0,-1.916702271E0
3.404312422E0,-1.133728027E0,-9.350524902E0,-1.624969482E0
3.409286788E0,-1.126266479E0,-9.437042236E0,-1.576370239E0
3.414261153E0,-1.312469482E0,-9.628280640E0,-1.432525635E0
3.419235518E0,-1.389266968E0,-9.716552734E0,-1.160202026E0
3.424209883E0,-1.624664307E0,-9.720886230E0,-1.068145752E0
3.429184248E0,-1.389663696E0,-9.723281860E0,-1.041885376E0
3.434158614E0,-1.669403076E0,-9.766906738E0,-9.689483643E-1
3.439132979E0,-1.480987549E0,-9.672134399E0,-1.046295166E0
3.444107344E0,-1.306594849E0,-9.706314087E0,-1.153121948E0
3.449081709E0,-1.192672729E0,-9.736953735E0,-1.259246826E0
3.454056075E0,-1.241561890E0,-9.780456543E0,-1.274398804E0
3.459030440E0,-1.249664307E0,-9.824234009E0,-1.238616943E0
3.464004805E0,-1.323791504E0,-9.791427612E0,-1.182662964E0
3.468979170E0,-1.306747437E0,-9.749099731E0,-1.030441284E0
3.473953536E0,-1.118057251E0,-9.735977173E0,-7.580261230E-1
3.478927901E0,-1.021957397E0,-9.737869263E0,-6.829528809E-1
3.483902266E0,-1.016204834E0,-9.762557983E0,-7.711639404E-1
3.488876631E0,-9.805450439E-1,-9.792526245E0,-8.192138672E-1
3.493850996E0,-8.959960938E-1,-9.838943481E0,-8.439331055E-1
3.498825362E0,-8.972015381E-1,-9.814163208E0,-9.270477295E-1
3.503799727E0,-8.917694092E-1,-9.780593872E0,-1.019348145E0
3.508774092E0,-8.787384033E-1,-9.789886475E0,-1.078384399E0
3.513748457E0,-8.279113770E-1,-9.784255981E0,-1.106445312E0
3.518722823E0,-7.915344238E-1,-9.789138794E0,-1.107833862E0
3.523697188E0,-7.147064209E-1,-9.787094116E0,-1.033157349E0
3.528671553E0,-7.781677246E-1,-9.771331787E0,-1.015533447E0
3.533645918E0,-9.807281494E-1,-9.769393921E0,-1.148422241E0
3.538620284E0,-1.002487183E0,-9.755752563E0,-1.163665771E0
3.543594649E0,-8.860015869E-1,-9.728164673E0,-1.074920654E0
3.548569014E0,-8.356628418E-1,-9.686904907E0,-1.048919678E0
3.553543379E0,-8.817596436E-1,-9.669097900E0,-1.061233521E0
3.558517745E0,-9.256439209E-1,-9.637756348E0,-1.061630249E0
3.563492110E0,-9.509277344E-1,-9.622787476E0,-1.023406982E0
3.568466475E0,-9.608917236E-1,-9.621063232E0,-9.701538086E-1
3.573440840E0,-9.711608887E-1,-9.643692017E0,-9.430541992E-1
3.578415205E0,-1.000091553E0,-9.647811890E0,-9.425354004E-1
3.583389571E0,-9.942932129E-1,-9.694503784E0,-9.742126465E-1
3.588363936E0,-1.002761841E0,-9.730194092E0,-9.838867188E-1
3.593338301E0,-1.042083740E0,-9.753646851E0,-1.000671387E0
3.598312666E0,-1.065216064E0,-9.773651123E0,-1.018188477E0
3.603287032E0,-1.080505371E0,-9.788940430E0,-1.011535645E0
3.608261397E0,-1.121932983E0,-9.790283203E0,-1.015090942E0
3.613235762E0,-1.127212524E0,-9.794860840E0,-1.026855469E0
3.618210127E0,-1.134368896E0,-9.788024902E0,-1.017974854E0
3.623184493E0,-1.158752441E0,-9.763824463E0,-1.058486938E0
3.628158858E0,-1.185913086E0,-9.752090454E0,-1.059387207E0
3.633133223E0,-1.215545654E0,-9.751541138E0,-1.081359863E0
3.638107588E0,-1.208953857E0,-9.705764771E0,-1.066925049E0
3.643081954E0,-1.186874390E0,-9.669784546E0,-1.077041626E0
3.648056319E0,-1.185409546E0,-9.642654419E0,-1.053375244E0
3.653030684E0,-1.197647095E0,-9.628707886E0,-1.053741455E0
3.658005049E0,-1.240188599E0,-9.609436035E0,-1.059600830E0
3.662979414E0,-1.258071899E0,-9.607330322E0,-1.026657104E0
3.667953780E0,-1.280441284E0,-9.625686646E0,-1.009231567E0
3.672928145E0,-1.282394409E0,-9.645172119E0,-1.035919189E0
3.677902510E0,-1.284103394E0,-9.664505005E0,-1.016662598E0
3.682876875E0,-1.272583008E0,-9.692886353E0,-1.007461548E0
3.687851241E0,-1.263565063E0,-9.717056274E0,-1.017639160E0
3.692825606E0,-1.261627197E0,-9.757736206E0,-1.033920288E0
3.697799971E0,-1.271865845E0,-9.788482666E0,-1.018249512E0
3.702774336E0,-1.276351929E0,-9.834686279E0,-1.003112793E0
3.707748702E0,-1.266555786E0,-9.876159668E0,-1.009277344E0
3.712723067E0,-1.252105713E0,-9.898941040E0,-1.039947510E0
3.717697432E0,-1.220230103E0,-9.925872803E0,-1.067062378E0
3.722671797E0,-1.205505371E0,-9.959899902E0,-1.108322144E0
3.727646163E0,-1.213745117E0,-9.968124390E0,-1.144424438E0
3.732620528E0,-1.190658569E0,-9.918777466E0,-1.146209717E0
3.737594893E0,-1.164016724E0,-9.872863770E0,-1.121795654E0
3.742569258E0,-1.111007690E0,-9.800216675E0,-1.130142212E0
3.747543623E0,-1.045959473E0,-9.736846924E0,-1.156585693E0
3.752517989E0,-9.755096436E-1,-9.671981812E0,-1.193572998E0
3.757492354E0,-9.337768555E-1,-9.628524780E0,-1.266876221E0
3.762466719E0,-9.156646729E-1,-9.613296509E0,-1.349182129E0
3.767441084E0,-8.825836182E-1,-9.610824585E0,-1.419113159E0
3.772415450E0,-8.641357422E-1,-9.643280029E0,-1.464675903E0
3.777389815E0,-8.321380615E-1,-9.683059692E0,-1.476379395E0
3.782364180E0,-7.811126709E-1,-9.704010010E0,-1.471130371E0
3.787338545E0,-7.606201172E-1,-9.723281860E0,-1.490966797E0
3.792312911E0,-7.459106445E-1,-9.721374512E0,-1.453079224E0
3.797287276E0,-6.382751465E-1,-9.698776245E0,-1.514877319E0
3.802261641E0,-6.456146240E-1,-9.678680420E0,-1.634643555E0
3.807236006E0,-6.745300293E-1,-9.630874634E0,-1.644638062E0
3.812210371E0,-7.039337158E-1,-9.610763550E0,-1.546630859E0
3.817184737E0,-7.284698486E-1,-9.598861694E0,-1.547821045E0
3.822159102E0,-7.539367676E-1,-9.598602295E0,-1.507888794E0
3.827133467E0,-7.964324951E-1,-9.593887329E0,-1.458312988E0
3.832107832E0,-8.446350098E-1,-9.590393066E0,-1.430282593E0
3.837082198E0,-8.636932373E-1,-9.585647583E0,-1.394973755E0
3.842056563E0,-8.715515137E-1,-9.622039795E0,-1.370193481E0
3.847030928E0,-8.425598145E-1,-9.621063232E0,-1.343215942E0
3.852005293E0,-8.051452637E-1,-9.643203735E0,-1.327651978E0
3.856979659E0,-7.444610596E-1,-9.679885864E0,-1.345397949E0
3.861954024E0,-7.494354248E-1,-9.705749512E0,-1.309616089E0
3.866928389E0,-7.580718994E-1,-9.741806030E0,-1.238769531E0
3.871902754E0,-7.053375244E-1,-9.758026123E0,-1.197402954E0
3.876877120E0,-5.989074707E-1,-9.798767090E0,-1.233123779E0
3.881851485E0,-5.124359131E-1,-9.871704102E0,-1.374099731E0
3.886825850E0,-3.820800781E-1,-9.925674438E0,-1.570648193E0
3.891800215E0,-2.788085938E-1,-9.956787109E0,-1.820281982E0
3.896774580E0,-1.965332031E-1,-9.952194214E0,-2.068969727E0
3.901748946E0,-1.162414551E-1,-9.913223267E0,-2.254348755E0
3.906723311E0,-6.509399414E-2,-9.834793091E0,-2.386154175E0
3.911697676E0,-2.879333496E-2,-9.773834229E0,-2.500244141E0
3.916672041E0,-1.001586914E-1,-9.684997559E0,-2.509490967E0
3.921646407E0,-1.478424072E-1,-9.569686890E0,-2.347229004E0
3.926620772E0,-1.048889160E-1,-9.475067139E0,-2.130645752E0
3.931595137E0,-5.093383789E-2,-9.418365479E0,-1.958816528E0
3.936569502E0,-4.791259766E-3,-9.398773193E0,-1.872680664E0
3.941543868E0,4.827880859E-2,-9.375961304E0,-1.835784912E0
3.946518233E0,1.627807617E-1,-9.398788452E0,-1.850173950E0
3.951492598E0,2.903747559E-1,-9.509979248E0,-1.898483276E0
3.956466963E0,4.263305664E-1,-9.657073975E0,-2.007217407E0
3.961441329E0,5.061492920E-1,-9.763656616E0,-2.142501831E0
3.966415694E0,6.140747070E-1,-9.971420288E0,-2.312866211E0
3.971390059E0,6.562042236E-1,-1.015531921E1,-2.405868530E0
3.976364424E0,6.518707275E-1,-1.030847168E1,-2.429977417E0
3.981338789E0,6.038665771E-1,-1.045175171E1,-2.459548950E0
3.986313155E0,5.100860596E-1,-1.053112793E1,-2.460861206E0
3.991287520E0,2.922668457E-1,-1.055717468E1,-2.293624878E0
3.996261885E0,1.315307617E-2,-1.060473633E1,-2.193222046E0
4.001236250E0,-1.476745605E-1,-1.053491211E1,-2.142730713E0
4.006210616E0,-2.354278564E-1,-1.036546326E1,-2.107727051E0
4.011184981E0,-2.697753906E-1,-1.015487671E1,-2.040817261E0
4.016159346E0,-3.017883301E-1,-9.951828003E0,-1.952911377E0
4.021133711E0,-3.017883301E-1,-9.750732422E0,-1.787490845E0
4.026108077E0,-3.011932373E-1,-9.638549805E0,-1.659591675E0
4.031082442E0,-2.941131592E-1,-9.520309448E0,-1.556137085E0
4.036056807E0,-2.744598389E-1,-9.443847656E0,-1.508300781E0
4.041031172E0,-2.572326660E-1,-9.387710571E0,-1.475830078E0
4.046005538E0,-2.392883301E-1,-9.380233765E0,-1.470153809E0
4.050979903E0,-1.766967773E-1,-9.388763428E0,-1.440795898E0
4.055954268E0,-9.854125977E-2,-9.397323608E0,-1.463043213E0
4.060928633E0,-5.439758301E-2,-9.456405640E0,-1.543548584E0
4.065902998E0,-2.900695801E-2,-9.489593506E0,-1.651901245E0
4.070877364E0,-8.605957031E-3,-9.536376953E0,-1.712707520E0
4.075851729E0,1.423645020E-2,-9.539276123E0,-1.746841431E0
4.080826094E0,2.725219727E-2,-9.517730713E0,-1.773300171E0
4.085800459E0,3.886413574E-2,-9.487930298E0,-1.809066772E0
4.090774825E0,8.435058594E-2,-9.420150757E0,-1.847457886E0
4.095749190E0,1.332092285E-1,-9.338668823E0,-1.841247559E0
4.100723555E0,1.945800781E-1,-9.267532349E0,-1.830352783E0
4.105697920E0,2.452545166E-1,-9.192382812E0,-1.853088379E0
4.110672286E0,2.468261719E-1,-9.144882202E0,-1.871368408E0
4.115646651E0,2.022857666E-1,-9.137512207E0,-1.900177002E0
4.120621016E0,1.225433350E-1,-9.196060181E0,-1.942825317E0
4.125595381E0,3.123474121E-2,-9.316635132E0,-2.027496338E0
4.130569746E0,-1.183471680E-1,-9.503158569E0,-2.150405884E0
4.135544112E0,-2.523345947E-1,-9.724136353E0,-2.217666626E0
4.140518477E0,-3.023529053E-1,-9.958160400E0,-2.226852417E0
4.145492842E0,-3.089599609E-1,-1.013700867E1,-2.213653564E0
4.150467207E0,-3.034210205E-1,-1.024217224E1,-2.222396851E0
4.155441573E0,-2.807769775E-1,-1.029608154E1,-2.180313110E0
4.160415938E0,-2.380065918E-1,-1.034811401E1,-2.109603882E0
4.165390303E0,-1.707153320E-1,-1.035533142E1,-2.015197754E0
4.170364668E0,-5.105590820E-2,-1.028337097E1,-2.001266479E0
4.175339034E0,2.665710449E-2,-1.017611694E1,-2.014266968E0
4.180313399E0,1.156158447E-1,-1.004122925E1,-2.064620972E0
4.185287764E0,1.514739990E-1,-9.938186646E0,-2.095703125E0
4.190262129E0,1.716308594E-1,-9.851684570E0,-2.181488037E0
4.195236495E0,1.841278076E-1,-9.816131592E0,-2.238204956E0
4.200210860E0,1.975860596E-1,-9.777969360E0,-2.243194580E0
4.205185225E0,1.750946045E-1,-9.768615723E0,-2.245147705E0
4.210159590E0,1.094970703E-1,-9.766159058E0,-2.165878296E0
4.215133955E0,4.873657227E-2,-9.763153076E0,-2.108886719E0
4.220108321E0,-2.438354492E-2,-9.751785278E0,-2.084121704E0
4.225082686E0,-9.812927246E-2,-9.707077026E0,-2.069427490E0
4.230057051E0,-2.525787354E-1,-9.632064819E0,-2.179016113E0
4.235031416E0,-3.324890137E-1,-9.602828979E0,-2.228775024E0
4.240005782E0,-4.102783203E-1,-9.618408203E0,-2.237289429E0
4.244980147E0,-4.716796875E-1,-9.656875610E0,-2.150756836E0
4.249954512E0,-4.631958008E-1,-9.687026978E0,-2.013244629E0
4.254928877E0,-4.313812256E-1,-9.716659546E0,-1.834884644E0
4.259903243E0,-3.843231201E-1,-9.738754272E0,-1.672119141E0
4.264877608E0,-3.244018555E-1,-9.755935669E0,-1.583007812E0
4.269851973E0,-2.425994873E-1,-9.765396118E0,-1.556198120E0
4.274826338E0,-9.785461426E-2,-9.759872437E0,-1.572570801E0
4.279800704E0,6.404113770E-2,-9.741394043E0,-1.631317139E0
4.284775069E0,2.080078125E-1,-9.698059082E0,-1.726486206E0
4.289749434E0,3.188476562E-1,-9.641433716E0,-1.816467285E0
4.294723799E0,3.888397217E-1,-9.591308594E0,-1.882492065E0
4.299698164E0,4.195861816E-1,-9.531311035E0,-1.958541870E0
4.304672530E0,4.322204590E-1,-9.472763062E0,-2.045455933E0
4.309646895E0,4.264373779E-1,-9.417861938E0,-2.093353271E0
4.314621260E0,3.871917725E-1,-9.338882446E0,-2.091049194E0
4.319595625E0,3.187561035E-1,-9.252700806E0,-2.049896240E0
4.324569991E0,2.228393555E-1,-9.189163208E0,-2.015808105E0
4.329544356E0,1.225128174E-1,-9.145492554E0,-2.005004883E0
4.334518721E0,3.326416016E-2,-9.109786987E0,-1.953933716E0
4.339493086E0,-3.239440918E-2,-9.119522095E0,-1.916458130E0
4.344467452E0,-8.557128906E-2,-9.163009644E0,-1.870513916E0
4.349441817E0,-1.511230469E-1,-9.226089478E0,-1.801010132E0
4.354416182E0,-1.792602539E-1,-9.302551270E0,-1.749694824E0
4.359390547E0,-1.716918945E-1,-9.376876831E0,-1.669616699E0
4.364364913E0,-1.594238281E-1,-9.461227417E0,-1.631118774E0
4.369339278E0,-1.383056641E-1,-9.571411133E0,-1.616912842E0
4.374313643E0,-1.230468750E-1,-9.643356323E0,-1.602386475E0
4.379288008E0,-7.772827148E-2,-9.707748413E0,-1.606353760E0
4.384262373E0,-7.452392578E-2,-9.754455566E0,-1.630187988E0
4.389236739E0,-8.381652832E-2,-9.763900757E0,-1.600601196E0
4.394211104E0,-7.768249512E-2,-9.761978149E0,-1.565170288E0
4.399185469E0,-9.141540527E-2,-9.768753052E0,-1.513946533E0
4.404159834E0,-9.053039551E-2,-9.769531250E0,-1.499206543E0
4.409134200E0,-6.753540039E-2,-9.775604248E0,-1.531585693E0
4.414108565E0,-8.592224121E-2,-9.770523071E0,-1.592193604E0
4.419082930E0,-9.512329102E-2,-9.737380981E0,-1.614471436E0
4.424057295E0,-8.973693848E-2,-9.650146484E0,-1.593887329E0
4.429031661E0,-8.459472656E-2,-9.598968506E0,-1.568038940E0
4.434006026E0,-8.209228516E-2,-9.554092407E0,-1.507873535E0
4.438980391E0,-7.106018066E-2,-9.500579834E0,-1.448898315E0
4.443954756E0,-8.952331543E-2,-9.458099365E0,-1.380554199E0
4.448929121E0,-1.450805664E-1,-9.444961548E0,-1.367340088E0
4.453903487E0,-2.067871094E-1,-9.468185425E0,-1.408996582E0
4.458877852E0,-2.605133057E-1,-9.518081665E0,-1.460647583E0
4.463852217E0,-3.130035400E-1,-9.542434692E0,-1.474624634E0
4.468826582E0,-3.758850098E-1,-9.544906616E0,-1.466583252E0
4.473800948E0,-4.487915039E-1,-9.547348022E0,-1.479934692E0
4.478775313E0,-4.705047607E-1,-9.570007324E0,-1.476165771E0
4.483749678E0,-4.731445312E-1,-9.594177246E0,-1.428222656E0
4.488724043E0,-4.736175537E-1,-9.610870361E0,-1.374252319E0
4.493698409E0,-4.830780029E-1,-9.636581421E0,-1.333877563E0
4.498672774E0,-4.874420166E-1,-9.669830322E0,-1.301467896E0
4.503647139E0,-4.776306152E-1,-9.686508179E0,-1.291198730E0
4.508621504E0,-4.427642822E-1,-9.690521240E0,-1.285156250E0
4.513595870E0,-4.115905762E-1,-9.679183960E0,-1.307022095E0
4.518570235E0,-3.810882568E-1,-9.674728394E0,-1.339523315E0
4.523544600E0,-3.205566406E-1,-9.685913086E0,-1.346267700E0
4.528518965E0,-2.472686768E-1,-9.653442383E0,-1.331085205E0
4.533493330E0,-1.698150635E-1,-9.611831665E0,-1.339645386E0
4.538467696E0,-7.771301270E-2,-9.578414917E0,-1.317993164E0
4.543442061E0,3.596496582E-2,-9.552520752E0,-1.316116333E0
4.548416426E0,1.145324707E-1,-9.517684937E0,-1.368453979E0
4.553390791E0,1.899108887E-1,-9.514846802E0,-1.410675049E0
4.558365157E0,2.422180176E-1,-9.539276123E0,-1.463333130E0
4.563339522E0,2.664947510E-1,-9.573028564E0,-1.526351929E0
4.568313887E0,2.839202881E-1,-9.639816284E0,-1.539138794E0
4.573288252E0,3.248748779E-1,-9.732284546E0,-1.577484131E0
4.578262618E0,3.155212402E-1,-9.781539917E0,-1.586944580E0
4.583236983E0,3.095550537E-1,-9.826858521E0,-1.565612793E0
4.588211348E0,2.280120850E-1,-9.898239136E0,-1.504776001E0
4.593185713E0,1.733703613E-1,-9.964035034E0,-1.425994873E0
4.598160079E0,8.123779297E-2,-1.000086975E1,-1.359283447E0
4.603134444E0,-7.185363770E-2,-1.002844238E1,-1.247467041E0
4.608108809E0,-2.157440186E-1,-1.008770752E1,-1.202209473E0
4.613083174E0,-3.536376953E-1,-1.007981873E1,-1.172332764E0
4.618057539E0,-4.941864014E-1,-1.008309937E1,-1.143112183E0
4.623031905E0,-6.574554443E-1,-1.008493042E1,-1.164688110E0
4.628006270E0,-7.722320557E-1,-1.004609680E1,-1.193527222E0
4.632980635E0,-8.610076904E-1,-9.989410400E0,-1.213684082E0
4.637955000E0,-9.047698975E-1,-9.909927368E0,-1.315307617E0
4.642929366E0,-8.898315430E-1,-9.851409912E0,-1.415191650E0
4.647903731E0,-7.889404297E-1,-9.802536011E0,-1.413345337E0
4.652878096E0,-6.320037842E-1,-9.756835938E0,-1.419937134E0
4.657852461E0,-5.051574707E-1,-9.728454590E0,-1.471115112E0
4.662826827E0,-3.869628906E-1,-9.702590942E0,-1.530441284E0
4.667801192E0,-2.811584473E-1,-9.694488525E0,-1.577362061E0
4.672775557E0,-1.867370605E-1,-9.696899414E0,-1.603042603E0
4.677749922E0,-8.786010742E-2,-9.672424316E0,-1.608840942E0
4.682724288E0,-1.358032227E-2,-9.653884888E0,-1.607467651E0
4.687698653E0,1.159667969E-3,-9.642456055E0,-1.599288940E0
4.692673018E0,2.899169922E-4,-9.612411499E0,-1.619796753E0
4.697647383E0,-1.947021484E-2,-9.595779419E0,-1.639770508E0
4.702621748E0,-5.532836914E-2,-9.627578735E0,-1.661468506E0
4.707596114E0,-1.122741699E-1,-9.680969238E0,-1.674377441E0
4.712570479E0,-1.976623535E-1,-9.733306885E0,-1.580642700E0
4.717544844E0,-2.801361084E-1,-9.766921997E0,-1.366928101E0
4.722519209E0,-3.290100098E-1,-9.773529053E0,-1.166656494E0
4.727493575E0,-3.663482666E-1,-9.796478271E0,-1.008895874E0
4.732467940E0,-3.814544678E-1,-9.837738037E0,-8.632049561E-1
4.737442305E0,-3.627014160E-1,-9.845321655E0,-7.606506348E-1
4.742416670E0,-4.076690674E-1,-9.868499756E0,-7.073822021E-1
4.747391036E0,-4.272613525E-1,-9.875976562E0,-7.127990723E-1
4.752365401E0,-4.263763428E-1,-9.869750977E0,-7.295074463E-1
4.757339766E0,-4.124908447E-1,-9.839508057E0,-7.809906006E-1
4.762314131E0,-4.048156738E-1,-9.800582886E0,-8.326110840E-1
4.767288496E0,-4.118041992E-1,-9.763946533E0,-9.297027588E-1
4.772262862E0,-4.027404785E-1,-9.757095337E0,-9.987487793E-1
4.777237227E0,-4.141082764E-1,-9.700683594E0,-1.006027222E0
4.782211592E0,-4.122772217E-1,-9.640899658E0,-1.086349487E0
4.787185957E0,-4.158325195E-1,-9.544418335E0,-1.159927368E0
4.792160323E0,-4.104614258E-1,-9.445968628E0,-1.236251831E0
4.797134688E0,-4.166412354E-1,-9.369598389E0,-1.330780029E0
4.802109053E0,-4.157104492E-1,-9.265625000E0,-1.438217163E0
4.807083418E0,-4.218597412E-1,-9.207290649E0,-1.578552246E0
4.812057784E0,-4.573211670E-1,-9.179611206E0,-1.695617676E0
4.817032149E0,-4.670410156E-1,-9.173721313E0,-1.809188843E0
4.822006514E0,-4.840240479E-1,-9.206604004E0,-1.891845703E0
4.826980879E0,-4.675140381E-1,-9.242355347E0,-1.941360474E0
4.831955245E0,-4.662170410E-1,-9.319549561E0,-1.932739258E0
4.836929610E0,-4.068450928E-1,-9.397140503E0,-1.920578003E0
4.841903975E0,-3.443603516E-1,-9.496307373E0,-2.025222778E0
4.846878340E0,-3.973846436E-1,-9.634292603E0,-2.134262085E0
4.851852705E0,-5.423431396E-1,-9.728881836E0,-2.008605957E0
4.856827071E0,-6.685638428E-1,-9.754119873E0,-1.784927368E0
4.861801436E0,-7.852325439E-1,-9.800582886E0,-1.633071899E0
4.866775801E0,-8.905181885E-1,-9.884201050E0,-1.534851074E0
4.871750166E0,-9.051666260E-1,-9.976516724E0,-1.426239014E0
4.876724532E0,-8.400421143E-1,-1.004838562E1,-1.271759033E0
4.881698897E0,-7.458953857E-1,-1.011257935E1,-1.032318115E0
4.886673262E0,-6.234588623E-1,-1.017155457E1,-7.566375732E-1
4.891647627E0,-5.936584473E-1,-1.023123169E1,-5.650634766E-1
4.896621993E0,-6.546020508E-1,-1.026535034E1,-4.448699951E-1
4.901596358E0,-6.757507324E-1,-1.029698181E1,-4.467315674E-1
4.906570723E0,-6.715087891E-1,-1.030181885E1,-5.313110352E-1
4.911545088E0,-6.941528320E-1,-1.030914307E1,-6.257629395E-1
4.916519454E0,-6.919097900E-1,-1.028158569E1,-8.194732666E-1
4.921493819E0,-7.150115967E-1,-1.020472717E1,-1.039886475E0
4.926468184E0,-7.774200439E-1,-1.013504028E1,-1.301116943E0
4.931442549E0,-8.356475830E-1,-1.003533936E1,-1.533294678E0
4.936416914E0,-1.001815796E0,-9.959976196E0,-1.754653931E0
4.941391280E0,-1.249710083E0,-9.899902344E0,-1.924560547E0
4.946365645E0,-1.498016357E0,-9.847854614E0,-1.909378052E0
4.951340010E0,-1.709686279E0,-9.824188232E0,-1.748306274E0
4.956314375E0,-1.837661743E0,-9.806762695E0,-1.509384155E0
4.961288741E0,-1.782333374E0,-9.761505127E0,-1.290481567E0
4.966263106E0,-1.681365967E0,-9.757415771E0,-1.137802124E0
4.971237471E0,-1.526641846E0,-9.725143433E0,-1.111968994E0
4.976211836E0,-1.316436768E0,-9.687545776E0,-1.216720581E0
4.981186202E0,-1.128814697E0,-9.646148682E0,-1.356216431E0
4.986160567E0,-9.347839355E-1,-9.624938965E0,-1.508285522E0
4.991134932E0,-8.803863525E-1,-9.602981567E0,-1.774093628E0
4.996109297E0,-8.214874268E-1,-9.557830811E0,-2.051376343E0
5.001083663E0,-7.516937256E-1,-9.511001587E0,-2.355224609E0
5.006058028E0,-6.841888428E-1,-9.471679688E0,-2.648803711E0
5.011032393E0,-6.480560303E-1,-9.426025391E0,-2.919494629E0
5.016006758E0,-6.606597900E-1,-9.364700317E0,-3.101699829E0
5.020981123E0,-7.129516602E-1,-9.315567017E0,-3.207962036E0
5.025955489E0,-7.723693848E-1,-9.282302856E0,-3.324829102E0
5.030929854E0,-8.220062256E-1,-9.240707397E0,-3.435470581E0
5.035904219E0,-8.745727539E-1,-9.214248657E0,-3.533523560E0
5.040878584E0,-9.392547607E-1,-9.205886841E0,-3.626647949E0
5.045852950E0,-9.765625000E-1,-9.188644409E0,-3.702331543E0
5.050827315E0,-1.021743774E0,-9.151473999E0,-3.734817505E0
5.055801680E0,-1.103713989E0,-9.115707397E0,-3.757080078E0
5.060776045E0,-1.235076904E0,-9.054702759E0,-3.756240845E0
5.065750411E0,-1.349426270E0,-9.037353516E0,-3.650894165E0
5.070724776E0,-1.415664673E0,-9.060073853E0,-3.455764771E0
5.075699141E0,-1.461227417E0,-9.076675415E0,-3.248931885E0
5.080673506E0,-1.464065552E0,-9.066360474E0,-3.083786011E0
5.085647871E0,-1.422531128E0,-9.030456543E0,-2.943939209E0
5.090622237E0,-1.396453857E0,-9.010665894E0,-2.816680908E0
5.095596602E0,-1.351013184E0,-8.974670410E0,-2.713241577E0
5.100570967E0,-1.311874390E0,-8.973266602E0,-2.629837036E0
5.105545332E0,-1.244186401E0,-8.982376099E0,-2.600143433E0
5.110519698E0,-1.204513550E0,-9.007202148E0,-2.630065918E0
5.115494063E0,-1.161071777E0,-9.040649414E0,-2.747833252E0
5.120468428E0,-1.118576050E0,-9.087356567E0,-2.851821899E0
5.125442793E0,-1.064147949E0,-9.180984497E0,-2.915985107E0
5.130417159E0,-1.038162231E0,-9.244781494E0,-3.010330200E0
5.135391524E0,-1.022842407E0,-9.366897583E0,-3.011428833E0
5.140365889E0,-1.024353027E0,-9.480545044E0,-3.008697510E0
5.145340254E0,-1.003021240E0,-9.583877563E0,-3.030044556E0
5.150314620E0,-9.977874756E-1,-9.725006104E0,-3.056716919E0
5.155288985E0,-9.818725586E-1,-9.821807861E0,-3.069824219E0
5.160263350E0,-9.949798584E-1,-9.998336792E0,-3.098052979E0
5.165237715E0,-1.019897461E0,-1.017204285E1,-3.084045410E0
5.170212080E0,-1.048980713E0,-1.032939148E1,-3.146270752E0
5.175186446E0,-1.103607178E0,-1.046804810E1,-3.210983276E0
5.180160811E0,-1.210906982E0,-1.057904053E1,-3.259841919E0
5.185135176E0,-1.272354126E0,-1.064598083E1,-3.340850830E0
5.190109541E0,-1.313568115E0,-1.065582275E1,-3.417541504E0
5.195083907E0,-1.388732910E0,-1.060403442E1,-3.495758057E0
5.200058272E0,-1.486190796E0,-1.047901917E1,-3.506072998E0
5.205032637E0,-1.614944458E0,-1.034552002E1,-3.487945557E0
5.210007002E0,-1.730300903E0,-1.013247681E1,-3.502349854E0
5.214981368E0,-1.909500122E0,-9.898193359E0,-3.553604126E0
5.219955733E0,-2.102218628E0,-9.672882080E0,-3.644927979E0
5.224930098E0,-2.350769043E0,-9.419631958E0,-3.747695923E0
5.229904463E0,-2.690399170E0,-9.156143188E0,-3.827957153E0
5.234878829E0,-3.019393921E0,-8.904144287E0,-3.914932251E0
5.239853194E0,-3.149429321E0,-8.653503418E0,-4.059585571E0
5.244827559E0,-3.036010742E0,-8.473587036E0,-4.240951538E0
5.249801924E0,-2.822769165E0,-8.351684570E0,-4.332046509E0
5.254776289E0,-3.221466064E0,-8.265670776E0,-4.469482422E0
5.259750655E0,-4.278167725E0,-8.170654297E0,-4.971893311E0
5.264725020E0,-6.216918945E0,-8.013732910E0,-5.236404419E0
5.269699385E0,-6.842193604E0,-8.514678955E0,-4.198654175E0
5.274673750E0,-6.128311157E0,-9.383514404E0,-3.287002563E0
5.279648116E0,-5.827636719E0,-1.051234436E1,-2.943054199E0
5.284622481E0,-5.492538452E0,-1.156568909E1,-3.014572144E0
5.289596846E0,-4.525695801E0,-1.234056091E1,-3.323364258E0
5.294571211E0,-3.522705078E0,-1.283355713E1,-3.352706909E0
5.299545577E0,-3.969421387E0,-1.313369751E1,-2.764984131E0
5.304519942E0,-4.154800415E0,-1.304376221E1,-2.045333862E0
5.309494307E0,-3.315887451E0,-1.279400635E1,-1.554565430E0
5.314468672E0,-2.161880493E0,-1.239082336E1,-1.371307373E0
5.319443038E0,-1.673553467E0,-1.184043884E1,-1.075637817E0
5.324417403E0,-1.463256836E0,-1.133837891E1,-6.678771973E-1
5.329391768E0,-9.059143066E-1,-1.082456970E1,-3.309173584E-1
5.334366133E0,-4.958343506E-1,-1.025309753E1,-1.288909912E-1
5.339340498E0,-2.745361328E-1,-9.743560791E0,7.920837402E-2
5.344314864E0,-2.033691406E-1,-9.253219604E0,1.680908203E-1
5.349289229E0,-2.600860596E-1,-8.840209961E0,2.020721436E-1
5.354263594E0,-3.287963867E-1,-8.527709961E0,1.474609375E-1
5.359237959E0,-4.778594971E-1,-8.243072510E0,-4.013061523E-3
5.364212325E0,-6.584472656E-1,-8.072204590E0,-2.678527832E-1
5.369186690E0,-9.448547363E-1,-7.993133545E0,-6.615447998E-1
5.374161055E0,-1.238861084E0,-7.882583618E0,-1.132339478E0
5.379135420E0,-1.565536499E0,-7.832687378E0,-1.692703247E0
5.384109786E0,-1.995864868E0,-7.826644897E0,-2.302078247E0
5.389084151E0,-2.215225220E0,-7.779922485E0,-2.977066040E0
5.394058516E0,-2.317764282E0,-7.760314941E0,-3.671600342E0
5.399032881E0,-2.461441040E0,-7.736770630E0,-4.357620239E0
5.404007246E0,-2.576705933E0,-7.706436157E0,-5.027420044E0
5.408981612E0,-2.677947998E0,-7.665008545E0,-5.658264160E0
5.413955977E0,-2.677719116E0,-7.633453369E0,-6.220092773E0
5.418930342E0,-2.556015015E0,-7.666793823E0,-6.669326782E0
5.423904707E0,-2.393295288E0,-7.684432983E0,-6.946502686E0
5.428879073E0,-2.340270996E0,-7.685226440E0,-7.050735474E0
5.433853438E0,-2.278625488E0,-7.709869385E0,-6.983291626E0
5.438827803E0,-2.162490845E0,-7.720489502E0,-6.795425415E0
5.443802168E0,-2.087127686E0,-7.749969482E0,-6.554779053E0
5.448776534E0,-1.976135254E0,-7.794128418E0,-6.203414917E0
5.453750899E0,-1.778793335E0,-7.828002930E0,-5.707107544E0
5.458725264E0,-1.717864990E0,-7.896377563E0,-5.158218384E0
5.463699629E0,-1.769271851E0,-8.003402710E0,-4.675750732E0
5.468673995E0,-1.723175049E0,-8.090805054E0,-4.235809326E0
5.473648360E0,-1.697845459E0,-8.160964966E0,-3.826614380E0
5.478622725E0,-1.750701904E0,-8.149734497E0,-3.514465332E0
5.483597090E0,-1.843856812E0,-8.141082764E0,-3.308258057E0
5.488571455E0,-2.005111694E0,-8.206100464E0,-3.185516357E0
5.493545821E0,-2.307159424E0,-8.219055176E0,-3.175979614E0
5.498520186E0,-2.585845947E0,-8.195861816E0,-3.233367920E0
5.503494551E0,-2.853225708E0,-8.204437256E0,-3.293334961E0
5.508468916E0,-3.191635132E0,-8.288024902E0,-3.438293457E0
5.513443282E0,-3.546585083E0,-8.396713257E0,-3.546600342E0
5.518417647E0,-3.870468140E0,-8.466186523E0,-3.663284302E0
5.523392012E0,-4.059936523E0,-8.460052490E0,-3.791122437E0
5.528366377E0,-4.102401733E0,-8.454925537E0,-3.916641235E0
5.533340743E0,-4.234725952E0,-8.422393799E0,-4.101669312E0
5.538315108E0,-4.354415894E0,-8.294692993E0,-4.322296143E0
5.543289473E0,-4.337356567E0,-8.206771851E0,-4.586425781E0
5.548263838E0,-4.302429199E0,-8.123565674E0,-4.887359619E0
5.553238204E0,-4.339233398E0,-8.043548584E0,-5.083663940E0
5.558212569E0,-4.339065552E0,-7.978073120E0,-5.162246704E0
5.563186934E0,-4.365585327E0,-7.933853149E0,-5.073394775E0
5.568161299E0,-4.171340942E0,-7.851379395E0,-5.002716064E0
5.573135664E0,-3.834274292E0,-7.746017456E0,-4.903060913E0
5.578110030E0,-3.621536255E0,-7.621566772E0,-4.768371582E0
5.583084395E0,-3.725173950E0,-7.520950317E0,-4.741744995E0
5.588058760E0,-3.742797852E0,-7.439636230E0,-4.683380127E0
5.593033125E0,-3.598373413E0,-7.353805542E0,-4.563201904E0
5.598007491E0,-3.367202759E0,-7.259887695E0,-4.474761963E0
5.602981856E0,-3.118484497E0,-7.170989990E0,-4.487213135E0
5.607956221E0,-2.777389526E0,-7.095916748E0,-4.575057983E0
5.612930586E0,-2.481750488E0,-7.049652100E0,-4.707855225E0
5.617904952E0,-2.326309204E0,-7.031494141E0,-4.874816895E0
5.622879317E0,-2.279449463E0,-7.028961182E0,-5.069412231E0
5.627853682E0,-2.310623169E0,-7.057693481E0,-5.220458984E0
5.632828047E0,-2.365570068E0,-7.153396606E0,-5.306961060E0
5.637802413E0,-2.441741943E0,-7.319015503E0,-5.373138428E0
5.642776778E0,-2.606826782E0,-7.550918579E0,-5.396682739E0
5.647751143E0,-2.801193237E0,-7.794067383E0,-5.390655518E0
5.652725508E0,-2.942016602E0,-8.002059937E0,-5.324493408E0
5.657699873E0,-3.093902588E0,-8.147094727E0,-5.255630493E0
5.662674239E0,-3.167083740E0,-8.236953735E0,-5.176391602E0
5.667648604E0,-3.187789917E0,-8.299026489E0,-5.111816406E0
5.672622969E0,-3.263198853E0,-8.412048340E0,-5.033966064E0
5.677597334E0,-3.359008789E0,-8.492034912E0,-4.925399780E0
5.682571700E0,-3.330429077E0,-8.623764038E0,-4.759628296E0
5.687546065E0,-3.285110474E0,-8.947525024E0,-4.742691040E0
5.692520430E0,-3.453704834E0,-9.487884521E0,-4.947875977E0
5.697494795E0,-3.583694458E0,-1.021467590E1,-5.086425781E0
5.702469161E0,-3.729812622E0,-1.111587524E1,-5.158889771E0
5.707443526E0,-4.110488892E0,-1.204783630E1,-5.234527588E0
5.712417891E0,-4.624023438E0,-1.279000854E1,-5.303634644E0
5.717392256E0,-4.991897583E0,-1.297172546E1,-5.251052856E0
5.722366621E0,-5.117095947E0,-1.255741882E1,-5.202087402E0
5.727340987E0,-5.035751343E0,-1.170124817E1,-5.301345825E0
5.732315352E0,-4.915283203E0,-1.080564880E1,-5.662902832E0
5.737289717E0,-5.143890381E0,-1.018399048E1,-6.270156860E0
5.742264082E0,-5.491149902E0,-9.969818115E0,-6.793075562E0
5.747238448E0,-5.778869629E0,-1.003277588E1,-6.996475220E0
5.752212813E0,-5.998718262E0,-9.993988037E0,-6.915924072E0
5.757187178E0,-5.793151855E0,-9.861236572E0,-6.590057373E0
5.762161543E0,-5.226043701E0,-9.529953003E0,-6.027862549E0
5.767135909E0,-4.521774292E0,-9.011734009E0,-5.293395996E0
5.772110274E0,-3.846679688E0,-8.436721802E0,-4.546401978E0
5.777084639E0,-3.138946533E0,-7.910598755E0,-3.842681885E0
5.782059004E0,-2.360412598E0,-7.505157471E0,-3.239135742E0
5.787033370E0,-1.505920410E0,-7.277832031E0,-2.767501831E0
5.792007735E0,-6.694030762E-1,-7.173370361E0,-2.461502075E0
5.796982100E0,3.541564941E-2,-7.114791870E0,-2.300308228E0
5.801956465E0,6.026153564E-1,-7.087158203E0,-2.187103271E0
5.806930830E0,1.009246826E0,-7.120132446E0,-2.076019287E0
5.811905196E0,1.343704224E0,-7.246139526E0,-2.024108887E0
5.816879561E0,1.645172119E0,-7.585540771E0,-2.010604858E0
5.821853926E0,1.768005371E0,-8.166763306E0,-1.932022095E0
5.826828291E0,1.685821533E0,-8.927886963E0,-1.766601562E0
5.831802657E0,1.454299927E0,-9.751907349E0,-1.677780151E0
5.836777022E0,1.047668457E0,-1.052406311E1,-1.784271240E0
5.841751387E0,4.316864014E-1,-1.125053406E1,-2.059310913E0
5.846725752E0,-3.233184814E-1,-1.183615112E1,-2.433563232E0
5.851700118E0,-1.171981812E0,-1.220065308E1,-2.884719849E0
5.856674483E0,-1.941848755E0,-1.238679504E1,-3.253952026E0
5.861648848E0,-2.690460205E0,-1.242120361E1,-3.511367798E0
5.866623213E0,-3.205963135E0,-1.220343018E1,-3.501922607E0
5.871597579E0,-3.298568726E0,-1.173677063E1,-3.044738770E0
5.876571944E0,-2.729827881E0,-1.092938232E1,-2.327255249E0
5.881546309E0,-2.443908691E0,-1.003289795E1,-1.488418579E0
5.886520674E0,-1.844177246E0,-9.220428467E0,-8.655700684E-1
5.891495039E0,-1.051071167E0,-8.620376587E0,-4.032592773E-1
5.896469405E0,-2.571563721E-1,-8.246826172E0,-1.750793457E-1
5.901443770E0,1.668853760E-1,-8.019409180E0,1.361999512E-1
5.906418135E0,2.191619873E-1,-7.981857300E0,2.367553711E-1
5.911392500E0,1.239624023E-1,-8.047332764E0,2.322387695E-1
5.916366866E0,4.881134033E-1,-8.279113770E0,6.912231445E-3
5.921341231E0,8.602142334E-1,-8.569473267E0,-1.632843018E-1
5.926315596E0,8.046264648E-1,-8.867950439E0,-2.003631592E-1
5.931289961E0,3.389434814E-1,-9.116729736E0,-2.690429688E-1
5.936264327E0,8.859252930E-2,-9.465377808E0,-4.298553467E-1
5.941238692E0,-1.410064697E-1,-9.895477295E0,-1.057571411E0
5.946213057E0,-5.388183594E-1,-1.025057983E1,-1.839843750E0
5.951187422E0,-2.354278564E-1,-1.026564026E1,-3.059524536E0
5.956161788E0,-5.391235352E-1,-1.025775146E1,-3.667251587E0
5.961136153E0,-3.834686279E-1,-1.020002747E1,-4.438186646E0
5.966110518E0,-4.951629639E-1,-1.013093567E1,-5.485107422E0
5.971084883E0,-8.328552246E-1,-1.004707336E1,-6.420303345E0
5.976059248E0,-1.320770264E0,-1.001110840E1,-7.359298706E0
5.981033614E0,-1.667694092E0,-1.000184631E1,-8.299880981E0
5.986007979E0,-1.453475952E0,-9.804702759E0,-9.325546265E0
5.990982344E0,-8.300628662E-1,-9.381896973E0,-9.736831665E0
5.995956709E0,-4.775085449E-1,-8.916946411E0,-9.178588867E0
6.000931075E0,-1.253051758E-1,-8.562850952E0,-8.402847290E0
6.005905440E0,6.344451904E-1,-8.294403076E0,-7.770172119E0
6.010879805E0,1.563888550E0,-8.092147827E0,-6.827484131E0
6.015854170E0,2.718780518E0,-8.016647339E0,-5.190017700E0
6.020828536E0,3.792510986E0,-8.081008911E0,-3.176193237E0
6.025802901E0,4.300552368E0,-8.262512207E0,-1.354629517E0
6.030777266E0,4.104125977E0,-8.523727417E0,1.984863281E-1
6.035751631E0,3.357894897E0,-8.753784180E0,1.289474487E0
6.040725996E0,2.743759155E0,-8.666503906E0,2.037139893E0
6.045700362E0,1.228210449E0,-8.909179688E0,2.910980225E0
6.050674727E0,-6.969146729E-1,-9.493469238E0,3.705383301E0
6.055649092E0,-1.693481445E0,-9.787918091E0,3.687911987E0
6.060623457E0,-1.923889160E0,-9.838058472E0,2.746826172E0
6.065597823E0,-2.567367554E0,-9.812973022E0,8.271942139E-1
6.070572188E0,-2.957778931E0,-9.725769043E0,-7.901763916E-1
6.075546553E0,-3.078582764E0,-9.644393921E0,-2.012908936E0
6.080520918E0,-2.893600464E0,-9.542221069E0,-3.082168579E0
6.085495284E0,-2.449142456E0,-9.540710449E0,-3.519744873E0
6.090469649E0,-1.587478638E0,-9.445999146E0,-3.544738770E0
6.095444014E0,-1.017837524E0,-9.347045898E0,-3.443679810E0
6.100418379E0,-6.589813232E-1,-9.231185913E0,-3.493774414E0
6.105392745E0,-3.841094971E-1,-8.974212646E0,-3.788467407E0
6.110367110E0,-3.379058838E-1,-8.735321045E0,-4.167755127E0
6.115341475E0,-3.076629639E-1,-8.491760254E0,-4.472473145E0
6.120315840E0,-4.019775391E-1,-8.392364502E0,-4.576614380E0
6.125290205E0,-6.878509521E-1,-8.395996094E0,-4.594360352E0
6.130264571E0,-1.045669556E0,-8.461456299E0,-4.545059204E0
6.135238936E0,-1.298660278E0,-8.562423706E0,-4.540420532E0
6.140213301E0,-1.535629272E0,-8.722854614E0,-4.415573120E0
6.145187666E0,-1.587402344E0,-8.874404907E0,-4.210525513E0
6.150162032E0,-1.470413208E0,-8.979873657E0,-3.966918945E0
6.155136397E0,-1.154174805E0,-9.096572876E0,-3.629730225E0
6.160110762E0,-8.616333008E-1,-9.258621216E0,-3.290527344E0
6.165085127E0,-4.746093750E-1,-9.397735596E0,-3.068054199E0
6.170059493E0,-2.034454346E-1,-9.500427246E0,-2.898880005E0
6.175033858E0,-3.433227539E-3,-9.574981689E0,-2.815994263E0
6.180008223E0,7.437133789E-2,-9.589340210E0,-2.819732666E0
6.184982588E0,-1.925659180E-2,-9.539672852E0,-2.907135010E0
6.189956954E0,-1.386260986E-1,-9.435165405E0,-3.031112671E0
6.194931319E0,-2.202606201E-1,-9.225265503E0,-3.112518311E0
6.199905684E0,-3.765563965E-1,-9.028198242E0,-3.192489624E0
6.204880049E0,-5.429687500E-1,-8.887695312E0,-3.215011597E0
6.209854414E0,-5.512695312E-1,-8.708572388E0,-3.199035645E0
6.214828780E0,-5.425415039E-1,-8.636962891E0,-3.054748535E0
6.219803145E0,-5.530242920E-1,-8.697418213E0,-2.875610352E0
6.224777510E0,-5.358123779E-1,-8.808517456E0,-2.728179932E0
6.229751875E0,-3.739318848E-1,-8.940933228E0,-2.572021484E0
6.234726241E0,-1.770629883E-1,-9.096847534E0,-2.507720947E0
6.239700606E0,-4.791259766E-2,-9.275161743E0,-2.517074585E0
6.244674971E0,2.004547119E-1,-9.389114380E0,-2.493820190E0
6.249649336E0,4.582061768E-1,-9.501998901E0,-2.448867798E0
6.254623702E0,6.627349854E-1,-9.579498291E0,-2.613876343E0
6.259598067E0,9.025726318E-1,-9.647720337E0,-2.680511475E0
6.264572432E0,1.146591187E0,-9.706100464E0,-2.691787720E0
6.269546797E0,1.400039673E0,-9.754028320E0,-2.722488403E0
6.274521163E0,1.821289062E0,-9.789932251E0,-2.833877563E0
6.279495528E0,2.070983887E0,-9.910064697E0,-2.942855835E0
6.284469893E0,2.361968994E0,-1.006080627E1,-3.138854980E0
6.289444258E0,2.611145020E0,-1.012490845E1,-3.382797241E0
6.294418623E0,2.749740601E0,-1.012315369E1,-3.594604492E0
6.299392989E0,2.782318115E0,-1.026979065E1,-3.707153320E0
6.304367354E0,2.712478638E0,-1.046025085E1,-3.745529175E0
6.309341719E0,2.515350342E0,-1.068156433E1,-3.585830688E0
6.314316084E0,2.227478027E0,-1.098934937E1,-3.283325195E0
6.319290450E0,1.918121338E0,-1.130815125E1,-3.053329468E0
6.324264815E0,1.603195190E0,-1.153022766E1,-2.877792358E0
6.329239180E0,1.226409912E0,-1.167156982E1,-2.771286011E0
6.334213545E0,9.684600830E-1,-1.169313049E1,-2.808914185E0
6.339187911E0,7.700805664E-1,-1.169435120E1,-2.972229004E0
6.344162276E0,6.166534424E-1,-1.168785095E1,-3.220916748E0
6.349136641E0,5.354919434E-1,-1.167878723E1,-3.483642578E0
6.354111006E0,4.710845947E-1,-1.168620300E1,-3.728881836E0
6.359085371E0,3.256225586E-1,-1.167150879E1,-3.864807129E0
6.364059737E0,2.061157227E-1,-1.155271912E1,-3.857025146E0
6.369034102E0,1.029968262E-1,-1.126124573E1,-3.779403687E0
6.374008467E0,-2.453613281E-2,-1.085430908E1,-3.734893799E0
6.378982832E0,-1.500854492E-1,-1.040785217E1,-3.703216553E0
6.383957198E0,-2.556457520E-1,-1.002777100E1,-3.680068970E0
6.388931563E0,-3.292388916E-1,-9.790344238E0,-3.690109253E0
6.393905928E0,-4.213104248E-1,-9.687240601E0,-3.678253174E0
6.398880293E0,-5.432434082E-1,-9.674774170E0,-3.614303589E0
6.403854659E0,-6.542663574E-1,-9.699295044E0,-3.593414307E0
6.408829024E0,-7.350311279E-1,-9.682113647E0,-3.630050659E0
6.413803389E0,-7.565917969E-1,-9.598083496E0,-3.703826904E0
6.418777754E0,-7.699890137E-1,-9.420196533E0,-3.815017700E0
6.423752120E0,-7.779541016E-1,-9.118453979E0,-3.892333984E0
6.428726485E0,-7.866210938E-1,-8.738769531E0,-3.998336792E0
6.433700850E0,-7.756042480E-1,-8.349212646E0,-4.177825928E0
6.438675215E0,-8.115081787E-1,-7.980133057E0,-4.328399658E0
6.443649580E0,-8.501892090E-1,-7.613281250E0,-4.407882690E0
6.448623946E0,-8.726959229E-1,-7.288681030E0,-4.412521362E0
6.453598311E0,-9.105987549E-1,-7.015335083E0,-4.402694702E0
6.458572676E0,-1.045150757E0,-6.708984375E0,-4.394943237E0
6.463547041E0,-1.210067749E0,-6.416717529E0,-4.402740479E0
6.468521407E0,-1.419204712E0,-6.200775146E0,-4.450424194E0
6.473495772E0,-1.577713013E0,-5.992263794E0,-4.447036743E0
6.478470137E0,-1.877807617E0,-5.849487305E0,-4.653320312E0
6.483444502E0,-2.222015381E0,-5.935333252E0,-4.582183838E0
6.488418868E0,-2.410369873E0,-5.912704468E0,-4.418014526E0
6.493393233E0,-2.491271973E0,-5.814117432E0,-3.892105103E0
6.498367598E0,-2.608383179E0,-5.709701538E0,-3.273452759E0
6.503341963E0,-2.702514648E0,-5.627593994E0,-2.599548340E0
6.508316329E0,-2.633926392E0,-5.666397095E0,-1.718063354E0
6.513290694E0,-2.358627319E0,-5.912948608E0,-7.425689697E-1
6.518265059E0,-2.001434326E0,-6.181304932E0,1.546325684E-1
6.523239424E0,-1.343093872E0,-6.447708130E0,7.568511963E-1
6.528213789E0,-6.865234375E-1,-6.948379517E0,1.025711060E0
6.533188155E0,-2.957763672E-1,-7.755065918E0,1.145202637E0
6.538162520E0,-9.185791016E-3,-8.767730713E0,8.525085449E-1
6.543136885E0,2.033081055E-1,-9.866470337E0,4.320068359E-1
6.548111250E0,4.669952393E-1,-1.107720947E1,-4.930114746E-2
6.553085616E0,8.368835449E-1,-1.256210327E1,-6.879119873E-1
6.558059981E0,1.639450073E0,-1.428643799E1,-1.498443604E0
6.563034346E0,2.653533936E0,-1.605691528E1,-2.499267578E0
6.568008711E0,3.442031860E0,-1.769415283E1,-3.357315063E0
6.572983077E0,4.148208618E0,-1.890878296E1,-3.796371460E0
6.577957442E0,4.360153198E0,-1.964126587E1,-4.144134521E0
6.582931807E0,3.536956787E0,-1.985391235E1,-4.246994019E0
6.587906172E0,2.280670166E0,-1.930485535E1,-4.284271240E0
6.592880538E0,9.392395020E-1,-1.787167358E1,-4.514266968E0
6.597854903E0,1.487579346E-1,-1.590222168E1,-5.133178711E0
6.602829268E0,-2.819366455E-1,-1.415737915E1,-5.270156860E0
6.607803633E0,-2.664489746E-1,-1.288252258E1,-4.727310181E0
6.612777998E0,-1.880340576E-1,-1.209855652E1,-4.129287720E0
6.617752364E0,-4.181823730E-1,-1.149240112E1,-3.718032837E0
6.622726729E0,-4.329986572E-1,-1.090739441E1,-3.372589111E0
6.627701094E0,-7.228698730E-1,-1.059101868E1,-2.551818848E0
6.632675459E0,-1.492233276E0,-1.052778625E1,-1.210861206E0
6.637649825E0,-2.800827026E0,-1.047164917E1,4.504394531E-2
6.642624190E0,-4.212158203E0,-1.026930237E1,1.548980713E0
6.647598555E0,-4.754531860E0,-9.829544067E0,3.375457764E0
6.652572920E0,-6.111129761E0,-9.861541748E0,5.546249390E0
6.657547286E0,-7.317199707E0,-1.032514954E1,5.652832031E0
6.662521651E0,-6.933303833E0,-1.050079346E1,4.553039551E0
6.667496016E0,-6.232330322E0,-1.029450989E1,3.173660278E0
6.672470381E0,-5.824432373E0,-9.965377808E0,1.616394043E0
6.677444746E0,-5.045043945E0,-9.646591187E0,2.471923828E-3
6.682419112E0,-4.284881592E0,-9.416778564E0,-1.771011353E0
6.687393477E0,-3.497055054E0,-9.329345703E0,-3.689025879E0
6.692367842E0,-2.812744141E0,-9.274078369E0,-5.300369263E0
6.697342207E0,-2.101379395E0,-9.157745361E0,-6.456451416E0
6.702316573E0,-1.516983032E0,-9.000091553E0,-7.339584351E0
6.707290938E0,-1.151107788E0,-8.887695312E0,-7.722457886E0
6.712265303E0,-8.863983154E-1,-8.756942749E0,-7.526290894E0
6.717239668E0,-6.030120850E-1,-8.532623291E0,-6.783233643E0
6.722214034E0,-6.280212402E-1,-8.254776001E0,-5.721694946E0
6.727188399E0,-8.401031494E-1,-7.954574585E0,-4.629592896E0
6.732162764E0,-8.781738281E-1,-7.680740356E0,-3.376998901E0
6.737137129E0,-8.273620605E-1,-7.438018799E0,-1.972656250E0
6.742111495E0,-7.686614990E-1,-7.174240112E0,-8.168487549E-1
6.747085860E0,-4.731292725E-1,-6.935256958E0,-1.519012451E-1
6.752060225E0,1.594390869E-1,-6.689559937E0,-7.322692871E-2
6.757034590E0,9.331817627E-1,-6.475677490E0,-3.901367188E-1
6.762008955E0,1.678970337E0,-6.348648071E0,-1.030853271E0
6.766983321E0,2.271453857E0,-6.302841187E0,-1.763351440E0
6.771957686E0,2.620117188E0,-6.318420410E0,-2.410797119E0
6.776932051E0,2.750854492E0,-6.398071289E0,-2.954681396E0
6.781906416E0,2.709304810E0,-6.495117188E0,-3.433929443E0
6.786880782E0,2.619262695E0,-6.587844849E0,-3.887359619E0
6.791855147E0,2.372024536E0,-6.700439453E0,-4.354324341E0
6.796829512E0,1.857589722E0,-6.845214844E0,-4.762023926E0
6.801803877E0,1.287445068E0,-6.981887817E0,-5.026779175E0
6.806778243E0,7.338256836E-1,-7.102706909E0,-5.067504883E0
6.811752608E0,2.283325195E-1,-7.168075562E0,-4.819473267E0
6.816726973E0,-2.142028809E-1,-7.183349609E0,-4.369827271E0
6.821701338E0,-6.843414307E-1,-7.201446533E0,-3.843322754E0
6.826675704E0,-1.154006958E0,-7.258468628E0,-3.397354126E0
6.831650069E0,-1.676101685E0,-7.330688477E0,-3.073516846E0
6.836624434E0,-2.140777588E0,-7.363052368E0,-2.761489868E0
6.841598799E0,-2.621841431E0,-7.326049805E0,-2.553588867E0
6.846573164E0,-3.105880737E0,-7.292343140E0,-2.387527466E0
6.851547530E0,-3.591430664E0,-7.235626221E0,-2.209762573E0
6.856521895E0,-4.209228516E0,-7.260162354E0,-2.081665039E0
6.861496260E0,-4.787185669E0,-7.284851074E0,-1.987472534E0
6.866470625E0,-5.562530518E0,-7.265274048E0,-2.057739258E0
6.871444991E0,-6.274566650E0,-7.101104736E0,-2.143463135E0
6.876419356E0,-6.776184082E0,-6.877777100E0,-2.401580811E0
6.881393721E0,-7.140182495E0,-6.558410645E0,-2.836334229E0
6.886368086E0,-6.933349609E0,-6.383880615E0,-3.629806519E0
6.891342452E0,-6.048858643E0,-6.492111206E0,-4.739181519E0
6.896316817E0,-5.674591064E0,-6.759979248E0,-6.142944336E0
6.901291182E0,-5.458465576E0,-7.194717407E0,-7.709564209E0
6.906265547E0,-5.181991577E0,-7.708145142E0,-9.196853638E0
6.911239913E0,-4.854797363E0,-8.152359009E0,-1.042910767E1
6.916214278E0,-4.488372803E0,-8.536132812E0,-1.139697266E1
6.921188643E0,-4.081985474E0,-8.880950928E0,-1.202719116E1
6.926163008E0,-3.364608765E0,-9.073242188E0,-1.228242493E1
6.931137373E0,-2.374832153E0,-9.056381226E0,-1.211035156E1
6.936111739E0,-1.474243164E0,-8.880493164E0,-1.151687622E1
6.941086104E0,-1.045867920E0,-8.665527344E0,-1.059527588E1
6.946060469E0,-1.119064331E0,-8.547546387E0,-9.496917725E0
6.951034834E0,-1.351684570E0,-8.634567261E0,-8.328826904E0
6.956009200E0,-1.592422485E0,-8.932800293E0,-7.242385864E0
6.960983565E0,-1.996627808E0,-9.310714722E0,-6.294647217E0
6.965957930E0,-2.527816772E0,-9.727371216E0,-5.387054443E0
6.970932295E0,-3.037216187E0,-1.027043152E1,-4.428421021E0
6.975906661E0,-3.392196655E0,-1.102626038E1,-3.349777222E0
6.980881026E0,-3.749481201E0,-1.203099060E1,-2.090484619E0
6.985855391E0,-4.314270020E0,-1.321549988E1,-5.949401855E-1
6.990829756E0,-4.576980591E0,-1.451771545E1,1.720382690E0
6.995804121E0,-4.639495850E0,-1.604847717E1,5.133941650E0
7.000778487E0,-4.809692383E0,-1.737409973E1,7.575698853E0
7.005752852E0,-4.668518066E0,-1.798869324E1,6.458999634E0
7.010727217E0,-4.188903809E0,-1.779559326E1,2.194869995E0
7.015701582E0,-3.618942261E0,-1.757101440E1,-1.828628540E0
7.020675948E0,-3.255416870E0,-1.782368469E1,-4.123825073E0
7.025650313E0,-2.925872803E0,-1.801400757E1,-4.883590698E0
7.030624678E0,-2.533325195E0,-1.748605347E1,-4.935317993E0
7.035599043E0,-2.185211182E0,-1.614802551E1,-4.583557129E0
7.040573409E0,-2.200607300E0,-1.400517273E1,-3.901306152E0
7.045547774E0,-2.645568848E0,-1.160708618E1,-3.656570435E0
7.050522139E0,-2.750411987E0,-9.552642822E0,-3.748458862E0
7.055496504E0,-2.716323853E0,-8.026138306E0,-3.820907593E0
7.060470870E0,-2.346023560E0,-6.759445190E0,-3.600921631E0
7.065445235E0,-1.780319214E0,-5.690292358E0,-3.122756958E0
7.070419600E0,-1.186553955E0,-4.821746826E0,-2.788574219E0
7.075393965E0,-5.874481201E-1,-4.055953979E0,-2.783798218E0
7.080368330E0,-3.925170898E-1,-3.532501221E0,-2.969558716E0
7.085342696E0,-2.777709961E-1,-3.242767334E0,-3.205032349E0
7.090317061E0,-1.012420654E-1,-3.252899170E0,-3.323654175E0
7.095291426E0,1.731262207E-1,-3.403442383E0,-3.444793701E0
7.100265791E0,3.243713379E-1,-3.679611206E0,-3.277130127E0
7.105240157E0,1.476745605E-1,-4.220214844E0,-2.766860962E0
7.110214522E0,-1.092071533E-1,-4.813522339E0,-2.274642944E0
7.115188887E0,1.154937744E-1,-5.424057007E0,-1.988113403E0
7.120163252E0,5.105743408E-1,-6.077255249E0,-1.858917236E0
7.125137618E0,7.086944580E-1,-6.777008057E0,-1.676773071E0
7.130111983E0,6.952514648E-1,-7.535842896E0,-1.296295166E0
7.135086348E0,9.111175537E-1,-8.404693604E0,-8.324279785E-1
7.140060713E0,1.403442383E0,-9.426910400E0,-6.316528320E-1
7.145035079E0,1.594696045E0,-1.064384460E1,-5.128936768E-1
7.150009444E0,1.526321411E0,-1.210681152E1,-6.652832031E-1
7.154983809E0,1.239440918E0,-1.353263855E1,-1.104476929E0
7.159958174E0,1.124801636E0,-1.459793091E1,-1.401382446E0
7.164932539E0,8.645477295E-1,-1.523085022E1,-1.554199219E0
7.169906905E0,3.933868408E-1,-1.528456116E1,-1.772323608E0
7.174881270E0,-4.615783691E-2,-1.466413879E1,-2.205139160E0
7.179855635E0,-4.358367920E-1,-1.341362000E1,-2.333251953E0
7.184830000E0,1.166534424E-1,-1.174404907E1,-2.231582642E0
7.189804366E0,8.192291260E-1,-1.029205322E1,-2.800323486E0
7.194778731E0,3.639373779E-1,-9.501098633E0,-3.225585938E0
7.199753096E0,-2.920227051E-1,-8.897079468E0,-3.406661987E0
7.204727461E0,-3.288879395E-1,-8.411697388E0,-4.025650024E0
7.209701827E0,-4.516601562E-3,-8.169723511E0,-4.836349487E0
7.214676192E0,2.905273438E-2,-8.120590210E0,-5.378173828E0
7.219650557E0,1.072998047E-1,-8.128173828E0,-5.947174072E0
7.224624922E0,3.302459717E-1,-8.443878174E0,-5.902603149E0
7.229599288E0,9.555664062E-1,-8.923690796E0,-5.006912231E0
7.234573653E0,1.900024414E0,-9.230407715E0,-4.021331787E0
7.239548018E0,3.210357666E0,-9.568664551E0,-2.611450195E0
7.244522383E0,4.139297485E0,-9.775955200E0,-1.398056030E0
7.249496748E0,4.891723633E0,-9.780273438E0,-1.364242554E0
7.254471114E0,4.648056030E0,-9.762710571E0,-1.348419189E0
7.259445479E0,3.609329224E0,-9.681213379E0,-1.375930786E0
7.264419844E0,2.312896729E0,-9.406738281E0,-1.654144287E0
7.269394209E0,1.379913330E0,-8.986145020E0,-2.099395752E0
7.274368575E0,7.653961182E-1,-8.554626465E0,-2.610107422E0
7.279342940E0,5.849456787E-1,-8.111633301E0,-3.077575684E0
7.284317305E0,3.209838867E-1,-7.793365479E0,-3.389999390E0
7.289291670E0,-8.091735840E-2,-7.716156006E0,-3.469772339E0
7.294266036E0,-3.795013428E-1,-7.797027588E0,-3.384185791E0
7.299240401E0,-6.648406982E-1,-7.978454590E0,-3.230178833E0
7.304214766E0,-8.960876465E-1,-8.149948120E0,-3.067474365E0
7.309189131E0,-1.181549072E0,-8.354324341E0,-2.979782104E0
7.314163496E0,-1.425140381E0,-8.543136597E0,-2.946365356E0
7.319137862E0,-1.635055542E0,-8.641906738E0,-2.908264160E0
7.324112227E0,-1.838256836E0,-8.651931763E0,-2.885070801E0
7.329086592E0,-2.007720947E0,-8.638275146E0,-2.845718384E0
7.334060957E0,-2.092529297E0,-8.616638184E0,-2.795043945E0
7.339035323E0,-2.215454102E0,-8.627166748E0,-2.715805054E0
7.344009688E0,-2.351730347E0,-8.694610596E0,-2.478988647E0
7.348984053E0,-2.371307373E0,-8.762145996E0,-2.113983154E0
7.353958418E0,-2.321624756E0,-8.840408325E0,-1.755844116E0
7.358932784E0,-2.287811279E0,-9.031616211E0,-1.455368042E0
7.363907149E0,-2.192749023E0,-9.262573242E0,-1.252853394E0
7.368881514E0,-2.018966675E0,-9.486724854E0,-1.133010864E0
7.373855879E0,-1.877212524E0,-9.721389771E0,-1.028411865E0
7.378830245E0,-1.697097778E0,-9.936660767E0,-9.685974121E-1
7.383804610E0,-1.560180664E0,-1.013922119E1,-9.405364990E-1
7.388778975E0,-1.402664185E0,-1.032313538E1,-9.849395752E-1
7.393753340E0,-1.239532471E0,-1.041725159E1,-1.155319214E0
7.398727705E0,-1.087844849E0,-1.042379761E1,-1.434112549E0
7.403702071E0,-9.902648926E-1,-1.043000793E1,-1.817443848E0
7.408676436E0,-8.384246826E-1,-1.036354065E1,-2.098098755E0
7.413654489E0,-7.929077148E-1,-1.026985168E1,-2.296264648E0
7.418628854E0,-7.438049316E-1,-1.020657349E1,-2.530120850E0
7.423603220E0,-6.719512939E-1,-9.978363037E0,-2.847183228E0
7.428577585E0,-6.261749268E-1,-9.774932861E0,-3.055099487E0
7.433551950E0,-6.248168945E-1,-9.611831665E0,-3.341857910E0
7.438526315E0,-5.984649658E-1,-9.430984497E0,-3.686614990E0
7.443500681E0,-5.956268311E-1,-9.280334473E0,-3.992553711E0
7.448475046E0,-5.836486816E-1,-9.123916626E0,-4.333221436E0
7.453449411E0,-5.610198975E-1,-8.919937134E0,-4.540618896E0
7.458423776E0,-6.765747070E-1,-8.776199341E0,-4.691192627E0
7.463398142E0,-6.769256592E-1,-8.600509644E0,-4.815856934E0
7.468372507E0,-6.149749756E-1,-8.392547607E0,-4.837478638E0
7.473346872E0,-5.695037842E-1,-8.137145996E0,-4.780563354E0
7.478321237E0,-4.513549805E-1,-7.887634277E0,-4.710601807E0
7.483295602E0,-3.146209717E-1,-7.717895508E0,-4.638031006E0
7.488269968E0,-1.903533936E-1,-7.623931885E0,-4.469711304E0
7.493244333E0,-1.931762695E-2,-7.599227905E0,-4.271911621E0
7.498218698E0,2.102661133E-1,-7.687789917E0,-3.929870605E0
7.503193063E0,3.439941406E-1,-7.868179321E0,-3.480468750E0
7.508167429E0,5.228118896E-1,-8.102325439E0,-3.093612671E0
7.513141794E0,8.934936523E-1,-8.339157104E0,-2.819564819E0
7.518116159E0,1.251998901E0,-8.644012451E0,-2.615310669E0
7.523090524E0,1.599487305E0,-8.964645386E0,-2.491714478E0
7.528064890E0,1.962768555E0,-9.342742920E0,-2.478195190E0
7.533039255E0,2.292160034E0,-9.737640381E0,-2.534667969E0
7.538013620E0,2.537124634E0,-1.017195129E1,-2.698806763E0
7.542987985E0,2.647537231E0,-1.073600769E1,-3.037368774E0
7.547962351E0,2.544189453E0,-1.134419250E1,-3.378799438E0
7.552936716E0,2.290634155E0,-1.197163391E1,-3.725296021E0
7.557911081E0,1.916168213E0,-1.249063110E1,-4.016220093E0
7.562885446E0,1.604492188E0,-1.285708618E1,-4.345428467E0
7.567859811E0,1.328308105E0,-1.300482178E1,-4.699813843E0
7.572834177E0,1.015533447E0,-1.296415710E1,-4.947967529E0
7.577808542E0,7.311248779E-1,-1.282344055E1,-5.065139771E0
7.582782907E0,3.742980957E-1,-1.258749390E1,-5.065246582E0
7.587757272E0,1.172180176E-1,-1.229116821E1,-4.988571167E0
7.592731638E0,-1.193084717E-1,-1.196482849E1,-4.866256714E0
7.597706003E0,-2.791900635E-1,-1.166464233E1,-4.668106079E0
7.602680368E0,-3.604888916E-1,-1.133033752E1,-4.471710205E0
7.607654733E0,-4.207916260E-1,-1.101319885E1,-4.295257568E0
7.612629099E0,-3.839111328E-1,-1.072816467E1,-4.248031616E0
7.617603464E0,-3.578796387E-1,-1.045750427E1,-4.309768677E0
7.622577829E0,-3.756103516E-1,-1.026983643E1,-4.338546753E0
7.627552194E0,-3.017883301E-1,-1.009448242E1,-4.458312988E0
7.632526559E0,-3.017120361E-1,-9.924697876E0,-4.624740601E0
7.637500925E0,-2.993927002E-1,-9.738906860E0,-4.838287354E0
7.642475290E0,-3.055114746E-1,-9.519821167E0,-4.939834595E0
7.647449655E0,-3.836822510E-1,-9.232040405E0,-5.004562378E0
7.652424020E0,-5.043640137E-1,-8.878143311E0,-4.886505127E0
7.657398386E0,-5.172882080E-1,-8.516494751E0,-4.658477783E0
7.662372751E0,-5.590209961E-1,-8.138183594E0,-4.464309692E0
7.667347116E0,-1.070617676E0,-7.755142212E0,-5.053695679E0
7.672321481E0,-1.478073120E0,-7.325851440E0,-5.458114624E0
7.677295847E0,-1.816833496E0,-6.926345825E0,-5.478729248E0
7.682270212E0,-2.081253052E0,-6.621932983E0,-5.474716187E0
7.687244577E0,-2.220016479E0,-6.393005371E0,-5.509826660E0
7.692218942E0,-2.412216187E0,-6.247207642E0,-5.401702881E0
7.697193308E0,-2.634567261E0,-6.077178955E0,-5.067184448E0
7.702167673E0,-2.730972290E0,-5.924560547E0,-4.582794189E0
7.707142038E0,-2.689224243E0,-5.765716553E0,-3.788116455E0
7.712116403E0,-2.582656860E0,-5.640411377E0,-2.705673218E0
7.717090768E0,-2.296203613E0,-5.667816162E0,-1.242767334E0
7.722065134E0,-1.817932129E0,-5.857574463E0,2.056884766E-1
7.727039499E0,-1.306762695E0,-6.052871704E0,1.208465576E0
7.732013864E0,-7.677612305E-1,-6.150512695E0,1.709274292E0
7.736988229E0,-3.239593506E-1,-6.216720581E0,1.768478394E0
7.741962595E0,-3.337097168E-2,-6.278625488E0,1.572021484E0
7.746936960E0,-7.899475098E-2,-6.557662964E0,1.236038208E0
7.751911325E0,-3.504486084E-1,-7.148620605E0,6.507873535E-1
7.756885690E0,-4.444427490E-1,-8.094543457E0,-3.347778320E-2
7.761860056E0,1.403350830E-1,-9.314071655E0,-3.715667725E-1
7.766834421E0,9.566192627E-1,-1.072308350E1,-8.399200439E-1
7.771808786E0,2.215911865E0,-1.241700745E1,-1.757263184E0
7.776783151E0,3.480651855E0,-1.435188293E1,-2.569869995E0
7.781757517E0,4.834411621E0,-1.609542847E1,-3.321945190E0
7.786731882E0,5.491012573E0,-1.764859009E1,-4.129882812E0
7.791706247E0,5.159591675E0,-1.905720520E1,-4.970108032E0
7.796680612E0,3.398941040E0,-2.010345459E1,-5.919387817E0
7.801654977E0,1.752838135E0,-2.076779175E1,-6.213119507E0
7.806629343E0,2.173690796E0,-2.041154480E1,-6.938293457E0
7.811603708E0,2.872482300E0,-1.931295776E1,-7.947769165E0
7.816578073E0,2.303787231E0,-1.736630249E1,-7.517227173E0
7.821552438E0,1.495178223E0,-1.509317017E1,-6.827194214E0
7.826526804E0,8.493347168E-1,-1.326614380E1,-6.312530518E0
7.831501169E0,-2.247314453E-1,-1.202943420E1,-5.191299438E0
7.836475534E0,-2.195419312E0,-1.122979736E1,-3.629699707E0
7.841449899E0,-3.562576294E0,-1.062855530E1,-9.673309326E-1
7.846424265E0,-3.338119507E0,-1.052044678E1,1.695877075E0
7.851398630E0,-5.389083862E0,-1.119244385E1,3.657638550E0
7.856372995E0,-6.607513428E0,-1.111265564E1,4.441345215E0
7.861347360E0,-6.870971680E0,-1.086820984E1,4.786071777E0
7.866321726E0,-6.801010132E0,-1.039820862E1,5.565567017E0
7.871296091E0,-6.608901978E0,-9.977218628E0,6.051269531E0
7.876270456E0,-6.268096924E0,-9.870101929E0,5.231689453E0
7.881244821E0,-5.498809814E0,-9.982208252E0,3.046310425E0
7.886219186E0,-5.078521729E0,-9.994201660E0,5.865173340E-1
7.891193552E0,-4.771728516E0,-9.863647461E0,-1.742065430E0
7.896167917E0,-4.282562256E0,-9.724777222E0,-3.949829102E0
7.901142282E0,-3.852218628E0,-9.603637695E0,-5.629058838E0
7.906116647E0,-3.380584717E0,-9.390640259E0,-6.622344971E0
7.911091013E0,-2.836151123E0,-9.042556763E0,-6.957931519E0
7.916065378E0,-2.199722290E0,-8.586456299E0,-6.752670288E0
7.921039743E0,-1.616043091E0,-8.119613647E0,-6.155471802E0
7.926014108E0,-1.324432373E0,-7.660949707E0,-5.277877808E0
7.930988474E0,-1.171340942E0,-7.196243286E0,-4.191680908E0
7.935962839E0,-6.716766357E-1,-6.654586792E0,-2.966690063E0
7.940937204E0,-3.382110596E-1,-6.146835327E0,-2.012390137E0
7.945911569E0,-1.113891602E-3,-5.596313477E0,-1.681747437E0
7.950885934E0,8.049774170E-1,-5.070251465E0,-1.759078979E0
7.955860300E0,1.675689697E0,-4.666320801E0,-1.903427124E0
7.960834665E0,2.221435547E0,-4.400375366E0,-2.059219360E0
7.965809030E0,2.491073608E0,-4.359786987E0,-2.196670532E0
7.970783395E0,2.536102295E0,-4.487609863E0,-2.355804443E0
7.975757761E0,2.614151001E0,-4.674636841E0,-2.554626465E0
7.980732126E0,2.637664795E0,-4.948822021E0,-2.789550781E0
7.985706491E0,2.628372192E0,-5.253128052E0,-3.012969971E0
7.990680856E0,2.367904663E0,-5.561492920E0,-3.289886475E0
7.995655222E0,1.997039795E0,-5.832153320E0,-3.703048706E0
8.000629587E0,1.672576904E0,-6.071716309E0,-4.118148804E0
8.005603952E0,1.294158936E0,-6.319183350E0,-4.432846069E0
8.010578317E0,1.038879395E0,-6.447525024E0,-4.363677979E0
8.015552683E0,6.886291504E-1,-6.573501587E0,-4.143005371E0
8.020527048E0,3.923492432E-1,-6.611175537E0,-3.956192017E0
8.025501413E0,7.954406738E-2,-6.725173950E0,-3.818969727E0
8.030475778E0,-4.927062988E-1,-6.872360229E0,-3.619567871E0
8.035450143E0,-1.384506226E0,-7.007629395E0,-3.446701050E0
8.040424509E0,-2.233825684E0,-7.074279785E0,-3.236480713E0
8.045398874E0,-2.897109985E0,-7.132369995E0,-2.951034546E0
8.050373239E0,-3.518386841E0,-7.156066895E0,-2.698486328E0
8.055347604E0,-4.149398804E0,-7.221145630E0,-2.502243042E0
8.060321970E0,-4.746566772E0,-7.359222412E0,-2.354766846E0
8.065296335E0,-5.257720947E0,-7.572586060E0,-2.403717041E0
8.070270700E0,-5.687240601E0,-7.683013916E0,-2.661666870E0
8.075245065E0,-5.958816528E0,-7.747375488E0,-3.065368652E0
8.080219431E0,-5.952133179E0,-7.834869385E0,-3.625488281E0
8.085193796E0,-5.906463623E0,-7.901809692E0,-4.331741333E0
8.090168161E0,-5.815963745E0,-8.049804688E0,-5.098526001E0
8.095142526E0,-5.683715820E0,-8.326263428E0,-5.897552490E0
8.100116892E0,-5.700851440E0,-8.733078003E0,-6.685180664E0
8.105091257E0,-5.844207764E0,-9.160827637E0,-7.444244385E0
8.110065622E0,-5.885360718E0,-9.522781372E0,-8.144836426E0
8.115039987E0,-5.558670044E0,-9.727478027E0,-8.785446167E0
8.120014352E0,-4.948318481E0,-9.784942627E0,-9.247772217E0
8.124988718E0,-4.212295532E0,-9.788528442E0,-9.512145996E0
8.129963083E0,-3.474563599E0,-9.823165894E0,-9.655136108E0
8.134937448E0,-3.014450073E0,-9.990493774E0,-9.650314331E0
8.139911813E0,-2.920898438E0,-1.040124512E1,-9.557937622E0
8.144886179E0,-2.966522217E0,-1.129472351E1,-9.319000244E0
8.149860544E0,-2.942352295E0,-1.282118225E1,-8.793624878E0
8.154834909E0,-2.766220093E0,-1.482101440E1,-7.945877075E0
8.159809274E0,-2.934509277E0,-1.679981995E1,-6.879669189E0
8.164783640E0,-3.794403076E0,-1.813400269E1,-5.799453735E0
8.169758005E0,-4.770904541E0,-1.875598145E1,-5.044418335E0
8.174732370E0,-5.407302856E0,-1.903656006E1,-4.472778320E0
8.179706735E0,-5.765457153E0,-1.901719666E1,-3.977188110E0
8.184681101E0,-5.989486694E0,-1.854672241E1,-3.404403687E0
8.189655466E0,-5.756835938E0,-1.740956116E1,-2.598861694E0
8.194629831E0,-5.064636230E0,-1.579055786E1,-1.586944580E0
8.199604196E0,-4.252944946E0,-1.439059448E1,-7.628479004E-1
8.204578561E0,-3.115936279E0,-1.332498169E1,-7.643127441E-2
8.209552927E0,-1.577713013E0,-1.222872925E1,4.504241943E-1
8.214527292E0,-3.645935059E-1,-1.106509399E1,6.367187500E-1
8.219501657E0,1.077880859E-1,-9.941635132E0,4.523773193E-1
8.224476022E0,1.718597412E-1,-8.781555176E0,4.830932617E-2
8.229450388E0,2.275238037E-1,-7.524597168E0,-1.973876953E-1
8.234424753E0,3.828887939E-1,-6.367202759E0,-2.976074219E-1
8.239399118E0,5.146636963E-1,-5.432876587E0,-4.038238525E-1
8.244373483E0,6.236877441E-1,-4.789108276E0,-5.526580811E-1
8.249347849E0,6.431427002E-1,-4.485565186E0,-6.202850342E-1
8.254322214E0,8.694152832E-1,-4.348419189E0,-6.702117920E-1
8.259296579E0,1.364074707E0,-4.329544067E0,-6.677551270E-1
8.264270944E0,1.679977417E0,-4.374328613E0,-4.353790283E-1
8.269245309E0,1.778213501E0,-4.472137451E0,-4.817199707E-2
8.274219675E0,1.840103149E0,-4.719680786E0,2.797698975E-1
8.279194040E0,1.751358032E0,-5.022827148E0,4.554443359E-1
8.284168405E0,1.805282593E0,-5.436630249E0,4.255828857E-1
8.289142770E0,1.920883179E0,-5.968383789E0,2.608032227E-1
8.294117136E0,1.818115234E0,-6.556594849E0,-9.887695312E-3
8.299091501E0,1.720718384E0,-7.370712280E0,-6.416625977E-1
8.304065866E0,1.748458862E0,-8.424957275E0,-2.014038086E0
8.309040231E0,1.718154907E0,-9.462738037E0,-3.707061768E0
8.314014597E0,1.417877197E0,-1.039460754E1,-4.638214111E0
8.318988962E0,7.520294189E-1,-1.148753357E1,-4.863098145E0
8.323963327E0,-4.589233398E-1,-1.289378357E1,-4.638946533E0
8.328937692E0,-1.270812988E0,-1.409355164E1,-4.211700439E0
8.333912058E0,-1.503616333E0,-1.461087036E1,-4.994354248E0
8.338886423E0,-8.876953125E-1,-1.459312439E1,-6.961334229E0
8.343860788E0,-9.490966797E-3,-1.372381592E1,-8.178237915E0
8.348835153E0,7.234191895E-2,-1.235987854E1,-8.023208618E0
8.353809518E0,-6.255493164E-1,-1.105661011E1,-7.213485718E0
8.358783884E0,-5.692901611E-1,-9.879409790E0,-7.169387817E0
8.363758249E0,-5.569152832E-1,-8.838745117E0,-7.019454956E0
8.368732614E0,-2.223510742E-1,-7.971069336E0,-6.921905518E0
8.373706979E0,6.207122803E-1,-7.507492065E0,-7.387145996E0
8.378681345E0,4.577636719E-1,-7.128829956E0,-7.279434204E0
8.383655710E0,5.105590820E-1,-6.819259644E0,-6.286636353E0
8.388630075E0,1.190704346E0,-6.844604492E0,-5.002288818E0
8.393604440E0,2.261657715E0,-7.219680786E0,-3.508270264E0
8.398578806E0,3.320251465E0,-7.736633301E0,-1.878616333E0
8.403553171E0,3.332336426E0,-8.130920410E0,-7.191314697E-1
8.408527536E0,2.706390381E0,-8.213058472E0,-2.221679688E-1
8.413501901E0,2.178756714E0,-8.224395752E0,5.358734131E-1
8.418476267E0,1.151870728E0,-8.621398926E0,1.427825928E0
8.423450632E0,1.810913086E-1,-9.056701660E0,1.809112549E0
8.428424997E0,-1.739807129E-1,-9.251312256E0,1.443191528E0
8.433399362E0,-2.178192139E-1,-9.220886230E0,1.933135986E-1
8.438373727E0,-4.753265381E-1,-9.149093628E0,-1.388595581E0
8.443348093E0,-8.716430664E-1,-9.097076416E0,-2.699752808E0
8.448322458E0,-1.295578003E0,-9.040924072E0,-3.446166992E0
8.453296823E0,-1.718658447E0,-9.064620972E0,-3.662139893E0
8.458271188E0,-1.990905762E0,-9.131759644E0,-3.455825806E0
8.463245554E0,-2.136077881E0,-9.278121948E0,-2.916702271E0
8.468219919E0,-2.183181763E0,-9.409530640E0,-2.223724365E0
8.473194284E0,-2.201950073E0,-9.491317749E0,-1.655990601E0
8.478168649E0,-2.195907593E0,-9.527069092E0,-1.344360352E0
8.483143015E0,-2.120788574E0,-9.489028931E0,-1.363037109E0
8.488117380E0,-2.032318115E0,-9.426773071E0,-1.594650269E0
8.493091745E0,-1.886520386E0,-9.331726074E0,-1.991638184E0
8.498066110E0,-1.751983643E0,-9.286209106E0,-2.402374268E0
8.503040476E0,-1.644577026E0,-9.288696289E0,-2.589202881E0
8.508014841E0,-1.505477905E0,-9.310104370E0,-2.577972412E0
8.512989206E0,-1.238418579E0,-9.352691650E0,-2.510162354E0
8.517963571E0,-9.421234131E-1,-9.438262939E0,-2.369979858E0
8.522937936E0,-6.024169922E-1,-9.544509888E0,-2.326507568E0
8.527912302E0,-3.304748535E-1,-9.673309326E0,-2.440383911E0
8.532886667E0,-9.405517578E-2,-9.738067627E0,-2.654632568E0
8.537861032E0,9.155273438E-4,-9.829986572E0,-2.799835205E0
8.542835397E0,1.475524902E-1,-9.864151001E0,-2.977752686E0
8.547809763E0,1.411437988E-1,-9.870864868E0,-3.203567505E0
8.552784128E0,1.687622070E-1,-9.778869629E0,-3.541763306E0
8.557758493E0,5.693054199E-2,-9.665740967E0,-3.861282349E0
8.562732858E0,-2.230834961E-1,-9.486907959E0,-4.194992065E0
8.567707224E0,-4.589538574E-1,-9.255340576E0,-4.465591431E0
8.572681589E0,-7.451629639E-1,-8.894699097E0,-4.600738525E0
8.577655954E0,-1.151123047E0,-8.588562012E0,-4.716400146E0
8.582630319E0,-1.356094360E0,-8.226394653E0,-4.688659668E0
8.587604684E0,-1.430114746E0,-7.893173218E0,-4.573272705E0
8.592579050E0,-1.395217896E0,-7.614395142E0,-4.469329834E0
8.597553415E0,-1.193191528E0,-7.423507690E0,-4.351638794E0
8.602527780E0,-9.091796875E-1,-7.373809814E0,-4.208511353E0
8.607502145E0,-4.467620850E-1,-7.372406006E0,-4.009201050E0
8.612476511E0,-1.467437744E-1,-7.587265015E0,-3.615676880E0
8.617450876E0,1.639556885E-1,-7.868408203E0,-3.182189941E0
8.622425241E0,4.891052246E-1,-8.217712402E0,-2.714965820E0
8.627399606E0,7.588653564E-1,-8.663711548E0,-2.301742554E0
8.632373972E0,9.972381592E-1,-9.213027954E0,-1.963333130E0
8.637348337E0,1.232498169E0,-9.812271118E0,-1.728393555E0
8.642322702E0,1.457733154E0,-1.037812805E1,-1.615219116E0
8.647297067E0,1.632095337E0,-1.090904236E1,-1.649795532E0
8.652271433E0,1.756942749E0,-1.129017639E1,-1.869888306E0
8.657245798E0,1.815261841E0,-1.154202271E1,-2.234405518E0
8.662220163E0,1.836364746E0,-1.172053528E1,-2.652221680E0
8.667194528E0,1.789443970E0,-1.178787231E1,-3.086029053E0
8.672168893E0,1.598831177E0,-1.181024170E1,-3.428054810E0
8.677143259E0,1.379730225E0,-1.177711487E1,-3.709487915E0
8.682117624E0,1.126052856E0,-1.171832275E1,-3.869094849E0
8.687091989E0,8.896484375E-1,-1.159469604E1,-3.982635498E0
8.692066354E0,7.350616455E-1,-1.144648743E1,-4.031356812E0
8.697040720E0,6.590423584E-1,-1.126502991E1,-4.004730225E0
8.702015085E0,5.578002930E-1,-1.114387512E1,-4.010574341E0
8.706989450E0,4.090423584E-1,-1.120500183E1,-4.088226318E0
8.711963815E0,2.366790771E-1,-1.138450623E1,-4.171401978E0
8.716938181E0,9.049987793E-2,-1.156832886E1,-4.250183105E0
8.721912546E0,-5.270385742E-2,-1.170018005E1,-4.259506226E0
8.726886911E0,-2.424774170E-1,-1.172106934E1,-4.109054565E0
8.731861276E0,-4.365081787E-1,-1.158511353E1,-3.917175293E0
8.736835642E0,-6.585693359E-1,-1.135697937E1,-3.718917847E0
8.741810007E0,-7.825775146E-1,-1.097715759E1,-3.603942871E0
8.746784372E0,-7.928924561E-1,-1.047514343E1,-3.600631714E0
8.751758737E0,-6.731262207E-1,-9.922897339E0,-3.751586914E0
8.756733102E0,-4.736175537E-1,-9.448471069E0,-3.998794556E0
8.761707468E0,-3.865051270E-1,-8.977813721E0,-4.338546753E0
8.766681833E0,-3.854980469E-1,-8.581954956E0,-4.613998413E0
8.771656198E0,-4.608764648E-1,-8.182708740E0,-4.751922607E0
8.776630563E0,-5.566406250E-1,-7.824737549E0,-4.858413696E0
8.781604929E0,-6.558227539E-1,-7.473754883E0,-4.928161621E0
8.786579294E0,-7.793273926E-1,-7.163009644E0,-5.009597778E0
8.791553659E0,-1.004364014E0,-6.927703857E0,-5.069671631E0
8.796528024E0,-1.325851440E0,-6.792663574E0,-5.295623779E0
8.801502390E0,-1.525329590E0,-6.541824341E0,-5.282577515E0
8.806476755E0,-1.685440063E0,-6.359588623E0,-5.368255615E0
8.811451120E0,-1.939651489E0,-6.243255615E0,-5.311676025E0
8.816425485E0,-2.064132690E0,-6.175857544E0,-5.318801880E0
8.821399851E0,-1.926620483E0,-6.202880859E0,-5.427383423E0
8.826374216E0,-1.842132568E0,-6.259323120E0,-5.340103149E0
8.831348581E0,-2.009490967E0,-6.298980713E0,-5.028442383E0
8.836322946E0,-2.330490112E0,-6.315780640E0,-4.435821533E0
8.841297311E0,-2.569427490E0,-6.312026978E0,-3.457397461E0
8.846271677E0,-2.814590454E0,-6.387680054E0,-2.212127686E0
8.851246042E0,-2.692642212E0,-6.728027344E0,-7.930755615E-1
8.856220407E0,-2.013137817E0,-7.301132202E0,3.097229004E-1
8.861194772E0,-1.029632568E0,-7.847045898E0,8.334350586E-1
8.866169138E0,-7.975769043E-2,-8.343704224E0,1.109451294E0
8.871143503E0,6.740112305E-1,-8.834854126E0,1.200408936E0
8.876117868E0,1.220031738E0,-9.344238281E0,7.687530518E-1
8.881092233E0,9.436035156E-1,-9.933212280E0,4.516601562E-3
8.886066599E0,3.234100342E-1,-1.062232971E1,-1.211883545E0
8.891040964E0,2.062072754E-1,-1.140386963E1,-2.648223877E0
8.896015329E0,6.928405762E-1,-1.214562988E1,-3.570953369E0
8.900989694E0,9.533233643E-1,-1.298538208E1,-3.985687256E0
8.905964059E0,8.778686523E-1,-1.396603394E1,-4.507492065E0
8.910938425E0,1.270874023E0,-1.509815979E1,-5.029083252E0
8.915912790E0,1.775360107E0,-1.660510254E1,-5.253326416E0
8.920887155E0,2.123184204E0,-1.817330933E1,-5.142776489E0
8.925861520E0,2.251388550E0,-1.917652893E1,-5.290481567E0
8.930835886E0,2.367294312E0,-1.953088379E1,-5.593780518E0
8.935810251E0,2.720031738E0,-1.927450562E1,-5.782974243E0
8.940784616E0,3.435317993E0,-1.824673462E1,-5.779769897E0
8.945758981E0,3.207199097E0,-1.698327637E1,-4.997955322E0
8.950733347E0,2.393081665E0,-1.550161743E1,-4.120727539E0
8.955707712E0,1.689895630E0,-1.386442566E1,-3.505493164E0
8.960682077E0,1.716033936E0,-1.256822205E1,-2.893142700E0
8.965656442E0,1.026336670E0,-1.137184143E1,-1.575866699E0
8.970630808E0,-2.944946289E-1,-1.007954407E1,1.051101685E0
8.975605173E0,-1.681564331E0,-9.503601074E0,3.480606079E0
8.980579538E0,-3.960632324E0,-9.827713013E0,5.022262573E0
8.985553903E0,-5.005187988E0,-1.001171875E1,5.684906006E0
8.990528268E0,-5.423095703E0,-9.886123657E0,6.245712280E0
8.995502634E0,-6.051010132E0,-9.705795288E0,6.706359863E0
9.000476999E0,-6.332336426E0,-9.561172485E0,6.864288330E0
9.005451364E0,-6.693267822E0,-9.504547119E0,6.470565796E0
9.010425729E0,-7.083999634E0,-9.644958496E0,5.013214111E0
9.015400095E0,-7.309555054E0,-9.726882935E0,2.472671509E0
9.020374460E0,-7.113983154E0,-9.662216187E0,-4.201049805E-1
9.025348825E0,-6.377563477E0,-9.547805786E0,-3.179397583E0
9.030323190E0,-5.353149414E0,-9.415344238E0,-5.553726196E0
9.035297556E0,-4.514511108E0,-9.237487793E0,-7.219741821E0
9.040271921E0,-3.729187012E0,-8.918792725E0,-8.059738159E0
9.045246286E0,-2.884735107E0,-8.472167969E0,-8.045684814E0
9.050220651E0,-1.989593506E0,-7.955810547E0,-7.269119263E0
9.055195017E0,-1.299835205E0,-7.440811157E0,-5.953903198E0
9.060169382E0,-9.824523926E-1,-7.003692627E0,-4.469512939E0
9.065143747E0,-7.205657959E-1,-6.590454102E0,-3.072570801E0
9.070118112E0,-3.949584961E-1,-6.198150635E0,-1.922241211E0
9.075092477E0,2.305603027E-2,-5.842773438E0,-1.224258423E0
9.080066843E0,7.183227539E-1,-5.504974365E0,-1.017044067E0
9.085041208E0,1.570709229E0,-5.197296143E0,-1.271820068E0
9.090015573E0,2.227783203E0,-4.948440552E0,-2.047256470E0
9.094989938E0,2.864913940E0,-4.845794678E0,-3.068908691E0
9.099964304E0,3.706604004E0,-4.909652710E0,-3.932754517E0
9.104938669E0,4.255706787E0,-5.085144043E0,-4.366912842E0
9.109913034E0,4.448699951E0,-5.404220581E0,-4.465881348E0
9.114887399E0,4.559707642E0,-5.651199341E0,-4.436157227E0
9.119861765E0,4.477478027E0,-5.879531860E0,-4.399551392E0
9.124836130E0,3.913238525E0,-6.174026489E0,-4.249755859E0
9.129810495E0,3.069900513E0,-6.478057861E0,-4.000228882E0
9.134784860E0,2.236114502E0,-6.659149170E0,-3.788375854E0
9.139759226E0,1.316711426E0,-6.925262451E0,-3.564270020E0
9.144733591E0,3.384704590E-1,-7.176818848E0,-3.236618042E0
9.149707956E0,-4.168395996E-1,-7.529296875E0,-2.891128540E0
9.154682321E0,-1.382263184E0,-7.817276001E0,-2.478134155E0
9.159656686E0,-2.228347778E0,-8.130325317E0,-1.998718262E0
9.164631052E0,-2.968704224E0,-8.331253052E0,-1.573608398E0
9.169605417E0,-3.707565308E0,-8.423736572E0,-1.391418457E0
9.174579782E0,-4.170257568E0,-8.375976562E0,-1.579589844E0
9.179554147E0,-4.456893921E0,-8.198150635E0,-2.110015869E0
9.184528513E0,-5.114486694E0,-8.134155273E0,-3.035232544E0
9.189502878E0,-5.824295044E0,-8.117980957E0,-3.971405029E0
9.194477243E0,-6.060195923E0,-8.176483154E0,-4.741729736E0
9.199451608E0,-6.051589966E0,-8.330535889E0,-5.267684937E0
9.204425974E0,-5.993377686E0,-8.571212769E0,-5.716949463E0
9.209400339E0,-5.891448975E0,-8.864593506E0,-6.345382690E0
9.214374704E0,-6.064666748E0,-9.153640747E0,-7.228271484E0
9.219349069E0,-6.513580322E0,-9.403900146E0,-8.133728027E0
9.224323434E0,-6.617095947E0,-9.483322144E0,-8.970611572E0
9.229297800E0,-6.036071777E0,-9.466262817E0,-9.676712036E0
9.234272165E0,-5.211181641E0,-9.464859009E0,-1.025346375E1
9.239246530E0,-4.362701416E0,-9.375778198E0,-1.065214539E1
9.244220895E0,-3.557968140E0,-9.102157593E0,-1.066342163E1
9.249195261E0,-2.954147339E0,-8.775344849E0,-1.027204895E1
9.254169626E0,-2.557495117E0,-8.574096680E0,-9.640594482E0
9.259143991E0,-2.362594604E0,-8.483749390E0,-8.786453247E0
9.264118356E0,-2.313690186E0,-8.495117188E0,-7.756225586E0
9.269092722E0,-2.398162842E0,-8.691925049E0,-6.736846924E0
9.274067087E0,-2.635009766E0,-9.143630981E0,-5.769973755E0
9.279041452E0,-2.926925659E0,-9.766433716E0,-4.867263794E0
9.284015817E0,-3.262252808E0,-1.064012146E1,-3.974822998E0
9.288990183E0,-3.617935181E0,-1.189431763E1,-3.084960938E0
9.293964548E0,-3.957504272E0,-1.341061401E1,-2.174346924E0
9.298938913E0,-4.237442017E0,-1.483801270E1,-1.230392456E0
9.303913278E0,-4.425369263E0,-1.622669983E1,9.025115967E-1
9.308887643E0,-4.676361084E0,-1.746594238E1,3.466140747E0
9.313862009E0,-4.868698120E0,-1.795774841E1,3.636779785E0
9.318836374E0,-4.716644287E0,-1.726139832E1,8.183746338E-1
9.323810739E0,-4.246200562E0,-1.608314514E1,-2.351547241E0
9.328785104E0,-4.023742676E0,-1.518917847E1,-4.056854248E0
9.333759470E0,-4.097579956E0,-1.451573181E1,-4.324386597E0
9.338733835E0,-4.304779053E0,-1.368177795E1,-3.812103271E0
9.343708200E0,-4.792495728E0,-1.241664124E1,-3.273712158E0
9.348682565E0,-4.913665771E0,-1.097875977E1,-3.038574219E0
9.353656931E0,-4.407012939E0,-9.737243652E0,-2.881042480E0
9.358631296E0,-3.748535156E0,-8.722915649E0,-2.789016724E0
9.363605661E0,-3.245605469E0,-7.784927368E0,-2.700073242E0
9.368580026E0,-2.430923462E0,-6.952468872E0,-2.778045654E0
9.373554392E0,-1.735687256E0,-6.238037109E0,-3.077209473E0
9.378528757E0,-9.055938721E-1,-5.718994141E0,-3.474456787E0
9.383503122E0,-1.718292236E-1,-5.454605103E0,-3.938629150E0
9.388477487E0,4.926757812E-1,-5.599426270E0,-4.371810913E0
9.393451852E0,1.058441162E0,-5.950485229E0,-4.349990845E0
9.398426218E0,1.405593872E0,-6.223770142E0,-3.736907959E0
9.403400583E0,1.890502930E0,-6.389251709E0,-2.906799316E0
9.408374948E0,2.770034790E0,-6.638092041E0,-2.186172485E0
9.413349313E0,3.534271240E0,-6.843368530E0,-1.706619263E0
9.418323679E0,3.964767456E0,-7.174362183E0,-1.390136719E0
9.423298044E0,4.306091309E0,-7.754745483E0,-1.243606567E0
9.428272409E0,4.429458618E0,-8.466796875E0,-1.143447876E0
9.433246774E0,4.679870605E0,-9.279022217E0,-1.063796997E0
9.438221140E0,4.875427246E0,-1.007507324E1,-1.218399048E0
9.443195505E0,4.542999268E0,-1.087028503E1,-1.845687866E0
9.448169870E0,3.893295288E0,-1.159049988E1,-2.628112793E0
9.453144235E0,2.804733276E0,-1.222880554E1,-2.962493896E0
9.458118601E0,1.747131348E0,-1.275709534E1,-2.541702271E0
9.463092966E0,7.596282959E-1,-1.291125488E1,-2.321273804E0
9.468067331E0,-1.247253418E-1,-1.272389221E1,-2.552413940E0
9.473041696E0,-6.803741455E-1,-1.221488953E1,-2.719970703E0
9.478016061E0,-8.378753662E-1,-1.139794922E1,-3.036712646E0
9.482990427E0,-6.775817871E-1,-1.061686707E1,-3.694854736E0
9.487964792E0,-1.029113770E0,-9.721832275E0,-4.483062744E0
9.492939157E0,-1.196624756E0,-9.006240845E0,-5.752899170E0
9.497913522E0,-1.484664917E0,-8.470535278E0,-6.803161621E0
9.502887888E0,-1.307983398E0,-7.987136841E0,-7.529495239E0
9.507862253E0,-1.063186646E0,-7.510894775E0,-7.938766479E0
9.512836618E0,-5.024414062E-1,-7.224380493E0,-7.895080566E0
9.517810983E0,1.848297119E-1,-7.147659302E0,-7.393203735E0
9.522785349E0,7.899475098E-1,-7.054626465E0,-6.846282959E0
9.527759714E0,1.139633179E0,-7.057556152E0,-6.151367188E0
9.532734079E0,1.117874146E0,-7.082901001E0,-5.438690186E0
9.537708444E0,8.547821045E-1,-6.892501831E0,-4.871826172E0
9.542682809E0,8.617248535E-1,-6.440017700E0,-4.052932739E0
9.547657175E0,5.190277100E-1,-6.316116333E0,-1.685562134E0
9.552631540E0,4.188537598E-2,-6.359756470E0,5.858764648E-1
9.557605905E0,-9.652862549E-1,-6.761398315E0,1.727233887E0
9.562580270E0,-2.160858154E0,-7.309417725E0,1.786911011E0
9.567554636E0,-2.742904663E0,-7.707168579E0,8.287811279E-1
9.572529001E0,-3.145889282E0,-7.968765259E0,-3.190612793E-1
9.577503366E0,-3.574142456E0,-8.213745117E0,-1.094161987E0
9.582477731E0,-3.811660767E0,-8.546524048E0,-1.426071167E0
9.587452097E0,-3.661911011E0,-8.812332153E0,-1.454391479E0
9.592426462E0,-3.536788940E0,-9.164276123E0,-1.308822632E0
9.597400827E0,-3.259719849E0,-9.585693359E0,-1.268508911E0
9.602375192E0,-2.572692871E0,-9.847137451E0,-1.318206787E0
9.607349558E0,-1.742675781E0,-1.000740051E1,-1.284576416E0
9.612323923E0,-9.267730713E-1,-1.014483643E1,-1.080566406E0
9.617298288E0,-1.072845459E-1,-1.024810791E1,-7.929229736E-1
9.622272653E0,5.890502930E-1,-1.038429260E1,-5.920104980E-1
9.627247018E0,1.110046387E0,-1.055065918E1,-6.144561768E-1
9.632221384E0,1.449310303E0,-1.069970703E1,-6.921997070E-1
9.637195749E0,1.597030640E0,-1.080598450E1,-8.192901611E-1
9.642170114E0,1.575958252E0,-1.091992188E1,-8.741149902E-1
9.647144479E0,1.478927612E0,-1.102868652E1,-8.569488525E-1
9.652118845E0,1.341552734E0,-1.110479736E1,-9.180297852E-1
9.657093210E0,1.258972168E0,-1.112318420E1,-1.011199951E0
9.662067575E0,1.147308350E0,-1.105406189E1,-1.208374023E0
9.667041940E0,9.382629395E-1,-1.083940125E1,-1.527359009E0
9.672016306E0,6.541137695E-1,-1.060745239E1,-1.960128784E0
9.676990671E0,3.615112305E-1,-1.028533936E1,-2.387969971E0
9.681965036E0,1.811523438E-1,-9.868896484E0,-2.953018188E0
9.686939401E0,1.291046143E-1,-9.358993530E0,-3.637588501E0
9.691913767E0,2.382202148E-1,-8.809127808E0,-4.317565918E0
9.696888132E0,1.173706055E-1,-8.355545044E0,-4.995758057E0
9.701862497E0,2.490234375E-2,-7.929855347E0,-5.726440430E0
9.706836862E0,-7.705688477E-3,-7.529647827E0,-6.260467529E0
9.711811227E0,-3.469848633E-2,-7.238357544E0,-6.499801636E0
9.716785593E0,-6.631469727E-2,-7.160217285E0,-6.370346069E0
9.721759958E0,-7.925415039E-2,-7.313705444E0,-5.841751099E0
9.726734323E0,3.248291016E-1,-7.438980103E0,-4.842895508E0
9.731708688E0,-4.600372314E-1,-7.878768921E0,-4.780136108E0
9.736683054E0,-1.023696899E0,-8.595993042E0,-4.304458618E0
9.741657419E0,-6.262664795E-1,-9.031936646E0,-3.788482666E0
9.746631784E0,-2.539672852E-1,-9.289581299E0,-3.486297607E0
9.751606149E0,6.152343750E-2,-9.298126221E0,-3.493469238E0
9.756580515E0,1.606903076E-1,-9.367843628E0,-3.579895020E0
9.761554880E0,2.157745361E-1,-9.347076416E0,-3.597503662E0
9.766529245E0,3.133544922E-1,-9.331390381E0,-3.416992188E0
9.771503610E0,4.207458496E-1,-9.532669067E0,-3.201248169E0
9.776477976E0,5.609893799E-1,-9.802841187E0,-3.042892456E0
9.781452341E0,6.649932861E-1,-1.021078491E1,-2.921508789E0
9.786426706E0,6.433715820E-1,-1.084259033E1,-2.826141357E0
9.791401071E0,5.570068359E-1,-1.136854553E1,-2.554702759E0
9.796375436E0,5.076599121E-1,-1.181945801E1,-2.260391235E0
9.801349802E0,3.760070801E-1,-1.218212891E1,-2.119537354E0
9.806324167E0,2.923889160E-1,-1.231327820E1,-2.070434570E0
9.811298532E0,3.454132080E-1,-1.216511536E1,-2.029800415E0
9.816272897E0,4.501342773E-1,-1.180419922E1,-2.189468384E0
9.821247263E0,4.098663330E-1,-1.140129089E1,-2.589187622E0
9.826221628E0,1.992187500E-1,-1.111271667E1,-3.116622925E0
9.831195993E0,-1.104736328E-2,-1.090209961E1,-3.711975098E0
9.836170358E0,-2.332305908E-1,-1.069195557E1,-4.225967407E0
9.841144724E0,-4.213867188E-1,-1.041554260E1,-4.623245239E0
9.846119089E0,-4.609680176E-1,-1.005505371E1,-4.987197876E0
9.851093454E0,-4.154968262E-1,-9.564422607E0,-5.298721313E0
9.856067819E0,-3.273468018E-1,-8.971405029E0,-5.610000610E0
9.861042184E0,-3.437347412E-1,-8.438766479E0,-5.836868286E0
9.866016550E0,-4.798126221E-1,-8.021392822E0,-5.829895020E0
9.870990915E0,-6.602172852E-1,-7.739318848E0,-5.732894897E0
9.875965280E0,-9.341278076E-1,-7.649978638E0,-5.546646118E0
9.880939645E0,-1.286911011E0,-7.631607056E0,-5.268356323E0
9.885914011E0,-1.666748047E0,-7.695068359E0,-4.922836304E0
9.890888376E0,-1.885070801E0,-7.701919556E0,-4.813644409E0
9.895862741E0,-2.046066284E0,-7.671020508E0,-4.909652710E0
9.900837106E0,-2.334472656E0,-7.645584106E0,-5.109817505E0
9.905811472E0,-2.697814941E0,-7.648544312E0,-5.317245483E0
9.910785837E0,-3.037414551E0,-7.769210815E0,-5.353240967E0
9.915760202E0,-2.986099243E0,-7.849914551E0,-5.345413208E0
9.920734567E0,-2.759658813E0,-7.873962402E0,-5.063247681E0
9.925708933E0,-2.647949219E0,-8.084182739E0,-4.618331909E0
9.930683298E0,-2.616012573E0,-8.423233032E0,-3.623046875E0
9.935657663E0,-2.406036377E0,-9.075576782E0,-2.107986450E0
9.940632028E0,-1.786773682E0,-9.874679565E0,-6.103057861E-1
9.945606393E0,-7.968750000E-1,-1.063098145E1,5.603332520E-1
9.950580759E0,4.705810547E-1,-1.140194702E1,1.545974731E0
9.955555124E0,1.756683350E0,-1.207646179E1,2.019912720E0
9.960529489E0,2.507339478E0,-1.257914734E1,1.640701294E0
9.965503854E0,2.290542603E0,-1.296882629E1,6.365203857E-1
9.970478220E0,1.379379272E0,-1.339573669E1,-6.144561768E-1
9.975452585E0,2.288970947E-1,-1.372647095E1,-1.883590698E0
9.980426950E0,-9.493408203E-1,-1.375344849E1,-2.551589966E0
9.985401315E0,-1.623443604E0,-1.384548950E1,-2.273590088E0
9.990375681E0,-1.658676147E0,-1.397949219E1,-1.832672119E0
9.995350046E0,-1.407775879E0,-1.418559265E1,-1.367782593E0
1.000032441E1,-1.608581543E0,-1.436701965E1,-9.488983154E-1
1.000529878E1,-1.801681519E0,-1.429023743E1,-8.429260254E-1
1.001027314E1,-1.547821045E0,-1.385108948E1,-9.556274414E-1
1.001524751E1,-1.343658447E0,-1.314135742E1,-1.032989502E0
1.002022187E1,-1.240493774E0,-1.237356567E1,-1.125823975E0
1.002519624E1,-9.713897705E-1,-1.172377014E1,-1.381637573E0
1.003017060E1,-5.922241211E-1,-1.120730591E1,-1.801620483E0
1.003514497E1,-3.336181641E-1,-1.074493408E1,-2.185409546E0
1.004011933E1,-3.161468506E-1,-1.031271362E1,-2.137649536E0
1.004509370E1,1.431274414E-1,-9.867630005E0,-2.236740112E0
1.005006806E1,3.407897949E-1,-9.437103271E0,-2.253631592E0
1.005504243E1,1.124572754E-2,-8.928131104E0,-1.674575806E0
1.006001679E1,-1.613311768E-1,-8.474639893E0,-1.099929810E0
1.006499116E1,-2.543029785E-1,-8.260513306E0,-8.567352295E-1
1.006996552E1,-8.467559814E-1,-8.222290039E0,-8.456726074E-1
1.007493989E1,-1.469177246E0,-8.301864624E0,-9.173431396E-1
1.007991426E1,-1.666793823E0,-8.073669434E0,-9.250946045E-1
1.008488862E1,-1.385757446E0,-7.737716675E0,-5.888061523E-1
1.008986298E1,-2.047302246E0,-7.521270752E0,3.663635254E-2
1.009483735E1,-3.629119873E0,-8.216644287E0,2.909393311E-1
1.009981172E1,-3.504745483E0,-8.988815308E0,-1.454162598E-1
1.010478608E1,-3.260696411E0,-9.305221558E0,-5.535888672E-1
1.010976045E1,-3.083587646E0,-9.418060303E0,-1.329421997E0
1.011473481E1,-2.532165527E0,-9.607757568E0,-1.961212158E0
1.011970918E1,-2.435333252E0,-9.781616211E0,-2.438278198E0
1.012468354E1,-2.490783691E0,-9.845413208E0,-2.932250977E0
1.012965791E1,-2.375167847E0,-9.883941650E0,-3.672912598E0
1.013463227E1,-2.099929810E0,-9.873184204E0,-4.392700195E0
1.013960664E1,-1.844863892E0,-9.799194336E0,-4.884124756E0
1.014458100E1,-1.727020264E0,-9.748977661E0,-5.165649414E0
1.014955537E1,-1.751007080E0,-9.650436401E0,-5.300598145E0
1.015452973E1,-1.838348389E0,-9.459365845E0,-5.204574585E0
1.015950410E1,-1.897186279E0,-9.204605103E0,-4.829040527E0
1.016447846E1,-1.796112061E0,-8.882659912E0,-4.259628296E0
1.016945283E1,-1.640777588E0,-8.563034058E0,-3.641418457E0
1.017442719E1,-1.483779907E0,-8.251510620E0,-3.048919678E0
1.017940156E1,-1.320861816E0,-8.003753662E0,-2.530700684E0
1.018437593E1,-1.142501831E0,-7.762481689E0,-2.142333984E0
1.018935029E1,-9.810333252E-1,-7.564392090E0,-1.842788696E0
1.019432466E1,-8.073120117E-1,-7.431686401E0,-1.662506104E0
1.019929902E1,-6.348571777E-1,-7.325988770E0,-1.631500244E0
1.020427339E1,-4.771423340E-1,-7.241363525E0,-1.727798462E0
1.020924775E1,-3.297119141E-1,-7.195190430E0,-1.895095825E0
1.021422212E1,-2.149353027E-1,-7.149887085E0,-2.093750000E0
1.021919648E1,-1.032257080E-1,-7.124679565E0,-2.335754395E0
1.022417085E1,-2.311706543E-2,-7.144241333E0,-2.557754517E0
1.022914521E1,-6.999206543E-2,-7.168304443E0,-2.802719116E0
1.023411958E1,-1.873626709E-1,-7.204376221E0,-3.050796509E0
1.023909394E1,-2.966461182E-1,-7.269027710E0,-3.234039307E0
1.024406831E1,-5.246887207E-1,-7.363739014E0,-3.347686768E0
1.024904267E1,-7.927703857E-1,-7.477691650E0,-3.437896729E0
1.025401704E1,-1.072753906E0,-7.546539307E0,-3.450973511E0
1.025899140E1,-1.333999634E0,-7.586914062E0,-3.413970947E0
1.026396577E1,-1.562225342E0,-7.579574585E0,-3.373626709E0
1.026894013E1,-1.783218384E0,-7.533309937E0,-3.371704102E0
1.027391450E1,-2.140762329E0,-7.496749878E0,-3.447143555E0
1.027888886E1,-2.571243286E0,-7.471206665E0,-3.601104736E0
1.028386323E1,-3.077865601E0,-7.455703735E0,-3.672714233E0
1.028883760E1,-3.546508789E0,-7.447937012E0,-3.736480713E0
1.029381196E1,-3.981948853E0,-7.466857910E0,-3.836563110E0
1.029878632E1,-4.508911133E0,-7.349761963E0,-3.945999146E0
1.030376069E1,-4.914276123E0,-7.162322998E0,-4.115249634E0
1.030873506E1,-5.184494019E0,-7.002868652E0,-4.287216187E0
1.031370942E1,-5.393341064E0,-6.839096069E0,-4.495437622E0
1.031868379E1,-5.530288696E0,-6.632919312E0,-4.736160278E0
1.032365815E1,-5.422622681E0,-6.427673340E0,-5.069259644E0
1.032863252E1,-5.117660522E0,-6.350509644E0,-5.433456421E0
1.033360688E1,-4.694732666E0,-6.373107910E0,-5.879882812E0
1.033858125E1,-4.286285400E0,-6.432525635E0,-6.329345703E0
1.034355561E1,-3.934860229E0,-6.605621338E0,-6.827941895E0
1.034852998E1,-3.633956909E0,-6.901794434E0,-7.359329224E0
1.035350434E1,-3.498962402E0,-7.339263916E0,-7.934417725E0
1.035847871E1,-3.277923584E0,-7.911972046E0,-8.412536621E0
1.036345307E1,-2.839691162E0,-8.560653687E0,-8.615524292E0
1.036842744E1,-2.236831665E0,-9.173934937E0,-8.620758057E0
1.037340180E1,-1.694503784E0,-9.654983521E0,-8.442184448E0
1.037837617E1,-1.389923096E0,-9.953826904E0,-8.105346680E0
1.038335053E1,-1.406768799E0,-1.014445496E1,-7.625671387E0
1.038832490E1,-1.693161011E0,-1.020544434E1,-6.962661743E0
1.039329927E1,-2.132843018E0,-1.021289062E1,-6.179412842E0
1.039827363E1,-2.539672852E0,-1.023168945E1,-5.353744507E0
1.040324800E1,-2.837051392E0,-1.029319763E1,-4.508178711E0
1.040822236E1,-2.980636597E0,-1.053407288E1,-3.636764526E0
1.041319673E1,-2.975692749E0,-1.101719666E1,-2.833694458E0
1.041817109E1,-2.865478516E0,-1.173693848E1,-2.111999512E0
1.042314546E1,-2.650283813E0,-1.260443115E1,-1.473876953E0
1.042811982E1,-2.469955444E0,-1.360301208E1,-9.435729980E-1
1.043309419E1,-2.248352051E0,-1.465837097E1,-2.957763672E-1
1.043806855E1,-2.029724121E0,-1.574851990E1,5.552978516E-1
1.044304292E1,-1.997787476E0,-1.676763916E1,1.177307129E0
1.044801728E1,-2.153335571E0,-1.777629089E1,7.268524170E-1
1.045299165E1,-2.463867188E0,-1.862846375E1,-7.705688477E-1
1.045796601E1,-2.966110229E0,-1.895780945E1,-2.581878662E0
1.046294038E1,-3.399749756E0,-1.874629211E1,-3.951461792E0
1.046791474E1,-3.524200439E0,-1.807383728E1,-4.464065552E0
1.047288911E1,-3.372955322E0,-1.657725525E1,-4.400894165E0
1.047786347E1,-3.035247803E0,-1.409519958E1,-4.064819336E0
1.048283784E1,-3.140563965E0,-1.159875488E1,-4.073165894E0
1.048781220E1,-3.313766479E0,-9.521896362E0,-4.289779663E0
1.049278657E1,-3.448852539E0,-8.141540527E0,-4.160659790E0
1.049776093E1,-3.247573853E0,-7.241683960E0,-3.641098022E0
1.050273530E1,-2.730270386E0,-6.529769897E0,-2.694274902E0
1.050770966E1,-2.117233276E0,-5.749816895E0,-1.950714111E0
1.051268403E1,-1.783874512E0,-4.925918579E0,-1.609817505E0
1.051765840E1,-1.315032959E0,-4.323867798E0,-1.624282837E0
1.052263276E1,-8.263092041E-1,-3.995513916E0,-1.832107544E0
1.052760713E1,-6.592254639E-1,-3.989089966E0,-1.958053589E0
1.053258149E1,-5.875396729E-1,-4.111480713E0,-1.958816528E0
1.053755586E1,-4.380950928E-1,-4.365509033E0,-1.707443237E0
1.054253022E1,-1.649932861E-1,-4.759445190E0,-1.407104492E0
1.054750459E1,2.758941650E-1,-5.256698608E0,-1.315338135E0
1.055247895E1,5.565795898E-1,-5.931274414E0,-1.379547119E0
1.055745332E1,6.840057373E-1,-6.649246216E0,-1.626358032E0
1.056242768E1,8.576660156E-1,-7.359848022E0,-1.935592651E0
1.056740205E1,1.089019775E0,-8.033050537E0,-2.139953613E0
1.057237641E1,1.337051392E0,-8.638107300E0,-2.158309937E0
1.057735078E1,1.271011353E0,-9.324844360E0,-2.063674927E0
1.058232514E1,7.826995850E-1,-1.002690125E1,-2.409301758E0
1.058729951E1,2.831573486E-1,-1.056950378E1,-3.153228760E0
1.059227387E1,-3.127593994E-1,-1.109736633E1,-3.463409424E0
1.059724824E1,-6.134185791E-1,-1.165065002E1,-3.809753418E0
1.060222260E1,-1.072967529E0,-1.209788513E1,-4.067565918E0
1.060719697E1,-1.508636475E0,-1.227670288E1,-4.128021240E0
1.061217134E1,-8.202362061E-1,-1.195578003E1,-4.870254517E0
1.061714570E1,-3.449249268E-1,-1.154255676E1,-5.480056763E0
1.062212006E1,-3.100280762E-1,-1.109748840E1,-5.145736694E0
1.062709443E1,-3.525543213E-1,-1.057714844E1,-4.419769287E0
1.063206880E1,-4.200744629E-1,-1.017196655E1,-4.487350464E0
1.063704316E1,-4.472503662E-1,-9.952270508E0,-5.236236572E0
1.064201753E1,-5.782775879E-1,-9.806701660E0,-5.845870972E0
1.064699189E1,-2.765502930E-1,-9.661209106E0,-6.108474731E0
1.065196626E1,7.545013428E-1,-9.311141968E0,-6.199493408E0
1.065694062E1,1.650253296E0,-9.108062744E0,-5.891448975E0
1.066191499E1,2.373397827E0,-9.082672119E0,-4.669113159E0
1.066688935E1,3.281341553E0,-9.253585815E0,-2.789627075E0
1.067186372E1,3.551010132E0,-9.331909180E0,-1.077865601E0
1.067683808E1,3.037841797E0,-9.214080811E0,2.817535400E-1
1.068181245E1,2.525527954E0,-8.898208618E0,1.083190918E0
1.068678681E1,1.970977783E0,-8.520904541E0,1.311950684E0
1.069176118E1,1.321960449E0,-8.168411255E0,9.718627930E-1
1.069673554E1,9.162445068E-1,-8.036041260E0,6.100463867E-2
1.070170991E1,6.758728027E-1,-8.173629761E0,-9.181976318E-1
1.070668427E1,3.146667480E-1,-8.515548706E0,-2.045227051E0
1.071165864E1,1.475982666E-1,-8.851135254E0,-3.151351929E0
1.071663300E1,-1.814270020E-2,-9.173339844E0,-3.978210449E0
1.072160737E1,-3.391571045E-1,-9.424209595E0,-4.317001343E0
1.072658174E1,-1.045043945E0,-9.663467407E0,-4.194427490E0
1.073155610E1,-1.838195801E0,-9.752639771E0,-3.853378296E0
1.073653047E1,-2.287811279E0,-9.707077026E0,-3.403854370E0
1.074150483E1,-2.405181885E0,-9.560455322E0,-2.990890503E0
1.074647920E1,-2.295883179E0,-9.338684082E0,-2.582443237E0
1.075145356E1,-2.124435425E0,-9.097732544E0,-2.188842773E0
1.075642793E1,-1.851837158E0,-8.848693848E0,-1.908157349E0
1.076140229E1,-1.609970093E0,-8.629714966E0,-1.853256226E0
1.076637666E1,-1.494232178E0,-8.501876831E0,-1.913940430E0
1.077135102E1,-1.252929688E0,-8.398864746E0,-2.002456665E0
1.077632539E1,-9.964752197E-1,-8.326202393E0,-2.096023560E0
1.078129975E1,-7.731628418E-1,-8.348602295E0,-2.204925537E0
1.078627412E1,-5.454254150E-1,-8.404830933E0,-2.424819946E0
1.079124848E1,-4.076995850E-1,-8.574234009E0,-2.698516846E0
1.079622285E1,-3.163909912E-1,-8.796249390E0,-2.897384644E0
1.080119721E1,-2.621612549E-1,-8.990341187E0,-3.039474487E0
1.080617158E1,-2.777862549E-1,-9.215698242E0,-3.148422241E0
1.081114594E1,-3.000335693E-1,-9.434738159E0,-3.214233398E0
1.081612031E1,-3.341064453E-1,-9.590423584E0,-3.179473877E0
1.082109468E1,-4.286193848E-1,-9.738082886E0,-3.090759277E0
1.082606904E1,-4.361267090E-1,-9.880767822E0,-3.053405762E0
1.083104340E1,-4.915618896E-1,-9.999801636E0,-2.992660522E0
1.083601777E1,-5.676879883E-1,-1.007041931E1,-2.981933594E0
1.084099214E1,-6.458129883E-1,-1.011305237E1,-2.959457397E0
1.084596650E1,-8.461151123E-1,-1.015443420E1,-2.891876221E0
1.085094087E1,-1.031478882E0,-1.010385132E1,-2.857833862E0
1.085591523E1,-1.149795532E0,-9.972549438E0,-2.898391724E0
1.086088960E1,-1.270309448E0,-9.769058228E0,-2.942932129E0
1.086586396E1,-1.223022461E0,-9.512710571E0,-3.092391968E0
1.087083833E1,-1.279541016E0,-9.215652466E0,-3.142517090E0
1.087581269E1,-1.229873657E0,-8.909881592E0,-3.240554810E0
1.088078706E1,-9.298858643E-1,-8.623306274E0,-3.437500000E0
1.088576142E1,-6.277923584E-1,-8.374786377E0,-3.705596924E0
1.089073579E1,-4.253997803E-1,-8.166107178E0,-3.965393066E0
1.089571015E1,-4.452209473E-1,-8.132705688E0,-4.102508545E0
1.090068452E1,-3.445281982E-1,-8.121002197E0,-4.133224487E0
1.090565888E1,-4.582824707E-1,-8.173431396E0,-4.083740234E0
1.091063325E1,-3.759002686E-1,-8.213775635E0,-4.047943115E0
1.091560761E1,-2.224884033E-1,-8.308258057E0,-4.006912231E0
1.092058198E1,-5.641174316E-2,-8.453201294E0,-4.000610352E0
1.092555634E1,6.565856934E-2,-8.652084351E0,-4.021286011E0
1.093053071E1,2.864837646E-1,-8.836807251E0,-4.044952393E0
1.093550508E1,4.404907227E-1,-9.051605225E0,-4.073898315E0
1.094047944E1,5.465087891E-1,-9.241134644E0,-4.092346191E0
1.094545381E1,6.457824707E-1,-9.341918945E0,-4.122833252E0
1.095042817E1,6.319885254E-1,-9.384292603E0,-4.172790527E0
1.095540254E1,5.999908447E-1,-9.356689453E0,-4.257095337E0
1.096037690E1,5.478820801E-1,-9.277313232E0,-4.346008301E0
1.096535127E1,5.479888916E-1,-9.160308838E0,-4.307281494E0
1.097032563E1,4.947509766E-1,-9.083496094E0,-4.149291992E0
1.097530000E1,3.999633789E-1,-9.128250122E0,-3.973464966E0
1.098027436E1,3.724822998E-1,-9.265991211E0,-3.825393677E0
1.098524873E1,3.372192383E-1,-9.512969971E0,-3.719543457E0
1.099022309E1,2.890472412E-1,-9.791000366E0,-3.634155273E0
1.099519746E1,1.707305908E-1,-1.016709900E1,-3.577774048E0
1.100017182E1,4.656982422E-2,-1.060041809E1,-3.481918335E0
1.100514619E1,-8.285522461E-2,-1.104844666E1,-3.318450928E0
1.101012055E1,-7.669067383E-2,-1.147370911E1,-3.141494751E0
1.101509492E1,-3.823852539E-2,-1.186592102E1,-2.967056274E0
1.102006928E1,-2.561950684E-2,-1.220866394E1,-2.866104126E0
1.102504365E1,-9.573364258E-2,-1.251597595E1,-2.920242310E0
1.103001802E1,-1.901855469E-1,-1.284429932E1,-3.184158325E0
1.103499238E1,-3.258819580E-1,-1.306625366E1,-3.531890869E0
1.103996675E1,-6.761322021E-1,-1.315104675E1,-3.952804565E0
1.104494111E1,-1.143585205E0,-1.298657227E1,-4.261016846E0
1.104991548E1,-1.423751831E0,-1.240640259E1,-4.474945068E0
1.105488984E1,-1.421783447E0,-1.150990295E1,-4.574768066E0
1.105986421E1,-1.253936768E0,-1.055374146E1,-4.700119019E0
1.106483857E1,-1.043975830E0,-9.792541504E0,-4.877197266E0
1.106981294E1,-8.631134033E-1,-9.210556030E0,-5.065093994E0
1.107478730E1,-7.438812256E-1,-8.740966797E0,-5.230117798E0
1.107976167E1,-7.680664062E-1,-8.364059448E0,-5.324447632E0
1.108473603E1,-8.439025879E-1,-7.997467041E0,-5.460098267E0
1.108971040E1,-1.036376953E0,-7.655670166E0,-5.592834473E0
1.109468476E1,-1.304336548E0,-7.333724976E0,-5.847000122E0
1.109965913E1,-1.638793945E0,-7.068481445E0,-6.150970459E0
1.110463349E1,-2.069427490E0,-6.820968628E0,-6.381713867E0
1.110960786E1,-2.324951172E0,-6.568542480E0,-6.208663940E0
1.111458222E1,-2.427108765E0,-6.374908447E0,-6.093292236E0
1.111955659E1,-2.806610107E0,-6.259124756E0,-6.439620972E0
1.112453095E1,-3.097167969E0,-6.280288696E0,-6.726943970E0
1.112950532E1,-3.295791626E0,-6.290496826E0,-6.564193726E0
1.113447968E1,-3.431594849E0,-6.256759644E0,-6.054550171E0
1.113945405E1,-3.448181152E0,-6.174682617E0,-5.319244385E0
1.114442842E1,-3.413833618E0,-6.118682861E0,-4.276260376E0
1.114940278E1,-3.340087891E0,-6.364776611E0,-2.878326416E0
1.115437715E1,-3.216247559E0,-6.924057007E0,-1.487609863E0
1.115935151E1,-2.818054199E0,-7.444000244E0,-4.649047852E-1
1.116432588E1,-1.921371460E0,-7.915313721E0,3.230743408E-1
1.116930024E1,-6.586914062E-1,-8.411849976E0,1.007675171E0
1.117427461E1,7.179107666E-1,-8.779479980E0,1.351959229E0
1.117924897E1,2.073196411E0,-8.932357788E0,1.092987061E0
1.118422334E1,2.942993164E0,-9.179092407E0,-5.644226074E-2
1.118919770E1,2.557769775E0,-9.814941406E0,-1.844100952E0
1.119417207E1,1.842575073E0,-1.060292053E1,-3.512847900E0
1.119914643E1,1.496765137E0,-1.152598572E1,-4.303573608E0
1.120412080E1,7.201232910E-1,-1.273062134E1,-4.794082642E0
1.120909516E1,6.680145264E-1,-1.384672546E1,-5.153640747E0
1.121406953E1,1.114105225E0,-1.495368958E1,-5.049636841E0
1.121904389E1,1.552551270E0,-1.616972351E1,-5.191696167E0
1.122401826E1,1.679885864E0,-1.751356506E1,-5.211456299E0
1.122899262E1,1.077926636E0,-1.866476440E1,-4.988998413E0
1.123396699E1,7.559051514E-1,-1.927598572E1,-4.747695923E0
1.123894135E1,1.361175537E0,-1.915132141E1,-4.527877808E0
1.124391572E1,2.972259521E0,-1.855928040E1,-4.513809204E0
1.124889009E1,4.192626953E0,-1.734376526E1,-4.615707397E0
1.125386445E1,3.503692627E0,-1.566743469E1,-4.071273804E0
1.125883882E1,2.260040283E0,-1.373114014E1,-3.393051147E0
1.126381318E1,1.551284790E0,-1.189097595E1,-3.179275513E0
1.126878755E1,1.308074951E0,-1.048141479E1,-2.779159546E0
1.127376191E1,7.350158691E-1,-9.668746948E0,-1.218154907E0
1.127873628E1,-6.095275879E-1,-9.176208496E0,1.117614746E0
1.128371064E1,-3.220352173E0,-9.241516113E0,3.392196655E0
1.128868501E1,-4.012069702E0,-9.575180054E0,3.998565674E0
1.129365937E1,-5.245819092E0,-9.357971191E0,4.725219727E0
1.129863374E1,-6.410217285E0,-9.136596680E0,5.211303711E0
1.130360810E1,-6.167617798E0,-9.432586670E0,5.575866699E0
1.130858247E1,-6.384552002E0,-9.639358521E0,5.725265503E0
1.131355683E1,-6.957351685E0,-9.772583008E0,4.895324707E0
1.131853120E1,-6.958465576E0,-9.931900024E0,3.052520752E0
1.132350556E1,-6.349411011E0,-9.950653076E0,6.138763428E-1
1.132847993E1,-5.486083984E0,-9.814437866E0,-2.143753052E0
1.133345429E1,-4.465774536E0,-9.656951904E0,-4.834045410E0
1.133842866E1,-3.654769897E0,-9.470352173E0,-6.987518311E0
1.134340302E1,-3.182632446E0,-9.259521484E0,-8.448471069E0
1.134837739E1,-2.695205688E0,-8.978897095E0,-9.090103149E0
1.135335176E1,-2.161026001E0,-8.642196655E0,-8.877822876E0
1.135832612E1,-1.568557739E0,-8.282669067E0,-7.928176880E0
1.136330048E1,-9.981079102E-1,-7.919189453E0,-6.375015259E0
1.136827485E1,-6.804962158E-1,-7.596206665E0,-4.537628174E0
1.137324922E1,-5.875854492E-1,-7.359634399E0,-2.866653442E0
1.137822358E1,-3.842926025E-1,-7.137985229E0,-1.497634888E0
1.138319795E1,2.101135254E-2,-6.842788696E0,-5.213470459E-1
1.138817231E1,7.209472656E-1,-6.540115356E0,-9.304809570E-2
1.139314668E1,1.539382935E0,-6.220260620E0,-1.704559326E-1
1.139812104E1,2.625625610E0,-5.956207275E0,-9.033813477E-1
1.140309541E1,3.720382690E0,-5.724792480E0,-2.043441772E0
1.140806977E1,4.696426392E0,-5.635803223E0,-3.065948486E0
1.141304414E1,4.687026978E0,-5.657928467E0,-3.576095581E0
1.141801850E1,4.682556152E0,-5.854995728E0,-3.643585205E0
1.142299287E1,4.847442627E0,-6.161468506E0,-3.541854858E0
1.142796723E1,4.836929321E0,-6.382064819E0,-3.387283325E0
1.143294160E1,4.203460693E0,-6.586090088E0,-3.195236206E0
1.143791596E1,3.371200562E0,-6.725082397E0,-2.922500610E0
1.144289033E1,2.535995483E0,-6.784484863E0,-2.581100464E0
1.144786469E1,1.564971924E0,-6.769470215E0,-2.218978882E0
1.145283906E1,7.440948486E-1,-6.802230835E0,-1.783142090E0
1.145781343E1,-7.850646973E-2,-6.894454956E0,-1.400085449E0
1.146278779E1,-1.004608154E0,-6.853805542E0,-1.149047852E0
1.146776216E1,-1.768386841E0,-6.750549316E0,-1.059783936E0
1.147273652E1,-2.277694702E0,-6.708084106E0,-1.037673950E0
1.147771089E1,-2.839447021E0,-6.645355225E0,-1.256637573E0
1.148268525E1,-3.378356934E0,-6.593856812E0,-1.947265625E0
1.148765962E1,-3.852676392E0,-6.495529175E0,-3.038696289E0
1.149263398E1,-4.339614868E0,-6.383560181E0,-4.248565674E0
1.149760835E1,-4.833572388E0,-6.318511963E0,-5.232788086E0
1.150258271E1,-5.417053223E0,-6.356094360E0,-5.860488892E0
1.150755708E1,-5.569091797E0,-6.491561890E0,-6.254928589E0
1.151253144E1,-5.312103271E0,-6.824539185E0,-6.518600464E0
1.151750581E1,-5.297546387E0,-7.297363281E0,-6.844818115E0
1.152248017E1,-5.544723511E0,-7.988082886E0,-7.427536011E0
1.152745454E1,-5.968215942E0,-8.852569580E0,-8.242599487E0
1.153242890E1,-6.300018311E0,-9.732620239E0,-9.191085815E0
1.153740327E1,-6.319076538E0,-1.055120850E1,-1.015615845E1
1.154237763E1,-6.077301025E0,-1.117938232E1,-1.111822510E1
1.154735200E1,-5.641326904E0,-1.147682190E1,-1.199963379E1
1.155232636E1,-4.934570312E0,-1.140319824E1,-1.257907104E1
1.155730073E1,-4.064971924E0,-1.094218445E1,-1.264091492E1
1.156227510E1,-3.321655273E0,-1.022808838E1,-1.198445129E1
1.156724946E1,-2.816345215E0,-9.544174194E0,-1.056672668E1
1.157222382E1,-2.397949219E0,-9.079833984E0,-8.748413086E0
1.157719819E1,-2.056427002E0,-8.820861816E0,-6.906188965E0
1.158217256E1,-1.790176392E0,-8.802276611E0,-5.278839111E0
1.158714692E1,-1.836669922E0,-9.077133179E0,-3.924560547E0
1.159212129E1,-2.302047729E0,-9.627212524E0,-2.798004150E0
1.159709565E1,-2.882247925E0,-1.054298401E1,-1.773849487E0
1.160207002E1,-3.253616333E0,-1.185287476E1,-8.184661865E-1
1.160704438E1,-3.344512939E0,-1.338458252E1,5.530090332E-1
1.161201875E1,-3.055648804E0,-1.515393066E1,4.585525513E0
1.161699311E1,-3.215576172E0,-1.675668335E1,8.419372559E0
1.162196748E1,-3.948898315E0,-1.702890015E1,6.761215210E0
1.162694184E1,-3.549499512E0,-1.596780396E1,-3.254699707E-2
1.163191621E1,-3.102066040E0,-1.542311096E1,-4.978378296E0
1.163689057E1,-2.975845337E0,-1.543083191E1,-7.076309204E0
1.164186494E1,-3.268402100E0,-1.535615540E1,-6.881973267E0
1.164683930E1,-4.549652100E0,-1.485476685E1,-5.883850098E0
1.165181367E1,-6.904418945E0,-1.381063843E1,-5.334991455E0
1.165678803E1,-8.226547241E0,-1.179484558E1,-5.198791504E0
1.166176240E1,-7.505218506E0,-9.621429443E0,-4.707321167E0
1.166673677E1,-5.893066406E0,-8.222534180E0,-3.526107788E0
1.167171113E1,-4.376220703E0,-7.185455322E0,-2.105422974E0
1.167668550E1,-3.204284668E0,-6.150253296E0,-1.062652588E0
1.168165986E1,-2.296401978E0,-5.162643433E0,-8.987426758E-1
1.168663423E1,-2.097000122E0,-4.743103027E0,-1.523269653E0
1.169160859E1,-1.704895020E0,-4.799331665E0,-2.397521973E0
1.169658296E1,-8.491973877E-1,-5.001602173E0,-2.961715698E0
1.170155732E1,9.382629395E-2,-5.262237549E0,-3.272918701E0
1.170653169E1,8.062896729E-1,-5.582519531E0,-3.388565063E0
1.171150605E1,1.200088501E0,-5.964248657E0,-3.181869507E0
1.171648042E1,1.586456299E0,-6.391235352E0,-2.676040649E0
1.172145478E1,1.932159424E0,-6.916229248E0,-2.002929688E0
1.172642915E1,2.491607666E0,-7.696807861E0,-1.254776001E0
1.173140351E1,3.278503418E0,-8.825881958E0,-9.765930176E-1
1.173637788E1,4.296127319E0,-1.005007935E1,-1.801666260E0
1.174135224E1,4.912765503E0,-1.135984802E1,-2.982391357E0
1.174632661E1,4.916870117E0,-1.263757324E1,-3.628173828E0
1.175130097E1,4.528015137E0,-1.366151428E1,-3.878540039E0
1.175627534E1,4.016067505E0,-1.415988159E1,-4.053421021E0
1.176124970E1,3.322158813E0,-1.412545776E1,-4.132720947E0
1.176622407E1,1.939697266E0,-1.380519104E1,-3.815734863E0
1.177119843E1,3.556365967E-1,-1.310441589E1,-3.321670532E0
1.177617280E1,-1.400756836E-1,-1.175013733E1,-2.919998169E0
1.178114716E1,5.938262939E-1,-9.992584229E0,-2.867416382E0
1.178612153E1,1.241271973E0,-8.700332642E0,-2.686157227E0
1.179109590E1,1.439285278E0,-8.000152588E0,-2.328033447E0
1.179607026E1,1.798248291E0,-7.709945679E0,-2.817611694E0
1.180104463E1,1.736221313E0,-7.732055664E0,-3.329132080E0
1.180601899E1,1.457656860E0,-7.855300903E0,-3.688781738E0
1.181099336E1,1.163299561E0,-7.877792358E0,-4.059814453E0
1.181596772E1,9.640045166E-1,-7.928039551E0,-4.560150146E0
1.182094209E1,7.994384766E-1,-8.127288818E0,-4.956665039E0
1.182591645E1,4.707183838E-1,-8.329223633E0,-4.969345093E0
1.183089082E1,6.168060303E-1,-8.673233032E0,-4.729980469E0
1.183586518E1,1.175155640E0,-8.923324585E0,-4.353073120E0
1.184083955E1,1.848724365E0,-9.287658691E0,-3.531097412E0
1.184581391E1,2.053527832E0,-9.736846924E0,-2.689239502E0
1.185078828E1,2.152770996E0,-1.010800171E1,-2.343826294E0
1.185576264E1,1.951431274E0,-1.021504211E1,-2.529220581E0
1.186073701E1,1.753799438E0,-1.026332092E1,-2.548751831E0
1.186571137E1,9.923248291E-1,-1.040086365E1,-1.986312866E0
1.187068574E1,5.651855469E-2,-1.049342346E1,-1.316009521E0
1.187566010E1,-1.184310913E0,-1.063668823E1,-4.497070312E-1
1.188063447E1,-2.457092285E0,-1.070524597E1,9.952850342E-1
1.188560884E1,-3.292037964E0,-1.059358215E1,2.235870361E0
1.189058320E1,-3.540023804E0,-1.033612061E1,2.483764648E0
1.189555756E1,-3.346221924E0,-9.901306152E0,2.044967651E0
1.190053193E1,-3.284805298E0,-9.365570068E0,8.416442871E-1
1.190550630E1,-2.777099609E0,-8.748519897E0,-8.964233398E-1
1.191048066E1,-1.887329102E0,-8.127014160E0,-2.720382690E0
1.191545503E1,-1.061630249E0,-7.716079712E0,-4.223129272E0
1.192042939E1,-4.422454834E-1,-7.520904541E0,-5.041625977E0
1.192540376E1,-3.076171875E-2,-7.490951538E0,-5.166458130E0
1.193037812E1,9.101867676E-2,-7.607849121E0,-4.883590698E0
1.193535249E1,-6.072998047E-3,-7.798095703E0,-4.500396729E0
1.194032685E1,-2.203674316E-1,-7.997619629E0,-4.208358765E0
1.194530122E1,-6.076660156E-1,-8.228637695E0,-4.062072754E0
1.195027558E1,-1.111495972E0,-8.470642090E0,-4.030380249E0
1.195524995E1,-1.761337280E0,-8.746002197E0,-3.953842163E0
1.196022431E1,-2.396697998E0,-8.967468262E0,-3.862823486E0
1.196519868E1,-2.881454468E0,-9.083374023E0,-3.685577393E0
1.197017304E1,-3.116394043E0,-9.069412231E0,-3.476776123E0
1.197514741E1,-3.034271240E0,-9.005691528E0,-3.225219727E0
1.198012177E1,-3.042343140E0,-8.961212158E0,-3.222885132E0
1.198509614E1,-3.385192871E0,-9.158721924E0,-3.243621826E0
1.199007050E1,-3.008987427E0,-9.298675537E0,-2.999771118E0
1.199504487E1,-2.166244507E0,-9.360366821E0,-2.711654663E0
1.200001924E1,-1.274017334E0,-9.402984619E0,-2.517684937E0
1.200499360E1,-5.024414062E-1,-9.391052246E0,-2.352249146E0
1.200996797E1,-2.685546875E-3,-9.345214844E0,-2.264480591E0
1.201494233E1,4.663085938E-1,-9.341384888E0,-2.210937500E0
1.201991670E1,8.507995605E-1,-9.283843994E0,-2.274780273E0
1.202489106E1,1.124847412E0,-9.241577148E0,-2.392776489E0
1.202986543E1,1.335678101E0,-9.080657959E0,-2.570465088E0
1.203483979E1,1.328170776E0,-9.017044067E0,-2.701904297E0
1.203981416E1,1.206314087E0,-8.923645020E0,-2.798919678E0
1.204478852E1,1.014175415E0,-8.865386963E0,-2.816955566E0
1.204976289E1,8.562469482E-1,-8.919937134E0,-2.747772217E0
1.205473725E1,7.098541260E-1,-9.030563354E0,-2.660842896E0
1.205971162E1,5.705108643E-1,-9.254974365E0,-2.523529053E0
1.206468598E1,4.871673584E-1,-9.565429688E0,-2.398742676E0
1.206966035E1,4.095611572E-1,-9.878662109E0,-2.280990601E0
1.207463471E1,4.434661865E-1,-1.020483398E1,-2.193313599E0
1.207960908E1,6.261901855E-1,-1.053782654E1,-2.198623657E0
1.208458344E1,8.223266602E-1,-1.082762146E1,-2.283218384E0
1.208955781E1,1.033859253E0,-1.107089233E1,-2.449798584E0
1.209453218E1,1.235275269E0,-1.121394348E1,-2.703445435E0
1.209950654E1,1.379501343E0,-1.119993591E1,-2.985153198E0
1.210448090E1,1.456832886E0,-1.101849365E1,-3.307830811E0
1.210945527E1,1.544876099E0,-1.071287537E1,-3.677169800E0
1.211442964E1,1.588989258E0,-1.036976624E1,-4.033798218E0
1.211940400E1,1.527481079E0,-1.012736511E1,-4.377716064E0
1.212437837E1,1.298736572E0,-1.003427124E1,-4.616256714E0
1.212935273E1,9.606170654E-1,-1.008047485E1,-4.708923340E0
1.213432710E1,6.102447510E-1,-1.017904663E1,-4.739196777E0
1.213930146E1,3.287200928E-1,-1.030749512E1,-4.834655762E0
1.214427583E1,2.442321777E-1,-1.040303040E1,-4.998458862E0
1.214925019E1,2.466125488E-1,-1.047326660E1,-5.095108032E0
1.215422456E1,2.359161377E-1,-1.056001282E1,-5.167907715E0
1.215919892E1,1.926116943E-1,-1.063269043E1,-5.184234619E0
1.216417329E1,1.565246582E-1,-1.067581177E1,-5.127838135E0
1.216914765E1,1.087341309E-1,-1.070863342E1,-5.032867432E0
1.217412202E1,6.724548340E-2,-1.067890930E1,-4.946182251E0
1.217909638E1,-8.662414551E-2,-1.067749023E1,-4.881805420E0
1.218407075E1,-2.714233398E-1,-1.063874817E1,-4.789932251E0
1.218904511E1,-3.816070557E-1,-1.050938416E1,-4.761535645E0
1.219401948E1,-5.122680664E-1,-1.024076843E1,-4.792419434E0
1.219899384E1,-5.029602051E-1,-9.788726807E0,-4.987426758E0
1.220396821E1,-3.852233887E-1,-9.275161743E0,-5.292648315E0
1.220894258E1,-3.734130859E-1,-8.719894409E0,-5.620513916E0
1.221391694E1,-4.821777344E-1,-8.199844360E0,-5.922134399E0
1.221889131E1,-6.084747314E-1,-7.679580688E0,-6.123535156E0
1.222386567E1,-8.117675781E-1,-7.167114258E0,-6.359680176E0
1.222884004E1,-1.154357910E0,-6.736343384E0,-6.642654419E0
1.223381440E1,-1.572631836E0,-6.336914062E0,-6.784301758E0
1.223878877E1,-2.052642822E0,-5.923019409E0,-6.633071899E0
1.224376313E1,-2.609237671E0,-5.580184937E0,-6.461074829E0
1.224873750E1,-2.978073120E0,-5.400527954E0,-6.330429077E0
1.225371186E1,-3.249359131E0,-5.339630127E0,-6.210739136E0
1.225868623E1,-3.291107178E0,-5.349746704E0,-5.814331055E0
1.226366059E1,-3.119018555E0,-5.410140991E0,-5.320037842E0
1.226863496E1,-2.954483032E0,-5.534500122E0,-4.702163696E0
1.227360932E1,-2.897109985E0,-5.688079834E0,-3.992019653E0
1.227858369E1,-2.717025757E0,-5.831451416E0,-3.290420532E0
1.228355805E1,-2.400253296E0,-5.957885742E0,-2.453094482E0
1.228853242E1,-2.140625000E0,-6.350418091E0,-1.281005859E0
1.229350678E1,-1.738647461E0,-7.116287231E0,-2.022247314E-1
1.229848115E1,-1.053955078E0,-7.942947388E0,4.444732666E-1
1.230345552E1,1.035156250E-1,-8.690933228E0,7.839355469E-1
1.230842988E1,1.900787354E0,-9.318405151E0,9.071044922E-1
1.231340425E1,3.463211060E0,-1.005178833E1,8.521423340E-1
1.231837861E1,4.273468018E0,-1.111776733E1,1.435394287E-1
1.232335298E1,4.534286499E0,-1.270268250E1,-1.652786255E0
1.232832734E1,4.648208618E0,-1.449754333E1,-3.872497559E0
1.233330171E1,3.940307617E0,-1.647300720E1,-5.397583008E0
1.233827607E1,3.104705811E0,-1.831517029E1,-6.250961304E0
1.234325044E1,3.432312012E0,-1.975616455E1,-6.512176514E0
1.234822480E1,3.382247925E0,-2.101846313E1,-5.919250488E0
1.235319917E1,2.864166260E0,-2.172726440E1,-5.209915161E0
1.235817353E1,1.633468628E0,-2.182542419E1,-4.639816284E0
1.236314790E1,4.055023193E-1,-2.096214294E1,-4.238510132E0
1.236812226E1,-7.410125732E-1,-1.958599854E1,-3.779266357E0
1.237309663E1,-1.465286255E0,-1.744262695E1,-3.210494995E0
1.237807099E1,-9.322357178E-1,-1.517874146E1,-3.163665771E0
1.238304536E1,-4.391479492E-1,-1.338909912E1,-2.947784424E0
1.238801972E1,-5.466613770E-1,-1.191157532E1,-2.702972412E0
1.239299409E1,-1.271606445E0,-1.072363281E1,-2.455947876E0
1.239796845E1,-2.119476318E0,-9.767349243E0,-2.832290649E0
1.240294282E1,-3.189682007E0,-9.045730591E0,-2.613540649E0
1.240791718E1,-4.175079346E0,-8.825561523E0,-6.498870850E-1
1.241289155E1,-6.104919434E0,-8.877227783E0,2.277252197E0
1.241786592E1,-7.576904297E0,-9.356643677E0,5.226852417E0
1.242284028E1,-8.007705688E0,-9.720138550E0,6.438735962E0
1.242781465E1,-7.951095581E0,-9.496368408E0,6.757202148E0
1.243278901E1,-7.954116821E0,-9.047546387E0,7.337585449E0
1.243776338E1,-7.664749146E0,-8.515029907E0,7.458328247E0
1.244273774E1,-6.935134888E0,-8.148376465E0,6.362045288E0
1.244771211E1,-6.008148193E0,-8.334213257E0,4.147201538E0
1.245268647E1,-5.057418823E0,-8.712707520E0,1.080886841E0
1.245766084E1,-4.375335693E0,-8.985977173E0,-2.267761230E0
1.246263520E1,-3.706115723E0,-9.138366699E0,-5.375289917E0
1.246760957E1,-2.824523926E0,-9.230789185E0,-7.980087280E0
1.247258393E1,-1.826263428E0,-9.252593994E0,-9.732192993E0
1.247755830E1,-8.648223877E-1,-9.191864014E0,-1.048977661E1
1.248253266E1,-2.283477783E-1,-9.013000488E0,-1.051033020E1
1.248750703E1,3.055877686E-1,-8.782241821E0,-9.792480469E0
1.249248139E1,8.950347900E-1,-8.548828125E0,-8.362548828E0
1.249745576E1,1.305297852E0,-8.259811401E0,-6.454788208E0
1.250243012E1,1.489349365E0,-7.954681396E0,-4.373703003E0
1.250740449E1,1.612457275E0,-7.637756348E0,-2.350906372E0
1.251237885E1,1.804290771E0,-7.250015259E0,-7.864379883E-2
1.251735322E1,2.254180908E0,-6.841613770E0,1.249450684E0
1.252232759E1,2.929077148E0,-6.455718994E0,6.395568848E-1
1.252730195E1,3.596603394E0,-6.093261719E0,-1.194396973E0
1.253227632E1,4.173110962E0,-5.744812012E0,-2.956512451E0
1.253725068E1,4.491500854E0,-5.426559448E0,-3.888977051E0
1.254222505E1,4.608642578E0,-5.183837891E0,-4.117279053E0
1.254719941E1,4.599594116E0,-5.156250000E0,-4.092620850E0
1.255217378E1,4.505187988E0,-5.204544067E0,-4.068893433E0
1.255714814E1,4.189590454E0,-5.360275269E0,-4.070419312E0
1.256212251E1,3.582794189E0,-5.675186157E0,-3.991470337E0
1.256709687E1,2.939941406E0,-6.031127930E0,-3.743591309E0
1.257207124E1,2.258621216E0,-6.212005615E0,-3.478668213E0
1.257704560E1,1.604553223E0,-6.276184082E0,-3.195083618E0
1.258201997E1,8.730926514E-1,-6.349395752E0,-2.762176514E0
1.258699433E1,3.639526367E-1,-6.481292725E0,-2.305145264E0
1.259196870E1,-2.076110840E-1,-6.785079956E0,-1.912399292E0
1.259694306E1,-9.608764648E-1,-7.083877563E0,-1.468032837E0
1.260191743E1,-2.077728271E0,-7.285232544E0,-9.588775635E-1
1.260689179E1,-3.102340698E0,-7.429473877E0,-4.199066162E-1
1.261186616E1,-3.866806030E0,-7.601760864E0,7.133483887E-2
1.261684052E1,-4.513214111E0,-7.742324829E0,3.205413818E-1
1.262181489E1,-5.180160522E0,-7.739212036E0,-5.270385742E-2
1.262678926E1,-5.698883057E0,-7.546173096E0,-1.282073975E0
1.263176362E1,-5.920593262E0,-7.313812256E0,-3.129653931E0
1.263673799E1,-6.031250000E0,-7.184371948E0,-4.835769653E0
1.264171235E1,-6.197586060E0,-7.177886963E0,-6.037536621E0
1.264668672E1,-6.159332275E0,-7.253234863E0,-6.733398438E0
1.265166108E1,-5.835083008E0,-7.413574219E0,-7.197692871E0
1.265663545E1,-5.516204834E0,-7.760726929E0,-7.684982300E0
1.266160981E1,-5.336135864E0,-8.294586182E0,-8.308975220E0
1.266658418E1,-5.428924561E0,-8.823516846E0,-8.997390747E0
1.267155854E1,-5.598236084E0,-9.228881836E0,-9.634719849E0
1.267653291E1,-5.374801636E0,-9.427551270E0,-1.017485046E1
1.268150727E1,-4.753814697E0,-9.373107910E0,-1.068981934E1
1.268648164E1,-3.997039795E0,-9.140533447E0,-1.113551331E1
1.269145600E1,-3.328521729E0,-8.932571411E0,-1.136318970E1
1.269643037E1,-2.784194946E0,-8.895050049E0,-1.129182434E1
1.270140473E1,-2.502929688E0,-8.972320557E0,-1.075373840E1
1.270637910E1,-2.483627319E0,-9.075561523E0,-9.764022827E0
1.271135346E1,-2.518737793E0,-9.301452637E0,-8.444839478E0
1.271632783E1,-2.596221924E0,-9.788467407E0,-7.051818848E0
1.272130219E1,-2.771865845E0,-1.076715088E1,-5.807983398E0
1.272627656E1,-2.916503906E0,-1.219674683E1,-4.627944946E0
1.273125093E1,-3.091415405E0,-1.402845764E1,-3.304931641E0
1.273622529E1,-3.483093262E0,-1.599261475E1,-1.518142700E0
1.274119966E1,-4.211700439E0,-1.805738831E1,2.525711060E0
1.274617402E1,-5.037414551E0,-1.963125610E1,6.553894043E0
1.275114839E1,-4.718887329E0,-1.980297852E1,6.301300049E0
1.275612275E1,-3.378631592E0,-1.878477478E1,1.370056152E0
1.276109712E1,-2.339675903E0,-1.792665100E1,-3.051834106E0
1.276607148E1,-1.875320435E0,-1.758091736E1,-5.182357788E0
1.277104585E1,-1.800064087E0,-1.718653870E1,-5.566970825E0
1.277602021E1,-1.902450562E0,-1.634272766E1,-4.936614990E0
1.278099458E1,-2.014678955E0,-1.494041443E1,-4.123474121E0
1.278596894E1,-1.877593994E0,-1.304895020E1,-3.349929810E0
1.279094331E1,-1.535400391E0,-1.099291992E1,-2.754547119E0
1.279591767E1,-1.478195190E0,-9.379241943E0,-2.382339478E0
1.280089204E1,-1.453826904E0,-8.057296753E0,-2.192687988E0
1.280586640E1,-1.330322266E0,-6.904113770E0,-2.072784424E0
1.281084077E1,-1.241775513E0,-5.793014526E0,-2.013214111E0
1.281581513E1,-1.176925659E0,-4.810424805E0,-2.045913696E0
1.282078950E1,-6.883392334E-1,-4.037551880E0,-2.358840942E0
1.282576386E1,-4.799804688E-1,-3.449279785E0,-2.958236694E0
1.283073823E1,-4.922180176E-1,-3.107818604E0,-3.193588257E0
1.283571260E1,-2.012939453E-1,-3.078414917E0,-3.110733032E0
1.284068696E1,2.654876709E-1,-3.288848877E0,-2.874237061E0
1.284566132E1,4.594268799E-1,-3.594223022E0,-2.398422241E0
1.285063569E1,6.156768799E-1,-4.015380859E0,-1.922836304E0
1.285561006E1,8.784179688E-1,-4.662475586E0,-1.595199585E0
1.286058442E1,1.097747803E0,-5.479003906E0,-1.484436035E0
1.286555879E1,1.303070068E0,-6.417770386E0,-1.425170898E0
1.287053315E1,1.478256226E0,-7.465347290E0,-1.048751831E0
1.287550752E1,1.545471191E0,-8.605926514E0,-9.992523193E-1
1.288048188E1,1.404602051E0,-9.772689819E0,-1.727706909E0
1.288545625E1,9.188995361E-1,-1.089956665E1,-2.772491455E0
1.289043061E1,1.976470947E-1,-1.203279114E1,-3.509094238E0
1.289540498E1,-2.452392578E-1,-1.314172363E1,-3.910842896E0
1.290037934E1,-5.052032471E-1,-1.399093628E1,-3.836349487E0
1.290535371E1,-8.896179199E-1,-1.450076294E1,-3.741561890E0
1.291032807E1,-1.417678833E0,-1.469927979E1,-3.811798096E0
1.291530244E1,-2.160964966E0,-1.450880432E1,-3.067092896E0
1.292027680E1,-1.513916016E0,-1.338415527E1,-2.626953125E0
1.292525117E1,-3.524932861E-1,-1.187355042E1,-3.116836548E0
1.293022553E1,-4.096069336E-1,-1.068222046E1,-2.983703613E0
1.293519990E1,-5.160217285E-1,-9.565261841E0,-3.981674194E0
1.294017427E1,-1.655578613E-2,-8.804870605E0,-5.560684204E0
1.294514863E1,-4.579620361E-1,-8.524642944E0,-6.193511963E0
1.295012300E1,-7.093811035E-1,-8.413406372E0,-6.214126587E0
1.295509736E1,-5.525360107E-1,-8.202316284E0,-6.313934326E0
1.296007173E1,-3.899230957E-1,-7.958007812E0,-5.899688721E0
1.296504609E1,-3.503265381E-1,-7.948120117E0,-5.195739746E0
1.297002046E1,2.018280029E-1,-7.971740723E0,-4.044357300E0
1.297499482E1,1.340759277E0,-7.971450806E0,-3.286743164E0
1.297996919E1,2.526977539E0,-7.977340698E0,-2.990478516E0
1.298494355E1,3.655654907E0,-8.106201172E0,-2.382095337E0
1.298991792E1,4.370269775E0,-8.344284058E0,-1.915756226E0
1.299489228E1,4.586410522E0,-8.487472534E0,-2.162017822E0
1.299986665E1,4.033599854E0,-8.512802124E0,-2.763122559E0
1.300484101E1,2.619903564E0,-8.467117310E0,-3.263702393E0
1.300981538E1,1.251464844E0,-8.322036743E0,-3.420379639E0
1.301478974E1,3.840026855E-1,-8.126342773E0,-3.229110718E0
1.301976411E1,-5.964660645E-2,-7.989959717E0,-2.972213745E0
1.302473847E1,-1.994476318E-1,-8.007690430E0,-2.685638428E0
1.302971284E1,-3.101196289E-1,-8.228805542E0,-2.327148438E0
1.303468720E1,-6.066436768E-1,-8.529647827E0,-1.906494141E0
1.303966157E1,-1.129013062E0,-8.866043091E0,-1.555618286E0
1.304463593E1,-1.516464233E0,-9.110626221E0,-1.436187744E0
1.304961030E1,-1.765747070E0,-9.199401855E0,-1.515518188E0
1.305458466E1,-1.970382690E0,-9.226730347E0,-1.730163574E0
1.305955903E1,-2.023345947E0,-9.173797607E0,-2.000747681E0
1.306453340E1,-2.024169922E0,-9.067199707E0,-2.238998413E0
1.306950776E1,-2.028579712E0,-8.954498291E0,-2.391647339E0
1.307448213E1,-1.977432251E0,-8.839569092E0,-2.387405396E0
1.307945649E1,-1.891647339E0,-8.739395142E0,-2.339218140E0
1.308443086E1,-1.759841919E0,-8.690261841E0,-2.289321899E0
1.308940522E1,-1.465393066E0,-8.732971191E0,-2.217102051E0
1.309437959E1,-1.055603027E0,-8.788513184E0,-2.044296265E0
1.309935395E1,-1.134414673E0,-8.932113647E0,-2.134780884E0
1.310432832E1,-1.489944458E0,-9.330184937E0,-2.220550537E0
1.310930268E1,-1.492538452E0,-9.696533203E0,-2.090866089E0
1.311427705E1,-1.259918213E0,-1.006315613E1,-1.815887451E0
1.311925141E1,-9.421691895E-1,-1.036462402E1,-1.690231323E0
1.312422578E1,-7.360229492E-1,-1.055799866E1,-1.687942505E0
1.312920014E1,-6.249694824E-1,-1.066412354E1,-1.936798096E0
1.313417451E1,-4.686737061E-1,-1.070359802E1,-2.275970459E0
1.313914887E1,-4.082946777E-1,-1.069789124E1,-2.579833984E0
1.314412324E1,-3.683319092E-1,-1.066081238E1,-2.774566650E0
1.314909760E1,-3.010864258E-1,-1.058190918E1,-2.972656250E0
1.315407197E1,-2.635040283E-1,-1.039805603E1,-3.171356201E0
1.315904634E1,-1.131134033E-1,-1.012179565E1,-3.467071533E0
1.316402070E1,-5.447387695E-2,-9.853713989E0,-3.743865967E0
1.316899506E1,-1.209259033E-1,-9.612457275E0,-3.976684570E0
1.317396943E1,-1.446990967E-1,-9.324874878E0,-4.262161255E0
1.317894380E1,-2.591247559E-1,-8.970123291E0,-4.530654907E0
1.318391816E1,-3.290405273E-1,-8.603683472E0,-4.772232056E0
1.318889253E1,-4.488830566E-1,-8.120056152E0,-4.992004395E0
1.319386689E1,-5.179748535E-1,-7.562301636E0,-5.123016357E0
1.319884126E1,-5.901641846E-1,-7.039535522E0,-5.140701294E0
1.320381562E1,-6.974639893E-1,-6.644943237E0,-5.056625366E0
1.320878999E1,-8.105468750E-1,-6.401367188E0,-4.870300293E0
1.321376435E1,-9.235839844E-1,-6.388824463E0,-4.593887329E0
1.321873872E1,-9.710388184E-1,-6.639846802E0,-4.274902344E0
1.322371308E1,-9.937133789E-1,-7.071655273E0,-3.886306763E0
1.322868745E1,-9.291687012E-1,-7.591110229E0,-3.596145630E0
1.323366181E1,-7.521209717E-1,-8.229782104E0,-3.272827148E0
1.323863618E1,-5.701751709E-1,-8.948913574E0,-2.851867676E0
1.324361054E1,-2.775878906E-1,-9.636337280E0,-2.572784424E0
1.324858491E1,3.680419922E-2,-1.024731445E1,-2.360183716E0
1.325355927E1,3.916320801E-1,-1.072178650E1,-2.191818237E0
1.325853364E1,6.726531982E-1,-1.110588074E1,-2.173400879E0
1.326350800E1,8.908996582E-1,-1.133525085E1,-2.286712646E0
1.326848237E1,1.055938721E0,-1.137570190E1,-2.536026001E0
1.327345674E1,1.093322754E0,-1.131871033E1,-2.847061157E0
1.327843110E1,1.037826538E0,-1.124951172E1,-3.147186279E0
1.328340547E1,9.458007812E-1,-1.114849854E1,-3.367782593E0
1.328837983E1,7.806091309E-1,-1.105381775E1,-3.457015991E0
1.329335420E1,6.601409912E-1,-1.087963867E1,-3.439025879E0
1.329832856E1,5.856323242E-1,-1.061631775E1,-3.436401367E0
1.330330293E1,5.020141602E-1,-1.033421326E1,-3.553176880E0
1.330827729E1,3.628692627E-1,-1.014764404E1,-3.689987183E0
1.331325166E1,1.725769043E-1,-1.012611389E1,-3.788574219E0
1.331822602E1,-3.024291992E-2,-1.023901367E1,-3.796875000E0
1.332320039E1,-1.808013916E-1,-1.043513489E1,-3.749191284E0
1.332817475E1,-2.619628906E-1,-1.058882141E1,-3.666854858E0
1.333314912E1,-3.041687012E-1,-1.080775452E1,-3.677429199E0
1.333812348E1,-3.529205322E-1,-1.089111328E1,-3.799102783E0
1.334309785E1,-3.187561035E-1,-1.083630371E1,-3.955230713E0
1.334807221E1,-3.221893311E-1,-1.062699890E1,-4.110183716E0
1.335304658E1,-3.915100098E-1,-1.032328796E1,-4.423446655E0
1.335802094E1,-4.812164307E-1,-9.970825195E0,-4.877838135E0
1.336299531E1,-6.501922607E-1,-9.553436279E0,-5.228866577E0
1.336796968E1,-7.451477051E-1,-9.066406250E0,-5.478469849E0
1.337294404E1,-8.467254639E-1,-8.654785156E0,-5.667770386E0
1.337791840E1,-9.433135986E-1,-8.424865723E0,-5.780364990E0
1.338289277E1,-1.064331055E0,-8.309005737E0,-5.778045654E0
1.338786714E1,-1.224288940E0,-8.212524414E0,-5.743453979E0
1.339284150E1,-1.416961670E0,-8.115554810E0,-5.670761108E0
1.339781587E1,-1.665298462E0,-7.992965698E0,-5.557312012E0
1.340279023E1,-1.926986694E0,-7.832489014E0,-5.574493408E0
1.340776460E1,-2.161010742E0,-7.631164551E0,-5.533859253E0
1.341273896E1,-2.471176147E0,-7.431015015E0,-5.382217407E0
1.341771333E1,-2.788619995E0,-7.265914917E0,-5.353927612E0
1.342268769E1,-3.005493164E0,-7.197067261E0,-5.382446289E0
1.342766206E1,-3.120544434E0,-7.121795654E0,-5.335769653E0
1.343263642E1,-3.184097290E0,-7.059341431E0,-5.041397095E0
1.343761079E1,-3.232727051E0,-6.963333130E0,-4.515258789E0
1.344258515E1,-3.114074707E0,-6.853164673E0,-3.841186523E0
1.344755952E1,-2.684783936E0,-7.104431152E0,-2.793762207E0
1.345253388E1,-2.146240234E0,-7.756256104E0,-1.618682861E0
1.345750825E1,-1.491409302E0,-8.365951538E0,-5.031585693E-1
1.346248261E1,-7.256011963E-1,-8.808914185E0,5.734100342E-1
1.346745698E1,4.576110840E-1,-9.184600830E0,1.269393921E0
1.347243134E1,2.204879761E0,-9.376968384E0,1.584548950E0
1.347740571E1,3.510971069E0,-9.600265503E0,1.770233154E0
1.348238008E1,3.994918823E0,-1.001489258E1,1.207443237E0
1.348735444E1,3.755142212E0,-1.068269348E1,-3.011016846E-1
1.349232881E1,3.121704102E0,-1.168469238E1,-2.125747681E0
1.349730317E1,2.353240967E0,-1.296157837E1,-3.451370239E0
1.350227754E1,9.381103516E-1,-1.429704285E1,-3.966262817E0
1.350725190E1,6.894989014E-1,-1.515502930E1,-4.029678345E0
1.351222627E1,1.097869873E0,-1.610122681E1,-3.625839233E0
1.351720063E1,1.296966553E0,-1.721383667E1,-2.927612305E0
1.352217500E1,1.530715942E0,-1.800157166E1,-2.732757568E0
1.352714936E1,1.082656860E0,-1.835185242E1,-3.037033081E0
1.353212373E1,1.902923584E-1,-1.789595032E1,-3.536026001E0
1.353709809E1,-1.824798584E-1,-1.656303406E1,-4.107940674E0
1.354207246E1,2.073669434E-1,-1.489947510E1,-4.362121582E0
1.354704682E1,1.252807617E0,-1.343437195E1,-4.012222290E0
1.355202119E1,1.620635986E0,-1.220558167E1,-3.623352051E0
1.355699555E1,1.549438477E0,-1.112153625E1,-3.106597900E0
1.356196992E1,1.601852417E0,-1.006130981E1,-2.681961060E0
1.356694428E1,1.302688599E0,-9.277694702E0,-2.579177856E0
1.357191865E1,4.851989746E-1,-8.654663086E0,-2.627059937E0
1.357689302E1,-7.234344482E-1,-8.204483032E0,-2.700744629E0
1.358186738E1,-2.195648193E0,-8.060913086E0,-2.191009521E0
1.358684175E1,-3.614532471E0,-8.512832642E0,-9.299163818E-1
1.359181611E1,-4.796936035E0,-8.894851685E0,4.579162598E-2
1.359679048E1,-6.099960327E0,-8.802459717E0,7.519378662E-1
1.360176484E1,-6.464172363E0,-9.000030518E0,1.324035645E0
1.360673921E1,-6.317153931E0,-9.109863281E0,1.595291138E0
1.361171357E1,-5.797607422E0,-9.347564697E0,1.594451904E0
1.361668794E1,-5.660156250E0,-9.498596191E0,1.201400757E0
1.362166230E1,-5.507659912E0,-9.573806763E0,2.095642090E-1
1.362663667E1,-4.690826416E0,-9.565170288E0,-1.221160889E0
1.363161103E1,-3.652496338E0,-9.443298340E0,-3.028961182E0
1.363658540E1,-2.634857178E0,-9.278549194E0,-4.818023682E0
1.364155976E1,-1.694717407E0,-9.146087646E0,-6.189666748E0
1.364653413E1,-1.123031616E0,-9.024810791E0,-7.037109375E0
1.365150849E1,-7.894744873E-1,-8.865264893E0,-7.254364014E0
1.365648286E1,-5.269470215E-1,-8.654159546E0,-6.868698120E0
1.366145722E1,-3.372344971E-1,-8.401397705E0,-5.831604004E0
1.366643159E1,-1.279602051E-1,-8.163269043E0,-4.410247803E0
1.367140595E1,-6.010437012E-2,-7.946914673E0,-3.078125000E0
1.367638032E1,-9.564208984E-2,-7.729934692E0,-2.078720093E0
1.368135468E1,-1.483612061E-1,-7.546508789E0,-1.311279297E0
1.368632905E1,-1.264801025E-1,-7.435470581E0,-7.829437256E-1
1.369130342E1,4.875183105E-2,-7.322692871E0,-6.250000000E-1
1.369627778E1,2.563171387E-1,-7.200286865E0,-7.875823975E-1
1.370125215E1,5.274047852E-1,-7.171646118E0,-1.216644287E0
1.370622651E1,9.235534668E-1,-7.157226562E0,-1.732223511E0
1.371120088E1,1.187438965E0,-7.197830200E0,-2.155166626E0
1.371617524E1,1.428375244E0,-7.273971558E0,-2.440017700E0
1.372114961E1,1.612792969E0,-7.422454834E0,-2.717086792E0
1.372612397E1,1.689346313E0,-7.529083252E0,-2.962356567E0
1.373109834E1,1.740554810E0,-7.532974243E0,-3.217742920E0
1.373607270E1,1.777526855E0,-7.583663940E0,-3.402816772E0
1.374104707E1,1.725158691E0,-7.662536621E0,-3.561782837E0
1.374602143E1,1.574279785E0,-7.739059448E0,-3.678207397E0
1.375099580E1,1.377182007E0,-7.752670288E0,-3.703918457E0
1.375597016E1,1.066986084E0,-7.748336792E0,-3.612518311E0
1.376094453E1,6.651306152E-1,-7.776031494E0,-3.423721313E0
1.376591889E1,2.850494385E-1,-7.799819946E0,-3.116607666E0
1.377089326E1,-3.280334473E-1,-7.728790283E0,-2.840408325E0
1.377586762E1,-9.696502686E-1,-7.571228027E0,-2.517166138E0
1.378084199E1,-1.460815430E0,-7.421676636E0,-2.185775757E0
1.378581635E1,-1.793380737E0,-7.278015137E0,-1.909652710E0
1.379079072E1,-2.041870117E0,-7.152313232E0,-1.867507935E0
1.379576509E1,-2.288009644E0,-7.063125610E0,-2.140548706E0
1.380073945E1,-2.565261841E0,-6.989425659E0,-2.669082642E0
1.380571382E1,-2.802597046E0,-6.969024658E0,-3.243682861E0
1.381068818E1,-3.050796509E0,-7.024963379E0,-3.768417358E0
1.381566255E1,-3.499084473E0,-7.154815674E0,-4.275024414E0
1.382063691E1,-3.982070923E0,-7.240768433E0,-4.721801758E0
1.382561128E1,-4.277359009E0,-7.201202393E0,-4.947143555E0
1.383058564E1,-4.390991211E0,-7.083770752E0,-5.039962769E0
1.383556001E1,-4.353378296E0,-6.965026855E0,-5.190567017E0
1.384053437E1,-4.235198975E0,-6.945495605E0,-5.549926758E0
1.384550874E1,-4.173416138E0,-7.070541382E0,-6.209579468E0
1.385048310E1,-4.351852417E0,-7.333358765E0,-7.051101685E0
1.385545747E1,-4.738708496E0,-7.680267334E0,-7.927230835E0
1.386043183E1,-5.053146362E0,-8.047500610E0,-8.844924927E0
1.386540620E1,-5.150802612E0,-8.377044678E0,-9.808166504E0
1.387038056E1,-5.039276123E0,-8.699768066E0,-1.078109741E1
1.387535493E1,-4.865859985E0,-8.997711182E0,-1.162486267E1
1.388032929E1,-4.582458496E0,-9.184265137E0,-1.223336792E1
1.388530366E1,-4.232894897E0,-9.221618652E0,-1.250198364E1
1.389027802E1,-3.833511353E0,-9.120101929E0,-1.222726440E1
1.389525239E1,-3.532424927E0,-9.092941284E0,-1.141191101E1
1.390022676E1,-3.402801514E0,-9.200683594E0,-1.023396301E1
1.390520112E1,-3.354949951E0,-9.560989380E0,-8.870544434E0
1.391017549E1,-3.389724731E0,-1.033764648E1,-7.445663452E0
1.391514985E1,-3.538345337E0,-1.169848633E1,-6.051269531E0
1.392012422E1,-3.629806519E0,-1.333308411E1,-4.691818237E0
1.392509858E1,-3.620880127E0,-1.482299805E1,-3.312240601E0
1.393007295E1,-3.902236938E0,-1.591372681E1,-1.806518555E0
1.393504731E1,-4.108474731E0,-1.646844482E1,-2.778930664E-1
1.394002168E1,-3.992111206E0,-1.691906738E1,2.158859253E0
1.394499604E1,-3.630691528E0,-1.757942200E1,4.219406128E0
1.394997041E1,-3.519058228E0,-1.774781799E1,3.020172119E0
1.395494477E1,-3.340148926E0,-1.730137634E1,3.362426758E-1
1.395991914E1,-2.889007568E0,-1.647853088E1,-1.607925415E0
1.396489350E1,-2.388717651E0,-1.538967896E1,-2.512802124E0
1.396986787E1,-2.023849487E0,-1.403430176E1,-2.699371338E0
1.397484223E1,-1.807525635E0,-1.249836731E1,-2.455871582E0
1.397981660E1,-1.697601318E0,-1.086946106E1,-2.049911499E0
1.398479096E1,-1.828521729E0,-9.360824585E0,-1.793624878E0
1.398976533E1,-1.977767944E0,-8.162246704E0,-1.752365112E0
1.399473969E1,-1.922805786E0,-7.215881348E0,-1.602920532E0
1.399971406E1,-1.736816406E0,-6.457687378E0,-1.404083252E0
1.400468843E1,-1.589157104E0,-5.984237671E0,-1.474395752E0
1.400966279E1,-1.712249756E0,-5.824829102E0,-1.697723389E0
1.401463716E1,-1.623764038E0,-5.746292114E0,-1.930831909E0
1.401961152E1,-1.265884399E0,-5.667968750E0,-2.034988403E0
1.402458589E1,-8.312225342E-1,-5.541854858E0,-1.971771240E0
1.402956025E1,-2.993774414E-1,-5.522705078E0,-1.781738281E0
1.403453462E1,5.804748535E-1,-5.758514404E0,-1.540573120E0
1.403950898E1,1.231735229E0,-6.202819824E0,-1.244888306E0
1.404448335E1,1.733093262E0,-6.758148193E0,-9.950103760E-1
1.404945771E1,2.181503296E0,-7.435379028E0,-7.762908936E-1
1.405443208E1,2.619781494E0,-8.247940063E0,-5.456848145E-1
1.405940644E1,2.939941406E0,-9.295333862E0,-3.722381592E-1
1.406438081E1,3.159973145E0,-1.036352539E1,1.124572754E-2
1.406935517E1,3.608215332E0,-1.115968323E1,-6.921386719E-1
1.407432954E1,3.527404785E0,-1.180033875E1,-2.356201172E0
1.407930390E1,2.913665771E0,-1.245370483E1,-3.397796631E0
1.408427827E1,2.353851318E0,-1.283729553E1,-3.707550049E0
1.408925263E1,2.615203857E0,-1.249057007E1,-4.813613892E0
1.409422700E1,6.819000244E-1,-1.220460510E1,-5.288085938E0
1.409920136E1,-1.335708618E0,-1.183331299E1,-4.341262817E0
1.410417573E1,-6.370544434E-1,-1.081759644E1,-4.983627319E0
1.410915010E1,1.143417358E0,-9.725402832E0,-6.770187378E0
1.411412446E1,1.495849609E0,-8.940307617E0,-6.585693359E0
1.411909882E1,1.105636597E0,-8.541488647E0,-6.572189331E0
1.412407319E1,4.878845215E-1,-8.213500977E0,-6.417373657E0
1.412904756E1,-1.970062256E-1,-8.077606201E0,-6.093246460E0
1.413402192E1,3.121948242E-1,-7.716018677E0,-6.118255615E0
1.413899629E1,1.265548706E0,-7.548080444E0,-5.739074707E0
1.414397065E1,1.883193970E0,-7.630203247E0,-4.439331055E0
1.414894502E1,2.547775269E0,-7.749633789E0,-3.144775391E0
1.415391938E1,3.885284424E0,-8.118194580E0,-3.094955444E0
1.415889375E1,4.236633301E0,-8.587844849E0,-3.251007080E0
1.416386811E1,3.730484009E0,-8.800048828E0,-3.181930542E0
1.416884248E1,2.794876099E0,-8.855392456E0,-3.055007935E0
1.417381684E1,1.919525146E0,-8.852600098E0,-3.108444214E0
1.417879121E1,1.079940796E0,-8.826522827E0,-3.298339844E0
1.418376557E1,-2.653808594E-1,-8.845336914E0,-3.532852173E0
1.418873994E1,-1.855575562E0,-8.892303467E0,-3.787139893E0
1.419371430E1,-2.865768433E0,-8.757080078E0,-3.715911865E0
1.419868867E1,-3.276123047E0,-8.461685181E0,-3.022979736E0
1.420366303E1,-3.686874390E0,-8.318786621E0,-2.019271851E0
1.420863740E1,-3.934997559E0,-8.360580444E0,-1.154113770E0
1.421361177E1,-3.507781982E0,-8.447799683E0,-6.048126221E-1
1.421858613E1,-2.701889038E0,-8.580566406E0,-3.022155762E-1
1.422356050E1,-2.057968140E0,-8.744842529E0,-2.079772949E-1
1.422853486E1,-1.794799805E0,-8.913238525E0,-3.878021240E-1
1.423350923E1,-1.751037598E0,-9.059692383E0,-6.413421631E-1
1.423848359E1,-1.761032104E0,-9.186309814E0,-9.099884033E-1
1.424345796E1,-1.824523926E0,-9.331268311E0,-1.107788086E0
1.424843232E1,-1.812026978E0,-9.507125854E0,-1.178436279E0
1.425340669E1,-1.755630493E0,-9.670898438E0,-1.160156250E0
1.425838105E1,-1.654495239E0,-9.750427246E0,-1.201416016E0
1.426335542E1,-1.565170288E0,-9.875915527E0,-1.277099609E0
1.426832978E1,-1.447235107E0,-1.007710266E1,-1.327148438E0
1.427330415E1,-1.280288696E0,-1.019639587E1,-1.394317627E0
1.427827851E1,-1.119033813E0,-1.031878662E1,-1.474075317E0
1.428325288E1,-8.290710449E-1,-1.040406799E1,-1.583770752E0
1.428822724E1,-6.612396240E-1,-1.047137451E1,-1.637542725E0
1.429320161E1,-4.375762939E-1,-1.040890503E1,-1.703323364E0
1.429817597E1,-2.506408691E-1,-1.026150513E1,-1.837326050E0
1.430315034E1,-1.096038818E-1,-1.023258972E1,-2.030014038E0
1.430812470E1,-7.653808594E-2,-1.021327209E1,-2.270111084E0
1.431309907E1,9.449768066E-2,-1.007032776E1,-2.593704224E0
1.431807343E1,1.588897705E-1,-9.896026611E0,-2.972991943E0
1.432304780E1,1.067962646E-1,-9.764831543E0,-3.352249146E0
1.432802216E1,8.354187012E-2,-9.636123657E0,-3.626266479E0
1.433299653E1,6.359863281E-2,-9.452392578E0,-3.794418335E0
1.433797090E1,7.594299316E-2,-9.268920898E0,-3.975753784E0
1.434294526E1,8.789062500E-3,-9.040451050E0,-4.186874390E0
1.434791963E1,-1.768646240E-1,-8.772445679E0,-4.417861938E0
1.435289399E1,-2.673034668E-1,-8.380859375E0,-4.690933228E0
1.435786836E1,-2.806701660E-1,-7.972915649E0,-4.974853516E0
1.436284272E1,-3.017883301E-1,-7.606475830E0,-5.188644409E0
1.436781709E1,-3.053436279E-1,-7.262405396E0,-5.276763916E0
1.437279145E1,-3.075714111E-1,-7.063293457E0,-5.237167358E0
1.437776582E1,-2.581634521E-1,-7.000701904E0,-5.089340210E0
1.438274018E1,-1.555633545E-1,-7.051132202E0,-4.797561646E0
1.438771455E1,-3.913879395E-2,-7.289489746E0,-4.395141602E0
1.439268891E1,4.043579102E-2,-7.681167603E0,-3.924743652E0
1.439766328E1,2.180786133E-1,-8.096313477E0,-3.521743774E0
1.440263764E1,5.416870117E-1,-8.532287598E0,-3.241790771E0
1.440761201E1,7.875518799E-1,-9.062088013E0,-3.056823730E0
1.441258637E1,1.056213379E0,-9.565032959E0,-3.014068604E0
1.441756074E1,1.424087524E0,-9.901809692E0,-3.020599365E0
1.442253510E1,1.561447144E0,-1.024572754E1,-3.020599365E0
1.442750947E1,1.641326904E0,-1.059582520E1,-3.090698242E0
1.443248384E1,1.704742432E0,-1.084114075E1,-3.216186523E0
1.443745820E1,1.618728638E0,-1.109028625E1,-3.339416504E0
1.444243256E1,1.469039917E0,-1.127734375E1,-3.389984131E0
1.444740693E1,1.310729980E0,-1.135591125E1,-3.428253174E0
1.445238130E1,1.089157104E0,-1.133998108E1,-3.386474609E0
1.445735566E1,7.951812744E-1,-1.119555664E1,-3.342712402E0
1.446233003E1,5.442199707E-1,-1.097474670E1,-3.363250732E0
1.446730439E1,2.804870605E-1,-1.066990662E1,-3.388778687E0
1.447227876E1,9.283447266E-2,-1.038902283E1,-3.586929321E0
1.447725312E1,-4.852294922E-3,-1.019540405E1,-3.818893433E0
1.448222749E1,9.906005859E-2,-1.011093140E1,-4.005584717E0
1.448720185E1,5.503845215E-2,-1.001104736E1,-4.422576904E0
1.449217622E1,-6.161041260E-1,-1.034577942E1,-4.640411377E0
1.449715058E1,-5.397949219E-1,-1.049757385E1,-4.495895386E0
1.450212495E1,-6.194152832E-1,-1.069309998E1,-4.202163696E0
1.450709931E1,-6.982116699E-1,-1.083172607E1,-4.042770386E0
1.451207368E1,-9.851837158E-1,-1.095085144E1,-3.980697632E0
1.451704804E1,-1.264785767E0,-1.099420166E1,-3.991638184E0
1.452202241E1,-1.397949219E0,-1.090797424E1,-4.140121460E0
1.452699677E1,-1.490570068E0,-1.060185242E1,-4.254806519E0
1.453197114E1,-1.492080688E0,-1.015837097E1,-4.455993652E0
1.453694550E1,-1.493484497E0,-9.669738770E0,-4.700149536E0
1.454191987E1,-1.567810059E0,-9.242736816E0,-4.981979370E0
1.454689424E1,-1.648849487E0,-8.835556030E0,-5.270736694E0
1.455186860E1,-1.834777832E0,-8.455108643E0,-5.567352295E0
1.455684297E1,-2.060104370E0,-8.104919434E0,-5.789901733E0
1.456181733E1,-2.315002441E0,-7.785186768E0,-5.907150269E0
1.456679170E1,-2.608245850E0,-7.481491089E0,-5.904983521E0
1.457176606E1,-2.910720825E0,-7.193832397E0,-5.843246460E0
1.457674043E1,-3.179962158E0,-6.973663330E0,-5.788757324E0
1.458171479E1,-3.331619263E0,-6.776718140E0,-5.765533447E0
1.458668916E1,-3.426116943E0,-6.580322266E0,-5.780166626E0
1.459166352E1,-3.555679321E0,-6.485534668E0,-5.871261597E0
1.459663789E1,-3.592895508E0,-6.478286743E0,-5.873809814E0
1.460161225E1,-3.474563599E0,-6.542022705E0,-5.722610474E0
1.460658662E1,-3.362701416E0,-6.623229980E0,-5.307006836E0
1.461156098E1,-3.188507080E0,-6.747711182E0,-4.546722412E0
1.461653535E1,-3.000778198E0,-6.947494507E0,-3.421752930E0
1.462150971E1,-2.624633789E0,-7.440078735E0,-1.787933350E0
1.462648408E1,-2.092559814E0,-8.148300171E0,-7.609558105E-2
1.463145844E1,-1.421951294E0,-8.814559937E0,1.233886719E0
1.463643281E1,-3.989410400E-1,-9.372100830E0,1.878219604E0
1.464140718E1,1.038024902E0,-9.833129883E0,2.003524780E0
1.464638154E1,2.567153931E0,-1.029493713E1,1.603302002E0
1.465135590E1,3.695755005E0,-1.092396545E1,9.625701904E-1
1.465633027E1,4.557128906E0,-1.147984314E1,-4.918823242E-1
1.466130464E1,4.635864258E0,-1.214172363E1,-2.614715576E0
1.466627900E1,4.798294067E0,-1.302503967E1,-4.751419067E0
1.467125337E1,5.258285522E0,-1.412117004E1,-6.252227783E0
1.467622773E1,4.255172729E0,-1.530790710E1,-6.284667969E0
1.468120210E1,2.248825073E0,-1.667811584E1,-6.906143188E0
1.468617646E1,2.228195190E0,-1.750524902E1,-7.519668579E0
1.469115083E1,1.843215942E0,-1.780923462E1,-7.775177002E0
1.469612519E1,5.392150879E-1,-1.748075867E1,-7.442077637E0
1.470109956E1,-4.808654785E-1,-1.661851501E1,-6.253082275E0
1.470607392E1,-1.378875732E0,-1.570358276E1,-5.029174805E0
1.471104829E1,-1.699493408E0,-1.463731384E1,-4.323425293E0
1.471602265E1,-1.058166504E0,-1.359635925E1,-3.875823975E0
1.472099702E1,-4.644927979E-1,-1.275979614E1,-2.721511841E0
1.472597138E1,-8.721313477E-1,-1.205543518E1,-1.522338867E0
1.473094575E1,-1.438461304E0,-1.124642944E1,-1.390121460E0
1.473592011E1,-1.063034058E0,-1.054869080E1,-2.150207520E0
1.474089448E1,-1.087097168E0,-9.893814087E0,-2.220565796E0
1.474586884E1,-2.514099121E0,-9.629150391E0,-3.248748779E-1
1.475084321E1,-3.818405151E0,-9.714172363E0,2.188873291E0
1.475581758E1,-5.306076050E0,-9.498214722E0,4.508071899E0
1.476079194E1,-6.146072388E0,-9.205474854E0,5.647750854E0
1.476576631E1,-6.138153076E0,-9.281341553E0,5.594589233E0
1.477074067E1,-5.498626709E0,-9.403167725E0,5.684036255E0
1.477571504E1,-4.964950562E0,-9.179901123E0,5.662277222E0
1.478068940E1,-4.712158203E0,-8.948257446E0,5.243316650E0
1.478566377E1,-4.351623535E0,-8.991622925E0,3.873870850E0
1.479063813E1,-3.808181763E0,-9.146484375E0,1.546630859E0
1.479561250E1,-3.237838745E0,-9.296813965E0,-1.050430298E0
1.480058686E1,-2.737091064E0,-9.415161133E0,-3.428329468E0
1.480556123E1,-2.283050537E0,-9.472045898E0,-5.312927246E0
1.481053559E1,-1.906982422E0,-9.445205688E0,-6.613342285E0
1.481550996E1,-1.694686890E0,-9.374084473E0,-7.363067627E0
1.482048432E1,-1.495071411E0,-9.256500244E0,-7.583114624E0
1.482545869E1,-1.280029297E0,-9.053207397E0,-7.198211670E0
1.483043305E1,-1.112197876E0,-8.836761475E0,-6.352554321E0
1.483540742E1,-9.458160400E-1,-8.560272217E0,-5.244949341E0
1.484038178E1,-8.497009277E-1,-8.266326904E0,-4.080245972E0
1.484535615E1,-8.273162842E-1,-7.925949097E0,-2.967010498E0
1.485033052E1,-6.041564941E-1,-7.584075928E0,-1.990127563E0
1.485530488E1,-5.837860107E-1,-7.280715942E0,-4.646606445E-1
1.486027925E1,-3.234405518E-1,-7.004852295E0,5.829162598E-1
1.486525361E1,6.159515381E-1,-6.680831909E0,1.354064941E-1
1.487022798E1,1.453170776E0,-6.417800903E0,-1.355773926E0
1.487520234E1,2.013320923E0,-6.259063721E0,-2.996444702E0
1.488017671E1,2.659667969E0,-6.204132080E0,-4.126403809E0
1.488515107E1,2.982330322E0,-6.229003906E0,-4.661727905E0
1.489012544E1,3.207092285E0,-6.399200439E0,-4.778549194E0
1.489509980E1,3.421844482E0,-6.570785522E0,-4.652664185E0
1.490007417E1,3.529388428E0,-6.759552002E0,-4.442825317E0
1.490504853E1,3.390518188E0,-6.948516846E0,-4.143524170E0
1.491002290E1,2.953796387E0,-7.080368042E0,-3.837524414E0
1.491499726E1,2.214569092E0,-7.182327271E0,-3.566375732E0
1.491997163E1,1.458251953E0,-7.259170532E0,-3.198822021E0
1.492494599E1,8.518981934E-1,-7.424133301E0,-2.748626709E0
1.492992036E1,1.665191650E-1,-7.546447754E0,-2.269256592E0
1.493489472E1,-6.324462891E-1,-7.593490601E0,-1.925567627E0
1.493986909E1,-1.434204102E0,-7.559249878E0,-1.726181030E0
1.494484345E1,-2.189315796E0,-7.524749756E0,-1.657653809E0
1.494981782E1,-2.969039917E0,-7.582305908E0,-1.704101562E0
1.495479218E1,-3.802673340E0,-7.663436890E0,-1.923461914E0
1.495976655E1,-4.531600952E0,-7.656127930E0,-2.342041016E0
1.496474092E1,-5.149063110E0,-7.567016602E0,-2.984710693E0
1.496971528E1,-5.640457153E0,-7.425094604E0,-3.881072998E0
1.497468965E1,-5.941711426E0,-7.223281860E0,-4.966201782E0
1.497966401E1,-6.243530273E0,-7.123291016E0,-6.054687500E0
1.498463838E1,-6.374008179E0,-7.198196411E0,-6.988220215E0
1.498961274E1,-6.376495361E0,-7.299911499E0,-7.726104736E0
1.499458711E1,-6.202621460E0,-7.474258423E0,-8.388427734E0
1.499956147E1,-5.863021851E0,-7.750335693E0,-9.129470825E0
1.500453584E1,-5.752944946E0,-7.989105225E0,-9.902755737E0
1.500951020E1,-5.468017578E0,-8.025421143E0,-1.052861023E1
1.501448457E1,-4.771377563E0,-7.873352051E0,-1.086643982E1
1.501945893E1,-4.041290283E0,-7.711547852E0,-1.083432007E1
1.502443330E1,-3.410018921E0,-7.648757935E0,-1.048696899E1
1.502940766E1,-3.029403687E0,-7.649536133E0,-9.997711182E0
1.503438203E1,-2.692718506E0,-7.694671631E0,-9.416687012E0
1.503935639E1,-2.405532837E0,-7.759063721E0,-8.760910034E0
1.504433076E1,-2.237945557E0,-7.864837646E0,-7.962112427E0
1.504930512E1,-2.277526855E0,-7.952651978E0,-7.111618042E0
1.505427949E1,-2.169403076E0,-8.223907471E0,-6.253326416E0
1.505925385E1,-2.448745728E0,-8.536911011E0,-5.430435181E0
1.506422822E1,-2.732681274E0,-8.816406250E0,-4.633346558E0
1.506920259E1,-2.843429565E0,-9.212570190E0,-3.722381592E0
1.507417695E1,-2.807067871E0,-9.740722656E0,-2.813812256E0
1.507915132E1,-2.811172485E0,-1.045896912E1,-1.953826904E0
1.508412568E1,-2.877258301E0,-1.146269226E1,-1.042602539E0
1.508910005E1,-3.098861694E0,-1.281825256E1,2.368927002E-1
1.509407441E1,-3.178741455E0,-1.448883057E1,2.199005127E0
1.509904878E1,-3.076019287E0,-1.619935608E1,4.629135132E0
1.510402314E1,-2.894256592E0,-1.746900940E1,6.006698608E0
1.510899751E1,-2.753158569E0,-1.792707825E1,4.418670654E0
1.511397187E1,-2.563995361E0,-1.773283386E1,1.869506836E-1
1.511894624E1,-2.330261230E0,-1.753826904E1,-3.727905273E0
1.512392060E1,-2.098190308E0,-1.761677551E1,-5.758102417E0
1.512889497E1,-1.878570557E0,-1.774189758E1,-6.123779297E0
1.513386933E1,-1.901184082E0,-1.754763794E1,-5.527877808E0
1.513884370E1,-2.232574463E0,-1.669790649E1,-4.874542236E0
1.514381806E1,-2.798217773E0,-1.508663940E1,-4.605789185E0
1.514879243E1,-3.223480225E0,-1.289266968E1,-4.783279419E0
1.515376679E1,-3.318145752E0,-1.073075867E1,-5.141204834E0
1.515874116E1,-3.214950562E0,-9.020660400E0,-5.204162598E0
1.516371552E1,-2.849472046E0,-7.691070557E0,-4.933593750E0
1.516868989E1,-2.398254395E0,-6.569656372E0,-4.587265015E0
1.517366426E1,-1.970230103E0,-5.578369141E0,-4.278976440E0
1.517863862E1,-1.483215332E0,-4.736328125E0,-4.060073853E0
1.518361299E1,-1.022659302E0,-4.066604614E0,-3.931350708E0
1.518858735E1,-5.721282959E-1,-3.571563721E0,-3.914245605E0
1.519356172E1,-2.651214600E-1,-3.465286255E0,-3.762573242E0
1.519853608E1,-9.002685547E-2,-3.647354126E0,-3.546997070E0
1.520351045E1,5.239868164E-2,-3.925018311E0,-3.286102295E0
1.520848481E1,5.075836182E-1,-4.209472656E0,-2.948623657E0
1.521345918E1,8.805694580E-1,-4.566635132E0,-2.521377563E0
1.521843354E1,1.002136230E0,-4.922363281E0,-2.060852051E0
1.522340791E1,1.552368164E0,-5.479324341E0,-1.648773193E0
1.522838227E1,2.122589111E0,-6.098739624E0,-1.248596191E0
1.523335664E1,2.319641113E0,-6.785095215E0,-1.162994385E0
1.523833100E1,1.841644287E0,-7.656448364E0,-1.176925659E0
1.524330537E1,1.090301514E0,-8.763183594E0,-1.182739258E0
1.524827973E1,5.176391602E-1,-9.981399536E0,-1.232849121E0
1.525325410E1,3.155975342E-1,-1.128297424E1,-1.386566162E0
1.525822846E1,-7.102966309E-2,-1.254893494E1,-1.531616211E0
1.526320283E1,-4.370269775E-1,-1.358605957E1,-1.679397583E0
1.526817719E1,-8.024291992E-1,-1.437277222E1,-1.797958374E0
1.527315156E1,-1.134262085E0,-1.470626831E1,-2.257293701E0
1.527812593E1,-1.763031006E0,-1.454441833E1,-2.965469360E0
1.528310029E1,-2.212753296E0,-1.401374817E1,-3.021728516E0
1.528807466E1,-1.919174194E0,-1.300270081E1,-2.120162964E0
1.529304902E1,-1.297866821E0,-1.177091980E1,-2.420852661E0
1.529802339E1,-3.744812012E-1,-1.060205078E1,-4.102691650E0
1.530299775E1,-6.389312744E-1,-9.797760010E0,-4.854644775E0
1.530797212E1,-1.399780273E0,-9.308792114E0,-5.038864136E0
1.531294648E1,-1.865692139E0,-8.877380371E0,-5.069381714E0
1.531792085E1,-1.837982178E0,-8.494979858E0,-5.194671631E0
1.532289521E1,-1.266448975E0,-8.289138794E0,-5.187728882E0
1.532786958E1,-2.090454102E-1,-8.229263306E0,-4.961959839E0
1.533284394E1,1.101974487E0,-8.196823120E0,-4.554153442E0
1.533781831E1,2.238632202E0,-8.073135376E0,-4.171310425E0
1.534279267E1,3.038467407E0,-7.971420288E0,-3.683273315E0
1.534776704E1,3.657928467E0,-7.993011475E0,-3.136306763E0
1.535274140E1,4.183242798E0,-8.107650757E0,-2.912063599E0
1.535771577E1,4.414932251E0,-8.204406738E0,-3.184555054E0
1.536269013E1,4.148681641E0,-8.175796509E0,-3.736145020E0
1.536766450E1,3.254699707E0,-8.065139771E0,-4.160217285E0
1.537263886E1,1.929855347E0,-7.934494019E0,-4.274078369E0
1.537761323E1,7.510528564E-1,-7.735656738E0,-4.095779419E0
1.538258760E1,1.646118164E-1,-7.453750610E0,-3.739181519E0
1.538756196E1,1.902618408E-1,-7.227752686E0,-3.348419189E0
1.539253633E1,4.188995361E-1,-7.266082764E0,-2.902984619E0
1.539751069E1,3.264770508E-1,-7.650512695E0,-2.366455078E0
1.540248506E1,-4.002532959E-1,-8.371322632E0,-1.898910522E0
1.540745942E1,-1.171493530E0,-9.078887939E0,-1.303588867E0
1.541243379E1,-1.939575195E0,-9.653991699E0,-8.230743408E-1
1.541740815E1,-2.496795654E0,-1.009295654E1,-2.800445557E-1
1.542238252E1,-2.679733276E0,-1.040431213E1,1.090850830E-1
1.542735688E1,-2.625396729E0,-1.057188416E1,3.186645508E-1
1.543233125E1,-2.540374756E0,-1.065780640E1,2.425384521E-1
1.543730561E1,-2.344177246E0,-1.060963440E1,-8.085632324E-2
1.544227998E1,-2.109832764E0,-1.047346497E1,-4.683990479E-1
1.544725434E1,-1.958877563E0,-1.028131104E1,-1.009811401E0
1.545222871E1,-1.846954346E0,-1.006767273E1,-1.445785522E0
1.545720307E1,-1.786773682E0,-9.935714722E0,-1.777420044E0
1.546217744E1,-1.658432007E0,-9.823928833E0,-1.995025635E0
1.546715180E1,-1.489562988E0,-9.765777588E0,-2.069274902E0
1.547212617E1,-1.368347168E0,-9.746047974E0,-2.153656006E0
1.547710053E1,-1.319732666E0,-9.745468140E0,-2.276153564E0
1.548207490E1,-1.273056030E0,-9.766693115E0,-2.428329468E0
1.548704927E1,-1.205108643E0,-9.756835938E0,-2.564834595E0
1.549202363E1,-1.076660156E0,-9.736663818E0,-2.678833008E0
1.549699800E1,-9.768829346E-1,-9.669921875E0,-2.838027954E0
1.550197236E1,-8.910217285E-1,-9.545730591E0,-3.151443481E0
1.550694673E1,-7.781677246E-1,-9.355590820E0,-3.540679932E0
1.551192109E1,-6.945648193E-1,-9.088729858E0,-3.932266235E0
1.551689546E1,-6.442565918E-1,-8.832611084E0,-4.241378784E0
1.552186982E1,-5.135650635E-1,-8.594451904E0,-4.392608643E0
1.552684419E1,-3.543853760E-1,-8.394821167E0,-4.427658081E0
1.553181855E1,-1.964569092E-1,-8.294067383E0,-4.380554199E0
1.553679292E1,-1.060485840E-2,-8.244461060E0,-4.370208740E0
1.554176728E1,1.700439453E-1,-8.268035889E0,-4.318664551E0
1.554674165E1,3.309478760E-1,-8.322616577E0,-4.219329834E0
1.555171601E1,4.679412842E-1,-8.366424561E0,-4.140121460E0
1.555669038E1,5.883789062E-1,-8.459228516E0,-4.046569824E0
1.556166474E1,6.099090576E-1,-8.591339111E0,-3.907653809E0
1.556663911E1,5.797576904E-1,-8.705703735E0,-3.800338745E0
1.557161347E1,4.871826172E-1,-8.767730713E0,-3.711990356E0
1.557658784E1,4.988708496E-1,-8.772018433E0,-3.640899658E0
1.558156220E1,4.837341309E-1,-8.786163330E0,-3.598937988E0
1.558653657E1,4.710998535E-1,-8.868957520E0,-3.529998779E0
1.559151093E1,4.616851807E-1,-9.019027710E0,-3.445281982E0
1.559648530E1,3.737030029E-1,-9.210556030E0,-3.336135864E0
1.560145966E1,2.833404541E-1,-9.486816406E0,-3.246429443E0
1.560643403E1,2.389373779E-1,-9.756164551E0,-3.187866211E0
1.561140840E1,1.807861328E-1,-1.005955505E1,-3.227935791E0
1.561638276E1,2.139282227E-1,-1.032029724E1,-3.321456909E0
1.562135713E1,2.513122559E-1,-1.055056763E1,-3.374420166E0
1.562633149E1,1.884613037E-1,-1.066282654E1,-3.381774902E0
1.563130586E1,1.649475098E-1,-1.077543640E1,-3.360504150E0
1.563628022E1,1.544494629E-1,-1.077270508E1,-3.218063354E0
1.564125459E1,1.237792969E-1,-1.073173523E1,-3.177108765E0
1.564622895E1,1.109924316E-1,-1.070474243E1,-3.250503540E0
1.565120332E1,3.268432617E-2,-1.067944336E1,-3.383682251E0
1.565617768E1,-1.675415039E-2,-1.066331482E1,-3.521087646E0
1.566115205E1,-2.449035645E-2,-1.059431458E1,-3.645767212E0
1.566612641E1,2.890014648E-2,-1.047257996E1,-3.788314819E0
1.567110078E1,9.939575195E-2,-1.031809998E1,-3.890823364E0
1.567607514E1,8.560180664E-2,-1.021437073E1,-3.993835449E0
1.568104951E1,-2.096557617E-2,-1.022607422E1,-4.125595093E0
1.568602387E1,-5.293273926E-2,-1.026600647E1,-4.218139648E0
1.569099824E1,-2.548217773E-2,-1.029591370E1,-4.298675537E0
1.569597260E1,3.721618652E-2,-1.028863525E1,-4.356155396E0
1.570094697E1,3.689575195E-2,-1.024157715E1,-4.413284302E0
1.570592134E1,5.320739746E-2,-1.012924194E1,-4.495239258E0
1.571089570E1,1.190338135E-1,-9.946945190E0,-4.661529541E0
1.571587006E1,2.087707520E-1,-9.714233398E0,-4.906875610E0
1.572084443E1,2.946014404E-1,-9.388900757E0,-5.106201172E0
1.572581880E1,3.524780273E-1,-8.938766479E0,-5.215682983E0
1.573079316E1,3.439331055E-1,-8.480682373E0,-5.324813843E0
1.573576753E1,2.400665283E-1,-8.129623413E0,-5.390838623E0
1.574074189E1,4.187011719E-2,-7.885070801E0,-5.370986938E0
1.574571626E1,-2.169189453E-1,-7.722732544E0,-5.322128296E0
1.575069062E1,-5.203399658E-1,-7.605178833E0,-5.311737061E0
1.575566499E1,-8.379516602E-1,-7.521133423E0,-5.346618652E0
1.576063935E1,-1.194992065E0,-7.426452637E0,-5.424926758E0
1.576561372E1,-1.516220093E0,-7.316833496E0,-5.602416992E0
1.577058808E1,-1.908325195E0,-7.241363525E0,-5.917785645E0
1.577556245E1,-2.322006226E0,-7.203506470E0,-6.157913208E0
1.578053681E1,-2.639633179E0,-7.269241333E0,-6.041229248E0
1.578551118E1,-2.810348511E0,-7.336318970E0,-5.653701782E0
1.579048554E1,-2.861801147E0,-7.397247314E0,-5.127395630E0
1.579545991E1,-2.936996460E0,-7.369918823E0,-4.258743286E0
1.580043427E1,-2.729690552E0,-7.635574341E0,-2.817657471E0
1.580540864E1,-2.433395386E0,-8.340164185E0,-1.373153687E0
1.581038300E1,-1.950042725E0,-8.920578003E0,-2.229309082E-1
1.581535737E1,-1.296035767E0,-9.305068970E0,8.493194580E-1
1.582033174E1,-2.793884277E-1,-9.563796997E0,1.654876709E0
1.582530610E1,1.168899536E0,-9.694259644E0,2.515228271E0
1.583028047E1,2.382324219E0,-9.683731079E0,3.074111938E0
1.583525483E1,2.727508545E0,-9.815292358E0,2.910354614E0
1.584022920E1,2.601348877E0,-9.906372070E0,1.126068115E0
1.584520356E1,1.788101196E0,-1.046772766E1,-1.318359375E0
1.585017793E1,-7.785034180E-2,-1.158439636E1,-3.492843628E0
1.585515229E1,-1.778274536E0,-1.251667786E1,-5.006408691E0
1.586012666E1,-1.832489014E0,-1.301731873E1,-5.444824219E0
1.586510102E1,-9.228210449E-1,-1.356501770E1,-5.303970337E0
1.587007539E1,-4.820709229E-1,-1.441629028E1,-4.888702393E0
1.587504975E1,-1.993713379E-1,-1.531323242E1,-4.520492554E0
1.588002412E1,-3.852844238E-2,-1.600909424E1,-4.112548828E0
1.588499848E1,-2.795104980E-1,-1.643374634E1,-3.623672485E0
1.588997285E1,-2.371978760E-1,-1.638009644E1,-3.152038574E0
1.589494721E1,5.926361084E-1,-1.593153381E1,-2.899291992E0
1.589992158E1,1.645111084E0,-1.521536255E1,-2.850189209E0
1.590489594E1,2.083892822E0,-1.437028503E1,-2.725463867E0
1.590987031E1,1.705581665E0,-1.353669739E1,-2.487060547E0
1.591484468E1,1.142486572E0,-1.260321045E1,-2.421417236E0
1.591981904E1,9.186401367E-1,-1.151448059E1,-2.560775757E0
1.592479340E1,9.967041016E-1,-1.042552185E1,-2.556610107E0
1.592976777E1,1.430160522E0,-9.583084106E0,-2.124755859E0
1.593474214E1,1.465316772E0,-8.920532227E0,-1.531448364E0
1.593971650E1,4.032135010E-1,-8.471542358E0,-9.367980957E-1
1.594469087E1,-1.087265015E0,-8.464263916E0,-2.685852051E-1
1.594966523E1,-2.556640625E0,-8.888992310E0,1.530914307E-1
1.595463960E1,-3.459823608E0,-9.379608154E0,2.424774170E-1
1.595961396E1,-4.845123291E0,-9.405990601E0,5.606079102E-1
1.596458833E1,-5.456542969E0,-9.294067383E0,1.336822510E-1
1.596956269E1,-4.981796265E0,-9.557952881E0,-6.143798828E-1
1.597453706E1,-5.001022339E0,-9.963012695E0,-8.243865967E-1
1.597951142E1,-5.239547729E0,-1.027458191E1,-6.486663818E-1
1.598448579E1,-4.803817749E0,-1.034217834E1,-7.467803955E-1
1.598946015E1,-3.863388062E0,-1.018644714E1,-1.423995972E0
1.599443452E1,-2.958480835E0,-9.856048584E0,-2.444793701E0
1.599940888E1,-2.408737183E0,-9.518661499E0,-3.330490112E0
1.600438325E1,-2.184112549E0,-9.116241455E0,-4.006713867E0
1.600935761E1,-2.194152832E0,-8.746612549E0,-4.488250732E0
1.601433198E1,-1.946090698E0,-8.366867065E0,-4.771789551E0
1.601930634E1,-1.632675171E0,-8.028457642E0,-4.702667236E0
1.602428071E1,-1.495315552E0,-7.697967529E0,-4.304306030E0
1.602925508E1,-1.403152466E0,-7.443969727E0,-3.813217163E0
1.603422944E1,-1.245605469E0,-7.159622192E0,-3.298034668E0
1.603920381E1,-1.112930298E0,-6.965637207E0,-2.860305786E0
1.604417817E1,-1.045700073E0,-6.835510254E0,-2.556671143E0
1.604915254E1,-9.904022217E-1,-6.735351562E0,-2.368637085E0
1.605412690E1,-8.498535156E-1,-6.713165283E0,-2.352386475E0
1.605910127E1,-5.342102051E-1,-6.696960449E0,-2.405822754E0
1.606407563E1,-1.925506592E-1,-6.702011108E0,-2.498535156E0
1.606905000E1,1.809539795E-1,-6.723464966E0,-2.605133057E0
1.607402436E1,5.386352539E-1,-6.775283813E0,-2.723480225E0
1.607899873E1,8.652496338E-1,-6.841613770E0,-2.828475952E0
1.608397309E1,1.117294312E0,-6.910415649E0,-2.947586060E0
1.608894746E1,1.227188110E0,-6.969223022E0,-3.056228638E0
1.609392182E1,1.167846680E0,-6.985549927E0,-3.153137207E0
1.609889619E1,1.049255371E0,-7.016464233E0,-3.242370605E0
1.610387055E1,9.331512451E-1,-7.090545654E0,-3.320205688E0
1.610884492E1,7.144012451E-1,-7.179077148E0,-3.440292358E0
1.611381928E1,2.985076904E-1,-7.266281128E0,-3.553176880E0
1.611879365E1,-1.277923584E-1,-7.357727051E0,-3.615829468E0
1.612376802E1,-5.037841797E-1,-7.482437134E0,-3.633758545E0
1.612874238E1,-9.380645752E-1,-7.573150635E0,-3.611801147E0
1.613371674E1,-1.382873535E0,-7.602798462E0,-3.558624268E0
1.613869111E1,-1.781372070E0,-7.552383423E0,-3.447601318E0
1.614366548E1,-2.056320190E0,-7.415710449E0,-3.380416870E0
1.614863984E1,-2.261169434E0,-7.259231567E0,-3.380157471E0
1.615361421E1,-2.482055664E0,-7.205047607E0,-3.504043579E0
1.615858857E1,-2.714462280E0,-7.224929810E0,-3.720001221E0
1.616356294E1,-3.071655273E0,-7.249298096E0,-4.013244629E0
1.616853730E1,-3.522888184E0,-7.257781982E0,-4.400497437E0
1.617351167E1,-3.936981201E0,-7.254653931E0,-4.684906006E0
1.617848603E1,-4.312301636E0,-7.162521362E0,-4.834365845E0
1.618346040E1,-4.616470337E0,-7.033218384E0,-4.846832275E0
1.618843476E1,-4.640563965E0,-6.865600586E0,-4.822158813E0
1.619340913E1,-4.545166016E0,-6.736770630E0,-4.928344727E0
1.619838349E1,-4.479232788E0,-6.699752808E0,-5.345077515E0
1.620335786E1,-4.441360474E0,-6.863861084E0,-6.018814087E0
1.620833222E1,-4.654052734E0,-7.142501831E0,-6.763092041E0
1.621330659E1,-4.822280884E0,-7.476638794E0,-7.552871704E0
1.621828095E1,-4.672988892E0,-7.770034790E0,-8.441925049E0
1.622325532E1,-4.381164551E0,-8.008911133E0,-9.386215210E0
1.622822968E1,-4.146270752E0,-8.126983643E0,-1.012335205E1
1.623320405E1,-3.833404541E0,-8.115478516E0,-1.063362122E1
1.623817842E1,-3.563095093E0,-8.062011719E0,-1.086123657E1
1.624315278E1,-3.352676392E0,-8.083572388E0,-1.081095886E1
1.624812714E1,-3.168807983E0,-8.266647339E0,-1.044934082E1
1.625310151E1,-2.976089478E0,-8.487472534E0,-9.750961304E0
1.625807588E1,-2.727600098E0,-8.796173096E0,-8.738098145E0
1.626305024E1,-2.607650757E0,-9.368408203E0,-7.555603027E0
1.626802461E1,-2.710327148E0,-1.030366516E1,-6.399383545E0
1.627299897E1,-2.933715820E0,-1.160427856E1,-5.236557007E0
1.627797334E1,-3.251419067E0,-1.295852661E1,-4.006713867E0
1.628294770E1,-3.751800537E0,-1.416970825E1,-2.748260498E0
1.628792207E1,-4.298141479E0,-1.518377686E1,-1.553283691E0
1.629289643E1,-4.731811523E0,-1.608123779E1,8.396911621E-2
1.629787080E1,-4.806823730E0,-1.712527466E1,2.460571289E0
1.630284516E1,-4.666473389E0,-1.792181396E1,3.439559937E0
1.630781953E1,-4.356597900E0,-1.788912964E1,1.818466187E0
1.631279389E1,-3.685211182E0,-1.734486389E1,-4.638214111E-1
1.631776826E1,-3.036132812E0,-1.663861084E1,-1.994033813E0
1.632274262E1,-2.578170776E0,-1.582646179E1,-2.605041504E0
1.632771699E1,-2.156677246E0,-1.483779907E1,-2.597579956E0
1.633269135E1,-1.742858887E0,-1.368707275E1,-2.364105225E0
1.633766572E1,-1.475555420E0,-1.249841309E1,-2.085693359E0
1.634264008E1,-1.479690552E0,-1.154928589E1,-1.977462769E0
1.634761445E1,-1.702896118E0,-1.082795715E1,-1.998641968E0
1.635258882E1,-1.800064087E0,-1.016857910E1,-2.053588867E0
1.635756318E1,-1.708312988E0,-9.542739868E0,-1.883377075E0
1.636253755E1,-1.300552368E0,-8.994644165E0,-1.840942383E0
1.636751191E1,-1.048110962E0,-8.260284424E0,-2.030609131E0
1.637248628E1,-7.225646973E-1,-7.402709961E0,-2.222335815E0
1.637746064E1,-1.565704346E-1,-6.682434082E0,-1.924331665E0
1.638243501E1,8.038024902E-1,-6.055801392E0,-1.609252930E0
1.638740937E1,1.136840820E0,-5.750442505E0,-1.341781616E0
1.639238374E1,1.202941895E0,-5.641769409E0,-1.136291504E0
1.639735810E1,1.122085571E0,-5.556976318E0,-1.010360718E0
1.640233247E1,8.841552734E-1,-5.549118042E0,-8.672180176E-1
1.640730683E1,9.654693604E-1,-5.878662109E0,-7.635650635E-1
1.641228120E1,9.226226807E-1,-6.494094849E0,-7.364959717E-1
1.641725556E1,9.741058350E-1,-7.145858765E0,-8.743743896E-1
1.642222993E1,1.239868164E0,-7.861221313E0,-1.060012817E0
1.642720429E1,1.336517334E0,-8.657714844E0,-1.290588379E0
1.643217866E1,1.493316650E0,-9.403976440E0,-1.499832153E0
1.643715302E1,1.558776855E0,-1.020951843E1,-1.874969482E0
1.644212739E1,1.131896973E0,-1.094192505E1,-2.619064331E0
1.644710176E1,6.586151123E-1,-1.135630798E1,-3.262283325E0
1.645207612E1,2.238769531E-1,-1.167271423E1,-3.690307617E0
1.645705048E1,-2.511596680E-2,-1.180899048E1,-4.095153809E0
1.646202485E1,5.461120605E-1,-1.162565613E1,-4.951965332E0
1.646699922E1,4.179382324E-1,-1.130387878E1,-5.680648804E0
1.647197358E1,-2.728271484E-2,-1.091406250E1,-5.588333130E0
1.647694795E1,1.037780762E0,-1.039369202E1,-5.395278931E0
1.648192231E1,2.316513062E0,-9.718551636E0,-5.117248535E0
1.648689668E1,2.520706177E0,-9.232589722E0,-4.681915283E0
1.649187104E1,2.030136108E0,-9.126388550E0,-4.629699707E0
1.649684541E1,1.545501709E0,-9.083648682E0,-4.911911011E0
1.650181977E1,1.283294678E0,-8.995513916E0,-5.330734253E0
1.650679414E1,1.039337158E0,-8.883590698E0,-5.629974365E0
1.651176850E1,9.943847656E-1,-8.734909058E0,-5.944351196E0
1.651674287E1,1.337615967E0,-8.446517944E0,-6.086761475E0
1.652171723E1,2.006484985E0,-8.052307129E0,-6.250915527E0
1.652669160E1,2.332641602E0,-7.621139526E0,-6.018096924E0
1.653166596E1,2.460769653E0,-7.253601074E0,-5.328216553E0
1.653664033E1,2.414840698E0,-7.148635864E0,-4.435577393E0
1.654161469E1,2.097122192E0,-7.293762207E0,-3.598434448E0
1.654658906E1,1.411941528E0,-7.624328613E0,-3.028396606E0
1.655156342E1,5.825500488E-1,-8.004119873E0,-2.817291260E0
1.655653779E1,-2.206573486E-1,-8.380691528E0,-2.951751709E0
1.656151216E1,-7.881622314E-1,-8.707504272E0,-3.182006836E0
1.656648652E1,-1.170471191E0,-8.926666260E0,-3.363494873E0
1.657146089E1,-1.702789307E0,-9.192840576E0,-3.361694336E0
1.657643525E1,-2.133316040E0,-9.405670166E0,-3.154510498E0
1.658140962E1,-2.404998779E0,-9.468612671E0,-2.882080078E0
1.658638398E1,-2.593048096E0,-9.436172485E0,-2.452804565E0
1.659135835E1,-2.694473267E0,-9.441345215E0,-1.605224609E0
1.659633271E1,-2.621734619E0,-9.515274048E0,-4.921417236E-1
1.660130708E1,-2.480712891E0,-9.555297852E0,2.079467773E-1
1.660628144E1,-2.283309937E0,-9.578186035E0,5.622711182E-1
1.661125581E1,-2.152450562E0,-9.598678589E0,5.352020264E-1
1.661623017E1,-2.011627197E0,-9.554367065E0,2.450561523E-1
1.662120454E1,-1.941925049E0,-9.471466064E0,-2.929687500E-1
1.662617890E1,-1.933898926E0,-9.386657715E0,-9.298706055E-1
1.663115327E1,-1.963531494E0,-9.292221069E0,-1.505081177E0
1.663612763E1,-1.965316772E0,-9.239410400E0,-1.928894043E0
1.664110200E1,-1.897735596E0,-9.201385498E0,-2.208145142E0
1.664607636E1,-1.786422729E0,-9.226516724E0,-2.263626099E0
1.665105073E1,-1.744995117E0,-9.302368164E0,-2.260955811E0
1.665602510E1,-1.686233521E0,-9.408615112E0,-2.241088867E0
1.666099946E1,-1.590606689E0,-9.519180298E0,-2.224258423E0
1.666597383E1,-1.434051514E0,-9.626098633E0,-2.171249390E0
1.667094819E1,-1.297027588E0,-9.721664429E0,-2.075973511E0
1.667592256E1,-1.122055054E0,-9.757827759E0,-2.028213501E0
1.668089692E1,-9.566345215E-1,-9.797927856E0,-2.019271851E0
1.668587129E1,-7.685699463E-1,-9.818008423E0,-2.053329468E0
1.669084565E1,-5.511627197E-1,-9.801971436E0,-2.112655640E0
1.669582002E1,-3.703308105E-1,-9.795669556E0,-2.253402710E0
1.670079438E1,-2.492370605E-1,-9.766403198E0,-2.511947632E0
1.670576875E1,-1.928405762E-1,-9.659927368E0,-2.783859253E0
1.671074311E1,-1.606750488E-1,-9.567092896E0,-3.090896606E0
1.671571748E1,-1.461029053E-1,-9.498519897E0,-3.400756836E0
1.672069184E1,-9.284973145E-2,-9.425811768E0,-3.645034790E0
1.672566621E1,-5.799865723E-2,-9.361022949E0,-3.809463501E0
1.673064057E1,1.546478271E-1,-9.235961914E0,-3.913497925E0
1.673561494E1,-3.599548340E-2,-8.955215454E0,-4.514038086E0
1.674058930E1,-9.749450684E-1,-8.995635986E0,-4.997909546E0
1.674556367E1,-1.335754395E0,-8.920989990E0,-5.061172485E0
1.675053803E1,-1.391525269E0,-8.701110840E0,-4.949203491E0
1.675551240E1,-1.521392822E0,-8.540084839E0,-4.853393555E0
1.676048676E1,-1.595809937E0,-8.333328247E0,-4.797790527E0
1.676546113E1,-1.682357788E0,-8.115417480E0,-4.798202515E0
1.677043550E1,-1.750198364E0,-7.916763306E0,-4.819458008E0
1.677540986E1,-1.759017944E0,-7.782699585E0,-4.690795898E0
1.678038423E1,-1.600448608E0,-7.687118530E0,-4.637222290E0
1.678535859E1,-1.375244141E0,-7.697799683E0,-4.497497559E0
1.679033296E1,-1.057189941E0,-7.826766968E0,-4.258682251E0
1.679530732E1,-6.520080566E-1,-8.048736572E0,-3.943313599E0
1.680028169E1,-1.788940430E-1,-8.406387329E0,-3.601608276E0
1.680525605E1,4.262237549E-1,-8.849609375E0,-3.317993164E0
1.681023042E1,1.038055420E0,-9.315246582E0,-3.036560059E0
1.681520478E1,1.609527588E0,-9.746093750E0,-2.809997559E0
1.682017915E1,2.274246216E0,-1.005894470E1,-2.651168823E0
1.682515351E1,2.782653809E0,-1.038668823E1,-2.661880493E0
1.683012788E1,3.195083618E0,-1.064128113E1,-2.771652222E0
1.683510224E1,3.412643433E0,-1.092776489E1,-2.958221436E0
1.684007661E1,3.431869507E0,-1.129745483E1,-3.189590454E0
1.684505097E1,3.225250244E0,-1.164643860E1,-3.398391724E0
1.685002534E1,2.802490234E0,-1.200039673E1,-3.503585815E0
1.685499970E1,2.227157593E0,-1.228143311E1,-3.452514648E0
1.685997407E1,1.622528076E0,-1.245402527E1,-3.276016235E0
1.686494843E1,1.147399902E0,-1.254208374E1,-3.117843628E0
1.686992280E1,7.474822998E-1,-1.262182617E1,-3.061172485E0
1.687489716E1,3.775787354E-1,-1.273828125E1,-3.182952881E0
1.687987153E1,7.867431641E-2,-1.282754517E1,-3.354965210E0
1.688484590E1,-1.882019043E-1,-1.280584717E1,-3.493133545E0
1.688982026E1,-4.528503418E-1,-1.260581970E1,-3.602645874E0
1.689479463E1,-7.035217285E-1,-1.228677368E1,-3.630416870E0
1.689976899E1,-9.754333496E-1,-1.192994690E1,-3.679199219E0
1.690474336E1,-1.259185791E0,-1.157339478E1,-3.704086304E0
1.690971772E1,-1.485656738E0,-1.125218201E1,-3.759857178E0
1.691469209E1,-1.594299316E0,-1.097174072E1,-3.904357910E0
1.691966645E1,-1.600341797E0,-1.066067505E1,-4.039886475E0
1.692464082E1,-1.581268311E0,-1.038342285E1,-4.160827637E0
1.692961518E1,-1.544174194E0,-1.010542297E1,-4.296554565E0
1.693458955E1,-1.468429565E0,-9.809310913E0,-4.412353516E0
1.693956391E1,-1.302566528E0,-9.503860474E0,-4.483566284E0
1.694453828E1,-1.167724609E0,-9.139938354E0,-4.521896362E0
1.694951264E1,-1.052627563E0,-8.745223999E0,-4.534469604E0
1.695448701E1,-9.803619385E-1,-8.313964844E0,-4.512680054E0
1.695946137E1,-9.881591797E-1,-7.828796387E0,-4.430206299E0
1.696443574E1,-1.067001343E0,-7.404830933E0,-4.468002319E0
1.696941010E1,-1.197341919E0,-6.953262329E0,-4.494354248E0
1.697438447E1,-1.360885620E0,-6.608886719E0,-4.613067627E0
1.697935884E1,-1.495452881E0,-6.248413086E0,-4.747940063E0
1.698433320E1,-1.476806641E0,-5.962631226E0,-4.832870483E0
1.698930756E1,-1.392593384E0,-5.817291260E0,-5.113525391E0
1.699428193E1,-1.740188599E0,-5.798248291E0,-5.237030029E0
1.699925630E1,-2.055191040E0,-5.826461792E0,-5.287628174E0
1.700423066E1,-2.224182129E0,-5.868179321E0,-5.111083984E0
1.700920503E1,-2.345626831E0,-5.934555054E0,-4.627548218E0
1.701417939E1,-2.410446167E0,-5.959945679E0,-3.851196289E0
1.701915376E1,-2.357406616E0,-5.985824585E0,-2.788070679E0
1.702412812E1,-2.161285400E0,-6.227783203E0,-1.492721558E0
1.702910249E1,-1.860519409E0,-6.753189087E0,-1.839904785E-1
1.703407685E1,-1.397918701E0,-7.329345703E0,1.051193237E0
1.703905122E1,-7.423248291E-1,-7.775360107E0,2.067916870E0
1.704402558E1,3.280029297E-1,-8.069473267E0,2.561584473E0
1.704899995E1,1.614364624E0,-8.265151978E0,2.688537598E0
1.705397431E1,2.533111572E0,-8.626296997E0,2.500381470E0
1.705894868E1,2.853775024E0,-9.242309570E0,1.576446533E0
1.706392304E1,2.647521973E0,-9.899993896E0,-1.450042725E-1
1.706889741E1,1.903976440E0,-1.060807800E1,-2.124404907E0
1.707387177E1,4.542846680E-1,-1.156654358E1,-3.921752930E0
1.707884614E1,1.365203857E-1,-1.251422119E1,-5.433074951E0
1.708382051E1,1.143295288E0,-1.350552368E1,-6.179412842E0
1.708879487E1,1.742050171E0,-1.498303223E1,-6.103820801E0
1.709376924E1,2.092636108E0,-1.663377380E1,-6.042739868E0
1.709874360E1,1.995132446E0,-1.805476379E1,-6.256561279E0
1.710371797E1,1.060638428E0,-1.916854858E1,-5.827178955E0
1.710869233E1,4.495697021E-1,-1.953308105E1,-5.376861572E0
1.711366670E1,5.272979736E-1,-1.894618225E1,-5.130340576E0
1.711864106E1,1.366195679E0,-1.741452026E1,-5.310653687E0
1.712361543E1,1.808639526E0,-1.548490906E1,-5.550476074E0
1.712858979E1,1.572387695E0,-1.370628357E1,-5.217636108E0
1.713356416E1,7.422637939E-1,-1.236108398E1,-4.649337769E0
1.713853852E1,-2.804718018E-1,-1.131683350E1,-4.006439209E0
1.714351289E1,-7.523803711E-1,-1.032823181E1,-3.414291382E0
1.714848725E1,-1.130340576E0,-9.644042969E0,-2.532943726E0
1.715346162E1,-1.529129028E0,-9.582748413E0,3.425598145E-2
1.715843598E1,-3.537200928E0,-9.352142334E0,2.347854614E0
1.716341035E1,-5.095687866E0,-9.328964233E0,4.374801636E0
1.716838471E1,-5.892105103E0,-9.270385742E0,5.487457275E0
1.717335908E1,-6.403488159E0,-9.137084961E0,6.061950684E0
1.717833344E1,-5.991790771E0,-9.355163574E0,6.659179688E0
1.718330781E1,-5.511962891E0,-9.476287842E0,7.136718750E0
1.718828218E1,-5.706054688E0,-9.287933350E0,7.086914062E0
1.719325654E1,-5.725646973E0,-9.373611450E0,5.792617798E0
1.719823091E1,-5.215301514E0,-9.611846924E0,3.562805176E0
1.720320527E1,-4.830184937E0,-9.750335693E0,9.838104248E-1
1.720817964E1,-4.356399536E0,-9.839767456E0,-1.648498535E0
1.721315400E1,-3.645126343E0,-9.876419067E0,-4.290817261E0
1.721812837E1,-2.990127563E0,-9.839355469E0,-6.588821411E0
1.722310273E1,-2.470382690E0,-9.673919678E0,-8.208297729E0
1.722807710E1,-2.070037842E0,-9.390823364E0,-8.986175537E0
1.723305146E1,-1.609344482E0,-9.011505127E0,-8.904541016E0
1.723802583E1,-1.068649292E0,-8.572021484E0,-8.031936646E0
1.724300019E1,-5.752868652E-1,-8.149307251E0,-6.655639648E0
1.724797456E1,-2.032928467E-1,-7.731582642E0,-5.151321411E0
1.725294892E1,4.818725586E-2,-7.362121582E0,-3.704010010E0
1.725792329E1,4.989624023E-2,-7.070617676E0,-2.500427246E0
1.726289765E1,1.681518555E-2,-6.819519043E0,-1.719711304E0
1.726787202E1,1.121215820E-1,-6.573165894E0,-1.139755249E0
1.727284638E1,5.980682373E-1,-6.329315186E0,-8.673858643E-1
1.727782075E1,1.327758789E0,-6.129882812E0,-1.231643677E0
1.728279511E1,1.880462646E0,-5.996063232E0,-2.151214600E0
1.728776948E1,2.149658203E0,-5.990631104E0,-3.170898438E0
1.729274384E1,2.271514893E0,-6.185104370E0,-3.825546265E0
1.729771821E1,2.306259155E0,-6.439834595E0,-4.042114258E0
1.730269258E1,2.334274292E0,-6.592346191E0,-3.972152710E0
1.730766694E1,2.281707764E0,-6.659561157E0,-3.803649902E0
1.731264131E1,1.850952148E0,-6.789398193E0,-3.610656738E0
1.731761567E1,1.205871582E0,-6.945083618E0,-3.380126953E0
1.732259004E1,5.399932861E-1,-7.041839600E0,-3.165023804E0
1.732756440E1,-9.272766113E-2,-7.159744263E0,-2.911331177E0
1.733253877E1,-5.185546875E-1,-7.299972534E0,-2.679870605E0
1.733751313E1,-1.048141479E0,-7.406738281E0,-2.523101807E0
1.734248750E1,-1.781448364E0,-7.535446167E0,-2.413070679E0
1.734746186E1,-2.424209595E0,-7.655883789E0,-2.281219482E0
1.735243623E1,-3.141067505E0,-7.681671143E0,-2.168182373E0
1.735741059E1,-3.688003540E0,-7.654983521E0,-1.954635620E0
1.736238496E1,-4.284454346E0,-7.538421631E0,-1.855072021E0
1.736735932E1,-4.939422607E0,-7.402725220E0,-2.070053101E0
1.737233369E1,-5.646453857E0,-7.143920898E0,-2.939331055E0
1.737730805E1,-5.975769043E0,-6.829116821E0,-4.315399170E0
1.738228242E1,-6.132980347E0,-6.661361694E0,-5.749298096E0
1.738725678E1,-5.944931030E0,-6.737945557E0,-6.896163940E0
1.739223115E1,-5.853622437E0,-6.997299194E0,-7.804702759E0
1.739720552E1,-5.643981934E0,-7.281082153E0,-8.621383667E0
1.740217988E1,-5.259140015E0,-7.537551880E0,-9.360580444E0
1.740715424E1,-4.903167725E0,-7.702682495E0,-9.959030151E0
1.741212861E1,-4.225204468E0,-7.821395874E0,-1.030596924E1
1.741710655E1,-3.282135010E0,-7.911193848E0,-1.053598022E1
1.742208091E1,-2.419982910E0,-8.052993774E0,-1.062161255E1
1.742705528E1,-1.921035767E0,-8.147415161E0,-1.040197754E1
1.743202964E1,-1.761978149E0,-8.085769653E0,-9.760482788E0
1.743700401E1,-1.800201416E0,-7.938781738E0,-8.763107300E0
1.744197837E1,-1.848678589E0,-7.865249634E0,-7.573104858E0
1.744695274E1,-1.893142700E0,-7.903823853E0,-6.410202026E0
1.745192710E1,-1.967559814E0,-8.017028809E0,-5.381149292E0
1.745690147E1,-2.082656860E0,-8.296447754E0,-4.479553223E0
1.746187583E1,-2.301284790E0,-8.688201904E0,-3.643051147E0
1.746685020E1,-2.652786255E0,-9.038375854E0,-2.877517700E0
1.747182456E1,-2.958709717E0,-9.372909546E0,-2.134902954E0
1.747679893E1,-3.060226440E0,-9.691955566E0,-1.324127197E0
1.748177330E1,-3.094863892E0,-9.954757690E0,-5.737609863E-1
1.748674766E1,-3.206314087E0,-1.030059814E1,-4.962158203E-2
1.749172202E1,-3.406463623E0,-1.090486145E1,3.410949707E-1
1.749669639E1,-3.625350952E0,-1.191731262E1,9.372558594E-1
1.750167076E1,-3.439865112E0,-1.332025146E1,1.947586060E0
1.750664512E1,-3.384140015E0,-1.512965393E1,3.553359985E0
1.751161949E1,-3.268295288E0,-1.713316345E1,5.225509644E0
1.751659385E1,-3.217727661E0,-1.874125671E1,5.370986938E0
1.752156822E1,-3.187484741E0,-1.922734070E1,2.452377319E0
1.752654258E1,-3.054214478E0,-1.876419067E1,-2.118209839E0
1.753151695E1,-3.303604126E0,-1.826651001E1,-5.582122803E0
1.753649131E1,-2.867324829E0,-1.783757019E1,-6.863204956E0
1.754146568E1,-2.999099731E0,-1.740441895E1,-6.951019287E0
1.754644004E1,-3.166915894E0,-1.648176575E1,-6.243133545E0
1.755141441E1,-3.465866089E0,-1.512966919E1,-5.478439331E0
1.755638877E1,-4.243118286E0,-1.365911865E1,-5.129074097E0
1.756136314E1,-5.096206665E0,-1.229905701E1,-5.413711548E0
1.756633750E1,-5.085006714E0,-1.100865173E1,-5.732742310E0
1.757131187E1,-4.161483765E0,-9.754577637E0,-5.661300659E0
1.757628623E1,-2.800704956E0,-8.500106812E0,-5.213317871E0
1.758126060E1,-1.647247314E0,-7.420364380E0,-4.823028564E0
1.758623496E1,-1.051422119E0,-6.627182007E0,-4.650146484E0
1.759120933E1,-7.095947266E-1,-5.948181152E0,-4.751876831E0
1.759618370E1,-4.079284668E-1,-5.251022339E0,-5.119735718E0
1.760115806E1,-1.425628662E-1,-4.753906250E0,-5.431961060E0
1.760613243E1,3.992462158E-1,-4.500473022E0,-5.158294678E0
1.761110679E1,8.455200195E-1,-4.522949219E0,-4.440002441E0
1.761608116E1,4.878692627E-1,-4.715286255E0,-3.992324829E0
1.762105552E1,2.872467041E-1,-4.829025269E0,-3.848693848E0
1.762602989E1,7.836761475E-1,-4.872299194E0,-3.624114990E0
1.763100425E1,8.542480469E-1,-5.005264282E0,-3.610641479E0
1.763597862E1,1.105209351E0,-5.218063354E0,-3.562225342E0
1.764095298E1,1.755661011E0,-5.453216553E0,-3.012008667E0
1.764592735E1,2.039016724E0,-5.749389648E0,-2.228027344E0
1.765090171E1,1.958297729E0,-6.193267822E0,-1.582260132E0
1.765587608E1,1.610534668E0,-6.763946533E0,-1.267227173E0
1.766085044E1,1.422943115E0,-7.372909546E0,-1.243499756E0
1.766582481E1,1.373703003E0,-8.035980225E0,-1.266662598E0
1.767079917E1,9.791259766E-1,-8.789367676E0,-1.248275757E0
1.767577354E1,1.188659668E-1,-9.634185791E0,-9.686279297E-1
1.768074790E1,-8.345489502E-1,-1.055335999E1,-5.243988037E-1
1.768572227E1,-1.670394897E0,-1.145893860E1,-2.471313477E-1
1.769069663E1,-2.208770752E0,-1.230842590E1,-1.363830566E-1
1.769567100E1,-2.418838501E0,-1.303410339E1,2.037048340E-2
1.770064536E1,-2.261199951E0,-1.333811951E1,-1.818847656E-1
1.770561973E1,-2.369461060E0,-1.342684937E1,-6.381530762E-1
1.771059410E1,-2.260467529E0,-1.325035095E1,-1.195373535E0
1.771556846E1,-2.178115845E0,-1.295498657E1,-1.804336548E0
1.772054283E1,-1.788681030E0,-1.221847534E1,-2.655502319E0
1.772551719E1,-1.482757568E0,-1.120979309E1,-3.687393188E0
1.773049156E1,-1.552993774E0,-1.034788513E1,-4.435195923E0
1.773546592E1,-1.945968628E0,-9.966003418E0,-4.651062012E0
1.774044029E1,-2.898025513E0,-9.664367676E0,-4.508880615E0
1.774541465E1,-3.315780640E0,-9.279373169E0,-4.797607422E0
1.775038902E1,-3.142883301E0,-8.796875000E0,-5.266464233E0
1.775536338E1,-2.476455688E0,-8.383865356E0,-5.742034912E0
1.776033775E1,-1.181808472E0,-8.144515991E0,-5.909011841E0
1.776531211E1,5.768432617E-1,-8.035217285E0,-5.583496094E0
1.777028648E1,2.362518311E0,-7.886108398E0,-5.219863892E0
1.777526084E1,3.802764893E0,-7.814041138E0,-5.103836060E0
1.778023521E1,4.700942993E0,-7.952590942E0,-4.959182739E0
1.778520957E1,4.717147827E0,-8.248840332E0,-4.605895996E0
1.779018394E1,3.882476807E0,-8.472122192E0,-4.353378296E0
1.779515830E1,2.795043945E0,-8.503280640E0,-4.398590088E0
1.780013267E1,2.034591675E0,-8.372283936E0,-4.741394043E0
1.780510704E1,1.581298828E0,-8.110275269E0,-4.794357300E0
1.781008140E1,1.126831055E0,-7.873428345E0,-4.234558105E0
1.781505576E1,5.682830811E-1,-7.710296631E0,-3.302307129E0
1.782003013E1,-5.447387695E-3,-7.655776978E0,-2.435287476E0
1.782500450E1,-5.632781982E-1,-7.841583252E0,-1.756515503E0
1.782997886E1,-1.154357910E0,-8.169525146E0,-1.283126831E0
1.783495323E1,-1.807388306E0,-8.596633911E0,-9.468688965E-1
1.783992759E1,-2.463455200E0,-9.112762451E0,-6.048889160E-1
1.784490196E1,-3.039871216E0,-9.571243286E0,-1.684875488E-1
1.784987632E1,-3.370834351E0,-9.829879761E0,3.189697266E-1
1.785485069E1,-3.369384766E0,-9.937057495E0,5.917663574E-1
1.785982505E1,-3.131149292E0,-9.981567383E0,5.441131592E-1
1.786479942E1,-2.778991699E0,-1.001679993E1,2.356567383E-1
1.786977378E1,-2.421295166E0,-1.003598022E1,-1.410369873E-1
1.787474815E1,-2.219131470E0,-1.002998352E1,-6.353912354E-1
1.787972251E1,-2.035140991E0,-9.974090576E0,-1.202590942E0
1.788469688E1,-1.878524780E0,-9.874099731E0,-1.575592041E0
1.788967124E1,-1.640594482E0,-9.844818115E0,-1.644866943E0
1.789464561E1,-1.499328613E0,-9.853317261E0,-1.553665161E0
1.789961997E1,-1.490249634E0,-9.919006348E0,-1.302246094E0
1.790459434E1,-1.533035278E0,-9.981964111E0,-1.023986816E0
1.790956870E1,-1.438781738E0,-1.005467224E1,-6.943969727E-1
1.791454307E1,-1.116363525E0,-1.001396179E1,-4.867553711E-1
1.791951744E1,-7.923126221E-1,-9.998458862E0,-4.937896729E-1
1.792449180E1,-4.837341309E-1,-1.008114624E1,-7.520904541E-1
1.792946617E1,-2.917480469E-1,-1.012907410E1,-1.146652222E0
1.793444053E1,-9.144592285E-2,-1.005587769E1,-1.721664429E0
1.793941490E1,6.903076172E-2,-9.929794312E0,-2.272109985E0
1.794438926E1,3.333435059E-1,-9.756973267E0,-2.880065918E0
1.794936363E1,5.275115967E-1,-9.604904175E0,-3.544799805E0
1.795433799E1,7.067260742E-1,-9.421020508E0,-4.243896484E0
1.795931236E1,7.844543457E-1,-9.202209473E0,-4.832031250E0
1.796428672E1,7.521057129E-1,-8.940979004E0,-5.284332275E0
1.796926109E1,6.211242676E-1,-8.698532104E0,-5.491668701E0
1.797423545E1,3.739776611E-1,-8.431900024E0,-5.456787109E0
1.797920982E1,9.934997559E-2,-8.149444580E0,-5.185623169E0
1.798418418E1,-9.292602539E-2,-7.862396240E0,-4.752410889E0
1.798915855E1,-2.067871094E-1,-7.639877319E0,-4.252746582E0
1.799413291E1,-2.127685547E-1,-7.559661865E0,-3.784759521E0
1.799910728E1,-1.517791748E-1,-7.633148193E0,-3.458908081E0
1.800408164E1,-5.583190918E-2,-7.858291626E0,-3.260421753E0
1.800905601E1,1.026306152E-1,-8.187637329E0,-3.100326538E0
1.801403038E1,2.434387207E-1,-8.562805176E0,-2.965759277E0
1.801900474E1,4.025878906E-1,-8.943023682E0,-2.954437256E0
1.802397911E1,5.116577148E-1,-9.366683960E0,-2.866012573E0
1.802895347E1,5.213470459E-1,-9.729736328E0,-2.741546631E0
1.803392784E1,6.441345215E-1,-1.001963806E1,-2.740325928E0
1.803890220E1,8.842468262E-1,-1.030102539E1,-2.748367310E0
1.804387657E1,1.030014038E0,-1.053193665E1,-2.739898682E0
1.804885093E1,1.031326294E0,-1.080461121E1,-2.762619019E0
1.805382530E1,9.461212158E-1,-1.105999756E1,-2.806365967E0
1.805879966E1,8.017120361E-1,-1.119767761E1,-2.865386963E0
1.806377403E1,6.604766846E-1,-1.134559631E1,-3.058441162E0
1.806874839E1,5.688323975E-1,-1.145352173E1,-3.262527466E0
1.807372276E1,5.272064209E-1,-1.142390442E1,-3.394195557E0
1.807869712E1,4.653015137E-1,-1.136058044E1,-3.441436768E0
1.808367149E1,4.896087646E-1,-1.125912476E1,-3.411254883E0
1.808864585E1,5.805053711E-1,-1.115751648E1,-3.371658325E0
1.809362022E1,6.280975342E-1,-1.123271179E1,-3.532348633E0
1.809859458E1,6.314239502E-1,-1.138255310E1,-3.759216309E0
1.810356895E1,5.827331543E-1,-1.154173279E1,-3.959671021E0
1.810854331E1,4.480133057E-1,-1.170593262E1,-4.151229858E0
1.811351768E1,2.631683350E-1,-1.183039856E1,-4.249435425E0
1.811849204E1,-1.542663574E-2,-1.178730774E1,-4.302200317E0
1.812346641E1,-2.179107666E-1,-1.165998840E1,-4.332550049E0
1.812844078E1,-3.039398193E-1,-1.139392090E1,-4.374969482E0
1.813341514E1,-3.017883301E-1,-1.094941711E1,-4.436477661E0
1.813838951E1,-3.006591797E-1,-1.042738342E1,-4.592193604E0
1.814336387E1,-2.959136963E-1,-9.920135498E0,-4.772048950E0
1.814833824E1,-3.157653809E-1,-9.579330444E0,-4.916290283E0
1.815331260E1,-3.993530273E-1,-9.269653320E0,-4.981491089E0
1.815828697E1,-5.359497070E-1,-8.995468140E0,-5.002456665E0
1.816326133E1,-7.122039795E-1,-8.723922729E0,-5.010864258E0
1.816823570E1,-9.358825684E-1,-8.417861938E0,-5.032516479E0
1.817321006E1,-1.206665039E0,-8.069702148E0,-5.081115723E0
1.817818443E1,-1.485198975E0,-7.702896118E0,-5.185516357E0
1.818315879E1,-1.747344971E0,-7.316833496E0,-5.275634766E0
1.818813316E1,-2.015731812E0,-6.933700562E0,-5.420776367E0
1.819310752E1,-2.260391235E0,-6.550186157E0,-5.659118652E0
1.819808189E1,-2.473312378E0,-6.171249390E0,-5.963790894E0
1.820305625E1,-2.659912109E0,-5.834716797E0,-6.265121460E0
1.820803062E1,-2.888870239E0,-5.615875244E0,-6.487579346E0
1.821300498E1,-3.139694214E0,-5.512359619E0,-6.469375610E0
1.821797935E1,-3.339462280E0,-5.455169678E0,-6.096191406E0
1.822295371E1,-3.434127808E0,-5.411193848E0,-5.422882080E0
1.822792808E1,-3.458129883E0,-5.467300415E0,-4.551864624E0
1.823290244E1,-3.509048462E0,-5.628479004E0,-3.461883545E0
1.823787681E1,-3.326766968E0,-6.022262573E0,-1.977615356E0
1.824285118E1,-2.905090332E0,-6.724822998E0,-5.028076172E-1
1.824782554E1,-2.318161011E0,-7.444168091E0,5.952758789E-1
1.825279991E1,-1.145568848E0,-7.993118286E0,1.329162598E0
1.825777427E1,3.404388428E-1,-8.431838989E0,2.033554077E0
1.826274864E1,1.501998901E0,-8.966857910E0,2.410705566E0
1.826772300E1,2.104660034E0,-9.565490723E0,2.022750854E0
1.827269737E1,2.215393066E0,-1.024507141E1,8.846435547E-1
1.827767173E1,1.999023438E0,-1.105094910E1,-9.970550537E-1
1.828264610E1,1.986328125E0,-1.195967102E1,-3.031372070E0
1.828762046E1,2.102447510E0,-1.276380920E1,-4.364547729E0
1.829259483E1,2.920669556E0,-1.370118713E1,-5.197174072E0
1.829756919E1,3.769958496E0,-1.500956726E1,-5.765487671E0
1.830254356E1,4.475158691E0,-1.663510132E1,-5.724472046E0
1.830751792E1,4.700103760E0,-1.830119324E1,-5.529678345E0
1.831249229E1,3.804336548E0,-1.981088257E1,-5.376296997E0
1.831746665E1,2.720687866E0,-2.064082336E1,-5.244827271E0
1.832244102E1,1.315933228E0,-2.072659302E1,-4.730285645E0
1.832741538E1,2.050170898E-1,-1.970413208E1,-4.034286499E0
1.833238975E1,4.401702881E-1,-1.770735168E1,-3.606201172E0
1.833736412E1,1.204910278E0,-1.543486023E1,-3.462524414E0
1.834233848E1,1.472091675E0,-1.348081970E1,-3.004455566E0
1.834731284E1,8.484802246E-1,-1.188853455E1,-2.458084106E0
1.835228721E1,-6.285400391E-1,-1.068037415E1,-1.782501221E0
1.835726158E1,-2.134552002E0,-9.776657104E0,-7.606964111E-1
1.836223594E1,-2.772171021E0,-9.309051514E0,2.242126465E-1
1.836721031E1,-3.873764038E0,-9.226486206E0,2.016403198E0
1.837218467E1,-5.380722046E0,-9.370376587E0,4.042602539E0
1.837715904E1,-5.551483154E0,-9.798126221E0,4.384063721E0
1.838213340E1,-6.038772583E0,-9.777236938E0,4.561248779E0
1.838710777E1,-7.006103516E0,-9.404113770E0,5.324234009E0
1.839208213E1,-7.432266235E0,-9.461349487E0,5.578567505E0
1.839705650E1,-6.948654175E0,-9.937149048E0,4.910125732E0
1.840203086E1,-6.083496094E0,-1.035238647E1,3.486373901E0
1.840700523E1,-5.246414185E0,-1.058552551E1,1.356750488E0
1.841197959E1,-4.772338867E0,-1.060931396E1,-1.186096191E0
1.841695396E1,-4.326339722E0,-1.049475098E1,-3.638488770E0
1.842192832E1,-3.833999634E0,-1.023304749E1,-5.607513428E0
1.842690269E1,-3.430007935E0,-9.866058350E0,-6.978332520E0
1.843187705E1,-2.783294678E0,-9.404449463E0,-7.709182739E0
1.843685142E1,-1.893249512E0,-8.870971680E0,-7.739212036E0
1.844182579E1,-1.225189209E0,-8.393417358E0,-6.965438843E0
1.844680015E1,-8.675994873E-1,-8.030731201E0,-5.691925049E0
1.845177452E1,-8.455047607E-1,-7.736923218E0,-4.182022095E0
1.845674888E1,-7.825775146E-1,-7.486129761E0,-2.558822632E0
1.846172325E1,-6.409606934E-1,-7.243286133E0,-9.358978271E-1
1.846669761E1,-6.134948730E-1,-6.992141724E0,1.333099365E0
1.847167198E1,-5.375823975E-1,-6.733779907E0,2.593292236E0
1.847664634E1,4.597625732E-1,-6.394195557E0,1.713989258E0
1.848162071E1,1.756240845E0,-6.018585205E0,-3.344879150E-1
1.848659507E1,2.576416016E0,-5.668823242E0,-2.437789917E0
1.849156944E1,2.851959229E0,-5.516693115E0,-3.937057495E0
1.849654380E1,3.010665894E0,-5.499145508E0,-4.754302979E0
1.850151817E1,3.238098145E0,-5.558822632E0,-5.084335327E0
1.850649253E1,3.454895020E0,-5.549285889E0,-5.138534546E0
1.851146690E1,3.459014893E0,-5.634948730E0,-5.067031860E0
1.851644126E1,3.209259033E0,-5.797302246E0,-4.853546143E0
1.852141563E1,2.684783936E0,-6.040039062E0,-4.545822144E0
1.852638999E1,2.015853882E0,-6.149826050E0,-4.192825317E0
1.853136436E1,1.426422119E0,-6.192001343E0,-3.923645020E0
1.853633872E1,8.688354492E-1,-6.187561035E0,-3.698791504E0
1.854131309E1,2.663574219E-1,-6.299346924E0,-3.430633545E0
1.854628746E1,-4.942779541E-1,-6.516921997E0,-3.132934570E0
1.855126182E1,-1.321990967E0,-6.784393311E0,-2.775421143E0
1.855623618E1,-2.276733398E0,-6.946533203E0,-2.363296509E0
1.856121055E1,-3.174392700E0,-7.018707275E0,-2.011917114E0
1.856618492E1,-3.701080322E0,-7.062835693E0,-1.828247070E0
1.857115928E1,-4.116729736E0,-7.048339844E0,-1.853210449E0
1.857613365E1,-4.704498291E0,-6.885116577E0,-2.220062256E0
1.858110801E1,-5.344467163E0,-6.549819946E0,-3.182357788E0
1.858608238E1,-5.647354126E0,-6.218994141E0,-4.623794556E0
1.859105674E1,-5.603881836E0,-6.215591431E0,-6.057632446E0
1.859603111E1,-5.611450195E0,-6.628189087E0,-7.170745850E0
1.860100547E1,-5.682357788E0,-7.294967651E0,-7.956909180E0
1.860597984E1,-5.723648071E0,-8.023208618E0,-8.642471313E0
1.861095420E1,-5.849304199E0,-8.754943848E0,-9.361694336E0
1.861592857E1,-6.048294067E0,-9.363388062E0,-1.001531982E1
1.862090293E1,-5.991928101E0,-9.681213379E0,-1.058207703E1
1.862587730E1,-5.416839600E0,-9.669998169E0,-1.096708679E1
1.863085166E1,-4.428817749E0,-9.435287476E0,-1.107682800E1
1.863582603E1,-3.431991577E0,-9.127075195E0,-1.093145752E1
1.864080039E1,-2.732635498E0,-8.821914673E0,-1.061065674E1
1.864577476E1,-2.487213135E0,-8.667739868E0,-1.010935974E1
1.865074912E1,-2.574920654E0,-8.612274170E0,-9.218444824E0
1.865572349E1,-2.783416748E0,-8.634918213E0,-7.896270752E0
1.866069786E1,-2.852462769E0,-8.846633911E0,-6.416275024E0
1.866567222E1,-3.134170532E0,-9.363616943E0,-5.120132446E0
1.867064659E1,-3.465820312E0,-1.017944336E1,-3.957641602E0
1.867562095E1,-3.769302368E0,-1.134980774E1,-2.788497925E0
1.868059532E1,-4.242767334E0,-1.301820374E1,-5.153198242E-1
1.868556968E1,-4.845474243E0,-1.520393372E1,3.824752808E0
1.869054405E1,-5.302444458E0,-1.744487000E1,9.095230103E0
1.869551841E1,-5.322982788E0,-1.865885925E1,1.056797791E1
1.870049278E1,-4.406280518E0,-1.792630005E1,4.980316162E0
1.870546714E1,-3.072311401E0,-1.674588013E1,-2.012603760E0
1.871044151E1,-2.348526001E0,-1.647174072E1,-6.196105957E0
1.871541587E1,-2.202331543E0,-1.698146057E1,-7.471099854E0
1.872039024E1,-2.221817017E0,-1.746017456E1,-7.207473755E0
1.872536460E1,-2.328735352E0,-1.723635864E1,-6.353897095E0
1.873033897E1,-2.847412109E0,-1.623895264E1,-5.528503418E0
1.873531333E1,-3.675491333E0,-1.449890137E1,-4.947174072E0
1.874028770E1,-3.988876343E0,-1.231408691E1,-4.520889282E0
1.874526206E1,-3.723526001E0,-1.039727783E1,-4.083007812E0
1.875023643E1,-3.151916504E0,-8.884445190E0,-3.503768921E0
1.875521080E1,-2.527755737E0,-7.488021851E0,-2.930816650E0
1.876018516E1,-2.152587891E0,-6.253784180E0,-2.630157471E0
1.876515952E1,-1.987777710E0,-5.295257568E0,-2.696395874E0
1.877013389E1,-1.806930542E0,-4.527420044E0,-3.020584106E0
1.877510826E1,-1.481491089E0,-3.946517944E0,-3.312881470E0
1.878008262E1,-1.031036377E0,-3.638397217E0,-3.399154663E0
1.878505699E1,-6.732482910E-1,-3.648086548E0,-3.226989746E0
1.879003135E1,-4.882049561E-1,-3.855453491E0,-2.995269775E0
1.879500572E1,-2.572631836E-1,-4.100891113E0,-2.718856812E0
1.879998008E1,2.047576904E-1,-4.346343994E0,-2.346725464E0
1.880495445E1,8.035736084E-1,-4.649902344E0,-1.867431641E0
1.880992881E1,1.315383911E0,-4.977920532E0,-1.384277344E0
1.881490318E1,1.730667114E0,-5.448715210E0,-9.639892578E-1
1.881987754E1,1.888504028E0,-6.081832886E0,-7.209167480E-1
1.882485191E1,1.888275146E0,-6.825592041E0,-7.770996094E-1
1.882982627E1,1.573638916E0,-7.703842163E0,-8.772277832E-1
1.883480064E1,1.083038330E0,-8.656997681E0,-1.032546997E0
1.883977500E1,5.822906494E-1,-9.630966187E0,-1.139160156E0
1.884474937E1,1.375427246E-1,-1.075257874E1,-1.197174072E0
1.884972373E1,-1.765594482E-1,-1.205897522E1,-1.242370605E0
1.885469810E1,-4.579162598E-1,-1.327824402E1,-1.494567871E0
1.885967246E1,-9.139862061E-1,-1.420271301E1,-1.632369995E0
1.886464683E1,-1.392059326E0,-1.480798340E1,-1.543228149E0
1.886962120E1,-1.792434692E0,-1.482247925E1,-1.945831299E0
1.887459556E1,-1.302032471E0,-1.430474854E1,-2.737274170E0
1.887956993E1,-7.376556396E-1,-1.306227112E1,-3.233840942E0
1.888454429E1,-6.211853027E-1,-1.167268372E1,-3.500411987E0
1.888951866E1,-6.016998291E-1,-1.052140808E1,-3.722015381E0
1.889449302E1,-9.962921143E-1,-9.714462280E0,-3.674331665E0
1.889946739E1,-1.516815186E0,-9.202987671E0,-4.067382812E0
1.890444175E1,-1.719696045E0,-8.786392212E0,-4.749023438E0
1.890941612E1,-1.471542358E0,-8.373565674E0,-5.619216919E0
1.891439048E1,-1.113327026E0,-8.016662598E0,-6.189910889E0
1.891936485E1,-9.324493408E-1,-7.672241211E0,-6.269744873E0
1.892433921E1,-5.356445312E-1,-7.462265015E0,-5.932571411E0
1.892931358E1,4.104003906E-1,-7.427673340E0,-5.284896851E0
1.893428794E1,2.136398315E0,-7.540832520E0,-4.595657349E0
1.893926231E1,4.024581909E0,-7.929672241E0,-3.391784668E0
1.894423667E1,5.390457153E0,-8.543167114E0,-2.119918823E0
1.894921104E1,5.819915771E0,-9.149414062E0,-1.740280151E0
1.895418540E1,5.407211304E0,-9.564590454E0,-1.852539062E0
1.895915977E1,4.285232544E0,-9.762710571E0,-1.847946167E0
1.896413413E1,2.956237793E0,-9.704681396E0,-1.955612183E0
1.896910850E1,1.922866821E0,-9.331726074E0,-2.391555786E0
1.897408286E1,1.441406250E0,-8.689376831E0,-2.910675049E0
1.897905723E1,1.277923584E0,-8.046905518E0,-3.146926880E0
1.898403160E1,8.638763428E-1,-7.715560913E0,-3.054702759E0
1.898900596E1,1.632080078E-1,-7.720779419E0,-2.848098755E0
1.899398033E1,-4.588165283E-1,-7.919281006E0,-2.571151733E0
1.899895469E1,-1.010864258E0,-8.248519897E0,-2.131271362E0
1.900392906E1,-1.526763916E0,-8.651901245E0,-1.494873047E0
1.900890342E1,-1.904251099E0,-8.999572754E0,-8.685913086E-1
1.901387779E1,-2.197738647E0,-9.298126221E0,-4.415283203E-1
1.901885215E1,-2.356826782E0,-9.437637329E0,-3.116607666E-1
1.902382652E1,-2.417678833E0,-9.467178345E0,-3.720245361E-1
1.902880088E1,-2.340530396E0,-9.387481689E0,-6.119689941E-1
1.903377525E1,-2.337463379E0,-9.278411865E0,-8.589019775E-1
1.903874961E1,-2.277770996E0,-9.236404419E0,-1.150741577E0
1.904372398E1,-2.229949951E0,-9.211242676E0,-1.370620728E0
1.904869834E1,-1.891571045E0,-9.226531982E0,-1.362319946E0
1.905367271E1,-1.114395142E0,-9.175704956E0,-1.046371460E0
1.905864707E1,-1.898086548E0,-9.396881104E0,-1.771545410E0
1.906362144E1,-2.546401978E0,-9.845062256E0,-1.699188232E0
1.906859580E1,-2.174819946E0,-1.018678284E1,-1.219482422E0
1.907357017E1,-1.696304321E0,-1.032398987E1,-8.660278320E-1
1.907854454E1,-1.351394653E0,-1.053544617E1,-7.669982910E-1
1.908351890E1,-1.129333496E0,-1.066125488E1,-7.521820068E-1
1.908849326E1,-8.852386475E-1,-1.072456360E1,-8.325653076E-1
1.909346763E1,-5.925445557E-1,-1.075006104E1,-1.000488281E0
1.909844200E1,-4.536285400E-1,-1.075468445E1,-1.223587036E0
1.910341636E1,-3.693084717E-1,-1.067964172E1,-1.523010254E0
1.910839073E1,-3.339996338E-1,-1.050384521E1,-1.985641479E0
1.911336509E1,-2.494659424E-1,-1.026957703E1,-2.500991821E0
1.911833946E1,-8.267211914E-2,-9.977981567E0,-3.020202637E0
1.912331382E1,5.035400391E-3,-9.708786011E0,-3.499847412E0
1.912828819E1,2.522277832E-2,-9.470626831E0,-3.969345093E0
1.913326255E1,-7.565307617E-2,-9.190689087E0,-4.387710571E0
1.913823692E1,-2.034149170E-1,-8.830764771E0,-4.785598755E0
1.914321128E1,-3.092651367E-1,-8.450820923E0,-5.079238892E0
1.914818565E1,-4.442596436E-1,-8.068222046E0,-5.212051392E0
1.915316001E1,-5.665130615E-1,-7.661163330E0,-5.246292114E0
1.915813438E1,-7.090454102E-1,-7.306823730E0,-5.144836426E0
1.916310874E1,-8.156127930E-1,-7.093444824E0,-4.896621704E0
1.916808311E1,-7.377014160E-1,-7.020767212E0,-4.639923096E0
1.917305747E1,-4.808502197E-1,-7.158981323E0,-4.413299561E0
1.917803184E1,-2.296905518E-1,-7.485458374E0,-4.073348999E0
1.918300620E1,5.187988281E-3,-7.903686523E0,-3.673843384E0
1.918798057E1,2.826385498E-1,-8.353424072E0,-3.307510376E0
1.919295494E1,5.688018799E-1,-8.788375854E0,-2.928039551E0
1.919792930E1,8.151855469E-1,-9.174377441E0,-2.600173950E0
1.920290367E1,1.029922485E0,-9.572280884E0,-2.366043091E0
1.920787803E1,1.274856567E0,-9.923660278E0,-2.332351685E0
1.921285240E1,1.440246582E0,-1.023788452E1,-2.408248901E0
1.921782676E1,1.550949097E0,-1.056217957E1,-2.558074951E0
1.922280113E1,1.611755371E0,-1.093518066E1,-2.726638794E0
1.922777549E1,1.634185791E0,-1.131163025E1,-2.964431763E0
1.923274986E1,1.418426514E0,-1.174249268E1,-3.174041748E0
1.923772422E1,1.097900391E0,-1.220576477E1,-3.340286255E0
1.924269859E1,8.233795166E-1,-1.265603638E1,-3.438980103E0
1.924767295E1,5.775909424E-1,-1.291638184E1,-3.535095215E0
1.925264732E1,4.950256348E-1,-1.298948669E1,-3.625991821E0
1.925762168E1,3.455047607E-1,-1.297404480E1,-3.854660034E0
1.926259605E1,1.958465576E-1,-1.292724609E1,-4.101852417E0
1.926757041E1,-4.638671875E-2,-1.282751465E1,-4.290924072E0
1.927254478E1,-2.503662109E-1,-1.270045471E1,-4.467361450E0
1.927751914E1,-4.648284912E-1,-1.248997498E1,-4.498291016E0
1.928249351E1,-7.223968506E-1,-1.213676453E1,-4.474685669E0
1.928746788E1,-9.297485352E-1,-1.173919678E1,-4.471954346E0
1.929244224E1,-1.012466431E0,-1.125358582E1,-4.484558105E0
1.929741661E1,-9.953155518E-1,-1.074998474E1,-4.535324097E0
1.930239097E1,-8.868865967E-1,-1.028785706E1,-4.611679077E0
1.930736534E1,-8.232116699E-1,-9.820449829E0,-4.621170044E0
1.931233970E1,-7.657775879E-1,-9.429000854E0,-4.718826294E0
1.931731407E1,-6.806640625E-1,-9.135467529E0,-4.840728760E0
1.932228843E1,-6.218872070E-1,-8.923507690E0,-4.991210938E0
1.932726280E1,-6.190948486E-1,-8.720550537E0,-5.240127563E0
1.933223716E1,-6.919097900E-1,-8.495285034E0,-5.478118896E0
1.933721153E1,-8.202972412E-1,-8.245986938E0,-5.548553467E0
1.934218589E1,-8.999481201E-1,-7.927352905E0,-5.562347412E0
1.934716026E1,-9.496612549E-1,-7.565994263E0,-5.564666748E0
1.935213462E1,-1.070190430E0,-7.216598511E0,-5.495895386E0
1.935710899E1,-1.266235352E0,-6.948577881E0,-5.421539307E0
1.936208335E1,-1.434051514E0,-6.718322754E0,-5.319641113E0
1.936705772E1,-1.494354248E0,-6.577377319E0,-5.295089722E0
1.937203208E1,-1.641235352E0,-6.544448853E0,-5.415145874E0
1.937700645E1,-1.944915771E0,-6.548583984E0,-5.525238037E0
1.938198081E1,-2.225540161E0,-6.525421143E0,-5.489410400E0
1.938695518E1,-2.376419067E0,-6.522140503E0,-5.241729736E0
1.939192954E1,-2.517196655E0,-6.510803223E0,-4.588760376E0
1.939690391E1,-2.558212280E0,-6.497711182E0,-3.586929321E0
1.940187828E1,-2.459320068E0,-6.904052734E0,-2.054718018E0
1.940685264E1,-2.254180908E0,-7.551055908E0,-4.197540283E-1
1.941182701E1,-1.893417358E0,-8.063217163E0,1.239883423E0
1.941680137E1,-1.071136475E0,-8.497756958E0,2.586624146E0
1.942177574E1,1.315307617E-2,-8.880264282E0,3.764144897E0
1.942675010E1,1.547958374E0,-9.194473267E0,4.518539429E0
1.943172447E1,2.774017334E0,-9.402435303E0,4.628341675E0
1.943669883E1,3.482650757E0,-9.863616943E0,3.604721069E0
1.944167320E1,3.259506226E0,-1.050733948E1,1.619918823E0
1.944664756E1,1.782974243E0,-1.125819397E1,-4.666137695E-1
1.945162193E1,8.681488037E-1,-1.192111206E1,-2.916687012E0
1.945659629E1,2.687225342E-1,-1.227044678E1,-4.876358032E0
1.946157066E1,3.850860596E-1,-1.256335449E1,-6.373031616E0
1.946654502E1,9.681701660E-2,-1.351612854E1,-6.955993652E0
1.947151939E1,-2.064666748E-1,-1.478433228E1,-6.732177734E0
1.947649375E1,-4.516448975E-1,-1.586259460E1,-5.860595703E0
1.948146812E1,-8.105621338E-1,-1.672196960E1,-4.702102661E0
1.948644248E1,-1.175750732E0,-1.717498779E1,-4.034973145E0
1.949141685E1,-1.367401123E0,-1.739250183E1,-3.630889893E0
1.949639121E1,-1.007385254E0,-1.690080261E1,-3.498794556E0
1.950136558E1,-3.025665283E-1,-1.564196777E1,-3.945205688E0
1.950633994E1,3.966217041E-1,-1.409410095E1,-4.611755371E0
1.951131431E1,5.275115967E-1,-1.265652466E1,-5.084793091E0
1.951628868E1,9.544372559E-2,-1.162716675E1,-4.814056396E0
1.952126304E1,-1.192871094E0,-1.106597900E1,-3.328308105E0
1.952623741E1,-2.870285034E0,-1.067431641E1,-1.349105835E0
1.953121177E1,-3.568634033E0,-1.033909607E1,3.143310547E-3
1.953618614E1,-3.667724609E0,-1.009069824E1,1.066970825E0
1.954116050E1,-4.073242188E0,-9.896606445E0,1.736785889E0
1.954613487E1,-4.403747559E0,-9.807006836E0,2.223556519E0
1.955110923E1,-4.183532715E0,-9.733856201E0,2.765151978E0
1.955608360E1,-4.667816162E0,-9.479766846E0,3.439590454E0
1.956105796E1,-5.367950439E0,-9.325714111E0,3.735427856E0
1.956603233E1,-5.256332397E0,-9.589431763E0,3.180694580E0
1.957100669E1,-4.904281616E0,-9.868499756E0,2.079086304E0
1.957598106E1,-4.595184326E0,-9.970382690E0,8.601226807E-1
1.958095542E1,-4.261688232E0,-9.984786987E0,-3.376007080E-1
1.958592979E1,-3.821685791E0,-9.992980957E0,-1.596588135E0
1.959090415E1,-3.373352051E0,-9.970367432E0,-2.777297974E0
1.959587852E1,-2.845138550E0,-9.846908569E0,-3.792037964E0
1.960085288E1,-2.274185181E0,-9.651229858E0,-4.554733276E0
1.960582725E1,-1.746688843E0,-9.438858032E0,-5.036041260E0
1.961080162E1,-1.189361572E0,-9.208709717E0,-5.263122559E0
1.961577598E1,-7.263031006E-1,-8.954162598E0,-5.032669067E0
1.962075034E1,-4.455413818E-1,-8.661193848E0,-4.473312378E0
1.962572471E1,-1.898803711E-1,-8.282562256E0,-3.714157104E0
1.963069908E1,-1.632690430E-1,-7.923294067E0,-2.849945068E0
1.963567344E1,3.910827637E-2,-7.495681763E0,-1.568054199E0
1.964064781E1,2.315979004E-1,-7.122589111E0,-8.009185791E-1
1.964562217E1,7.176971436E-1,-6.744003296E0,-1.024993896E0
1.965059654E1,1.606719971E0,-6.401245117E0,-1.959686279E0
1.965557090E1,2.194198608E0,-6.163833618E0,-3.156600952E0
1.966054527E1,2.505218506E0,-6.041885376E0,-4.111953735E0
1.966551963E1,2.706939697E0,-5.963912964E0,-4.669662476E0
1.967049400E1,2.777954102E0,-5.931747437E0,-4.887039185E0
1.967546836E1,2.764511108E0,-5.982070923E0,-4.903274536E0
1.968044273E1,2.577117920E0,-6.102828979E0,-4.812683105E0
1.968541709E1,2.359939575E0,-6.253921509E0,-4.637283325E0
1.969039146E1,2.189117432E0,-6.520812988E0,-4.392318726E0
1.969536582E1,1.824432373E0,-6.854705811E0,-4.147567749E0
1.970034019E1,1.365478516E0,-7.125915527E0,-3.968658447E0
1.970531455E1,8.462066650E-1,-7.338745117E0,-3.798126221E0
1.971028892E1,3.301391602E-1,-7.522171021E0,-3.504623413E0
1.971526329E1,-1.524810791E-1,-7.703552246E0,-2.975921631E0
1.972023765E1,-7.479858398E-1,-7.847015381E0,-2.288604736E0
1.972521202E1,-1.342834473E0,-7.949234009E0,-1.600891113E0
1.973018638E1,-1.857574463E0,-8.078720093E0,-1.014968872E0
1.973516075E1,-2.499710083E0,-8.190124512E0,-6.420898438E-1
1.974013511E1,-3.212707520E0,-8.207351685E0,-5.336914062E-1
1.974510948E1,-3.973999023E0,-8.138519287E0,-5.701904297E-1
1.975008384E1,-4.529296875E0,-8.046737671E0,-7.773742676E-1
1.975505821E1,-4.818527222E0,-7.928176880E0,-1.274017334E0
1.976003257E1,-4.892120361E0,-7.706192017E0,-2.247711182E0
1.976500694E1,-4.815902710E0,-7.422409058E0,-3.586761475E0
1.976998130E1,-4.586273193E0,-7.156005859E0,-4.910873413E0
1.977495567E1,-4.423217773E0,-6.976593018E0,-5.958953857E0
1.977993003E1,-4.274398804E0,-6.890396118E0,-6.670898438E0
1.978490440E1,-3.983901978E0,-6.887207031E0,-7.173507690E0
1.978987876E1,-3.698226929E0,-6.997787476E0,-7.584793091E0
1.979485313E1,-3.518264771E0,-7.189163208E0,-7.972106934E0
1.979982749E1,-3.325592041E0,-7.450912476E0,-8.317764282E0
1.980480186E1,-3.163238525E0,-7.755264282E0,-8.613540649E0
1.980977622E1,-3.168960571E0,-8.008605957E0,-8.840530396E0
1.981475059E1,-3.123062134E0,-8.199478149E0,-9.033935547E0
1.981972496E1,-2.838287354E0,-8.306610107E0,-9.150634766E0
1.982469932E1,-2.445755005E0,-8.380905151E0,-9.167770386E0
1.982967368E1,-2.157653809E0,-8.413345337E0,-9.085952759E0
1.983464805E1,-2.119369507E0,-8.465881348E0,-8.860733032E0
1.983962242E1,-2.126815796E0,-8.492507935E0,-8.400283813E0
1.984459678E1,-2.467102051E0,-8.541305542E0,-7.861312866E0
1.984957115E1,-2.949737549E0,-8.595825195E0,-7.255752563E0
1.985454551E1,-3.271545410E0,-8.722946167E0,-6.566513062E0
1.985951988E1,-3.456298828E0,-8.983474731E0,-5.781021118E0
1.986449424E1,-3.625396729E0,-9.408859253E0,-5.082778931E0
1.986946861E1,-3.792770386E0,-1.005218506E1,-4.518524170E0
1.987444297E1,-3.958038330E0,-1.096748352E1,-3.920440674E0
1.987941734E1,-4.354644775E0,-1.211538696E1,-3.178466797E0
1.988439170E1,-4.931030273E0,-1.348403931E1,-1.875564575E0
1.988936607E1,-5.389724731E0,-1.500743103E1,6.770935059E-1
1.989434043E1,-5.711013794E0,-1.647714233E1,3.443359375E0
1.989931480E1,-5.655532837E0,-1.743859863E1,4.199188232E0
1.990428916E1,-5.120117188E0,-1.766804504E1,1.860153198E0
1.990926353E1,-4.415618896E0,-1.764968872E1,-1.646728516E0
1.991423789E1,-3.842910767E0,-1.794139099E1,-3.985458374E0
1.991921226E1,-3.672241211E0,-1.828205872E1,-4.685043335E0
1.992418662E1,-3.503280640E0,-1.810456848E1,-4.419906616E0
1.992916099E1,-2.999694824E0,-1.712303162E1,-3.826644897E0
1.993413536E1,-2.082443237E0,-1.523606873E1,-3.133468628E0
1.993910972E1,-1.107437134E0,-1.287959290E1,-2.442718506E0
1.994408409E1,-7.025299072E-1,-1.073997498E1,-1.968841553E0
1.994905845E1,-8.344573975E-1,-9.099960327E0,-1.806121826E0
1.995403282E1,-9.230957031E-1,-7.747619629E0,-1.713439941E0
1.995900718E1,-7.601623535E-1,-6.578079224E0,-1.647964478E0
1.996398155E1,-7.302246094E-1,-5.614318848E0,-1.507720947E0
1.996895591E1,-6.884765625E-1,-4.902389526E0,-1.281692505E0
1.997393028E1,-4.332885742E-1,-4.412719727E0,-1.333694458E0
1.997890464E1,-3.124694824E-1,-4.113708496E0,-1.449523926E0
1.998387901E1,-1.404876709E-1,-3.980834961E0,-1.587249756E0
1.998885337E1,2.051086426E-1,-4.099700928E0,-1.683303833E0
1.999382774E1,6.886138916E-1,-4.378448486E0,-1.769241333E0
1.999880210E1,1.012268066E0,-4.755996704E0,-1.711074829E0
2.000377647E1,1.109939575E0,-5.287094116E0,-1.552062988E0
2.000875083E1,1.285156250E0,-5.900726318E0,-1.445129395E0
2.001372520E1,1.031921387E0,-6.585052490E0,-1.498031616E0
2.001869956E1,1.046218872E0,-7.251861572E0,-1.960662842E0
2.002367393E1,1.359695435E0,-8.059555054E0,-2.350753784E0
2.002864830E1,1.815170288E0,-9.048156738E0,-2.615310669E0
2.003362266E1,2.046371460E0,-1.008619690E1,-2.644607544E0
2.003859702E1,1.518035889E0,-1.125685120E1,-2.729751587E0
2.004357139E1,1.046005249E0,-1.226620483E1,-2.774810791E0
2.004854576E1,5.312042236E-1,-1.298359680E1,-3.273391724E0
2.005352012E1,1.365966797E-1,-1.330267334E1,-3.583190918E0
2.005849449E1,-3.705444336E-1,-1.341072083E1,-3.430709839E0
2.006346885E1,-1.222961426E0,-1.318540955E1,-3.087081909E0
2.006844322E1,-1.160552979E0,-1.245477295E1,-2.415740967E0
2.007341758E1,-3.397521973E-1,-1.144215393E1,-2.887145996E0
2.007839195E1,-4.373779297E-1,-1.080085754E1,-3.168151855E0
2.008336631E1,-2.216491699E-1,-1.036032104E1,-3.896682739E0
2.008834068E1,5.304565430E-1,-9.921112061E0,-5.117950439E0
2.009331504E1,3.777923584E-1,-9.484283447E0,-5.483093262E0
2.009828941E1,-5.102386475E-1,-8.972488403E0,-6.094696045E0
2.010326377E1,-1.300445557E0,-8.659835815E0,-6.671463013E0
2.010823814E1,-1.562728882E0,-8.465988159E0,-6.952636719E0
2.011321250E1,-1.095306396E0,-8.287658691E0,-7.092895508E0
2.011818687E1,-5.268707275E-1,-8.136856079E0,-7.073654175E0
2.012316123E1,-2.669830322E-1,-8.015670776E0,-6.774703979E0
2.012813560E1,1.371307373E-1,-7.989700317E0,-6.113616943E0
2.013310996E1,6.585693359E-1,-7.978332520E0,-5.151809692E0
2.013808433E1,1.001235962E0,-8.000091553E0,-4.174041748E0
2.014305870E1,1.135971069E0,-8.074356079E0,-3.395202637E0
2.014803306E1,1.148605347E0,-8.124191284E0,-2.956283569E0
2.015300743E1,1.203521729E0,-8.117294312E0,-2.723022461E0
2.015798179E1,1.209472656E0,-8.044830322E0,-2.828674316E0
2.016295616E1,1.227157593E0,-7.974258423E0,-3.234878540E0
2.016793052E1,1.030227661E0,-8.045639038E0,-3.442367554E0
2.017290489E1,7.831878662E-1,-8.167999268E0,-3.418777466E0
2.017787925E1,6.805419922E-1,-8.291076660E0,-3.221328735E0
2.018285362E1,3.538208008E-1,-8.578979492E0,-2.719528198E0
2.018782798E1,-2.619171143E-1,-8.975036621E0,-2.034484863E0
2.019280235E1,-9.053344727E-1,-9.377822876E0,-1.376907349E0
2.019777671E1,-1.268218994E0,-9.631546021E0,-9.286804199E-1
2.020275108E1,-1.642044067E0,-9.754608154E0,-5.556182861E-1
2.020772544E1,-2.007232666E0,-9.722625732E0,-4.790039062E-1
2.021269981E1,-2.285232544E0,-9.613342285E0,-8.009490967E-1
2.021767417E1,-2.349578857E0,-9.462570190E0,-1.140121460E0
2.022264854E1,-2.299026489E0,-9.334060669E0,-1.438613892E0
2.022762290E1,-2.260620117E0,-9.214614868E0,-1.619674683E0
2.023259727E1,-2.209747314E0,-9.180267334E0,-1.704879761E0
2.023757163E1,-2.133407593E0,-9.156875610E0,-1.704589844E0
2.024254600E1,-1.916625977E0,-9.189865112E0,-1.702514648E0
2.024752036E1,-1.751937866E0,-9.230667114E0,-1.750335693E0
2.025249473E1,-1.515213013E0,-9.321136475E0,-1.761093140E0
2.025746910E1,-1.296783447E0,-9.406356812E0,-1.720764160E0
2.026244346E1,-1.087860107E0,-9.496353149E0,-1.685562134E0
2.026741783E1,-9.034729004E-1,-9.585449219E0,-1.704269409E0
2.027239219E1,-8.209533691E-1,-9.692443848E0,-1.758636475E0
2.027736656E1,-7.302856445E-1,-9.768524170E0,-1.909225464E0
2.028234092E1,-6.602172852E-1,-9.844726562E0,-2.131607056E0
2.028731529E1,-7.081451416E-1,-9.960403442E0,-2.361022949E0
2.029228965E1,-7.404022217E-1,-1.004627991E1,-2.540267944E0
2.029726402E1,-6.666717529E-1,-1.005381775E1,-2.636795044E0
2.030223838E1,-6.128692627E-1,-1.004270935E1,-2.721893311E0
2.030721275E1,-5.722808838E-1,-1.002270508E1,-2.831756592E0
2.031218711E1,-5.032501221E-1,-9.925415039E0,-2.922622681E0
2.031716148E1,-5.110473633E-1,-9.805099487E0,-3.039154053E0
2.032213584E1,-6.068878174E-1,-9.722564697E0,-3.243667603E0
2.032711021E1,-7.477722168E-1,-9.588180542E0,-3.431564331E0
2.033208457E1,-8.129577637E-1,-9.370635986E0,-3.510086060E0
2.033705894E1,-9.400177002E-1,-9.193405151E0,-3.549331665E0
2.034203330E1,-1.007614136E0,-9.053771973E0,-3.615798950E0
2.034700767E1,-1.007141113E0,-8.910461426E0,-3.701736450E0
2.035198204E1,-1.040161133E0,-8.748992920E0,-3.764480591E0
2.035695640E1,-1.092453003E0,-8.646652222E0,-3.848785400E0
2.036193076E1,-1.144470215E0,-8.574981689E0,-3.922439575E0
2.036690513E1,-1.145568848E0,-8.502273560E0,-3.983062744E0
2.037187950E1,-1.183517456E0,-8.453598022E0,-4.054382324E0
2.037685386E1,-1.198135376E0,-8.432861328E0,-4.031616211E0
2.038182823E1,-1.090698242E0,-8.402404785E0,-3.990371704E0
2.038680259E1,-9.000549316E-1,-8.377334595E0,-3.994125366E0
2.039177696E1,-7.434692383E-1,-8.399459839E0,-4.029464722E0
2.039675132E1,-4.501342773E-1,-8.364166260E0,-4.090194702E0
2.040172569E1,-2.489318848E-1,-8.330657959E0,-4.084259033E0
2.040670005E1,4.968261719E-2,-8.332153320E0,-4.035873413E0
2.041167442E1,3.012695312E-1,-8.357971191E0,-3.957595825E0
2.041664878E1,5.101776123E-1,-8.379180908E0,-3.823852539E0
2.042162315E1,7.088012695E-1,-8.480148315E0,-3.684799194E0
2.042659751E1,9.460144043E-1,-8.604110718E0,-3.576705933E0
2.043157188E1,1.132064819E0,-8.752334595E0,-3.421844482E0
2.043654624E1,1.354858398E0,-8.925628662E0,-3.243774414E0
2.044152061E1,1.591918945E0,-9.146942139E0,-3.071823120E0
2.044649497E1,1.783660889E0,-9.438385010E0,-2.902542114E0
2.045146934E1,1.869003296E0,-9.789840698E0,-2.744979858E0
2.045644370E1,1.927597046E0,-1.011294556E1,-2.685424805E0
2.046141807E1,1.934616089E0,-1.049540710E1,-2.701629639E0
2.046639244E1,1.870773315E0,-1.088989258E1,-2.750076294E0
2.047136680E1,1.754440308E0,-1.123931885E1,-2.851654053E0
2.047634117E1,1.602584839E0,-1.154354858E1,-2.986923218E0
2.048131553E1,1.401748657E0,-1.181610107E1,-3.089920044E0
2.048628990E1,1.138427734E0,-1.201237488E1,-3.177780151E0
2.049126426E1,8.188781738E-1,-1.215960693E1,-3.280715942E0
2.049623863E1,4.728698730E-1,-1.224137878E1,-3.403900146E0
2.050121299E1,1.268463135E-1,-1.226229858E1,-3.545532227E0
2.050618736E1,-1.810302734E-1,-1.230693054E1,-3.643127441E0
2.051116172E1,-4.847869873E-1,-1.229574585E1,-3.673812866E0
2.051613609E1,-7.257690430E-1,-1.219087219E1,-3.690536499E0
2.052111045E1,-8.688659668E-1,-1.199662781E1,-3.654098511E0
2.052608482E1,-9.949340820E-1,-1.174685669E1,-3.661651611E0
2.053105918E1,-1.046493530E0,-1.147747803E1,-3.714996338E0
2.053603355E1,-1.062973022E0,-1.117829895E1,-3.870925903E0
2.054100791E1,-1.094589233E0,-1.089270020E1,-4.108703613E0
2.054598228E1,-1.144439697E0,-1.065843201E1,-4.253128052E0
2.055095664E1,-1.183166504E0,-1.045401001E1,-4.379562378E0
2.055593101E1,-9.913787842E-1,-1.030111694E1,-4.437683105E0
2.056090538E1,-5.423583984E-1,-1.009904480E1,-4.320617676E0
2.056587974E1,-1.480148315E0,-1.005326843E1,-5.191970825E0
2.057085411E1,-1.682464600E0,-9.804534912E0,-5.290466309E0
2.057582847E1,-1.579757690E0,-9.473526001E0,-5.149963379E0
2.058080284E1,-1.396286011E0,-9.112289429E0,-5.029418945E0
2.058577720E1,-1.319183350E0,-8.692169189E0,-5.001998901E0
2.059075157E1,-1.356979370E0,-8.313873291E0,-4.882568359E0
2.059572593E1,-1.358749390E0,-7.921066284E0,-4.904098511E0
2.060070030E1,-1.456726074E0,-7.522552490E0,-4.967208862E0
2.060567466E1,-1.586059570E0,-7.144363403E0,-5.027267456E0
2.061064903E1,-1.712265015E0,-6.804092407E0,-5.151306152E0
2.061562339E1,-1.890441895E0,-6.608428955E0,-5.300598145E0
2.062059776E1,-2.210449219E0,-6.463623047E0,-5.391921997E0
2.062557212E1,-2.522766113E0,-6.300354004E0,-5.259384155E0
2.063054649E1,-2.841613770E0,-6.116912842E0,-4.888397217E0
2.063552085E1,-2.993774414E0,-5.947738647E0,-4.325332642E0
2.064049522E1,-3.080398560E0,-5.764770508E0,-3.527893066E0
2.064546958E1,-3.192993164E0,-5.640213013E0,-2.472915649E0
2.065044395E1,-2.968200684E0,-5.732055664E0,-1.122299194E0
2.065541831E1,-2.493576050E0,-6.018920898E0,1.394958496E-1
2.066039268E1,-1.865753174E0,-6.311798096E0,1.091217041E0
2.066536704E1,-1.172851562E0,-6.551757812E0,1.722503662E0
2.067034141E1,-6.165313721E-1,-6.765731812E0,2.009963989E0
2.067531578E1,-1.213531494E-1,-6.966537476E0,1.870162964E0
2.068029014E1,2.840881348E-1,-7.317199707E0,1.343002319E0
2.068526451E1,6.265411377E-1,-7.780395508E0,3.389892578E-1
2.069023887E1,1.005203247E0,-8.234863281E0,-9.715423584E-1
2.069521324E1,1.538848877E0,-8.843917847E0,-2.101730347E0
2.070018760E1,1.963119507E0,-9.728439331E0,-3.034683228E0
2.070516197E1,1.263763428E0,-1.098524475E1,-4.147109985E0
2.071013633E1,1.295928955E0,-1.233903503E1,-5.779724121E0
2.071511070E1,2.558837891E0,-1.375944519E1,-6.775100708E0
2.072008506E1,3.570739746E0,-1.513369751E1,-7.095687866E0
2.072505943E1,3.952514648E0,-1.650581360E1,-6.993774414E0
2.073003379E1,3.929656982E0,-1.768145752E1,-6.824432373E0
2.073500816E1,3.254531860E0,-1.874946594E1,-6.382064819E0
2.073998252E1,2.892898560E0,-1.920330811E1,-6.232284546E0
2.074495689E1,3.338470459E0,-1.882496643E1,-6.333023071E0
2.074993125E1,3.652236938E0,-1.773269653E1,-5.832015991E0
2.075490562E1,3.938369751E0,-1.606562805E1,-5.422973633E0
2.075987998E1,3.099258423E0,-1.435700989E1,-4.963882446E0
2.076485435E1,2.161117554E0,-1.287948608E1,-4.764587402E0
2.076982871E1,7.714691162E-1,-1.175424194E1,-4.004989624E0
2.077480308E1,-1.362609863E0,-1.104489136E1,-1.493759155E0
2.077977744E1,-2.791305542E0,-1.069277954E1,7.293548584E-1
2.078475181E1,-4.123138428E0,-1.075975037E1,3.451004028E0
2.078972618E1,-5.471221924E0,-1.091729736E1,3.766815186E0
2.079470054E1,-5.859863281E0,-1.092088318E1,3.536285400E0
2.079967491E1,-5.376342773E0,-1.088294983E1,4.402435303E0
2.080464927E1,-5.977325439E0,-1.022100830E1,5.572463989E0
2.080962364E1,-6.483230591E0,-9.733749390E0,5.880004883E0
2.081459800E1,-6.454971313E0,-9.631820679E0,5.337463379E0
2.081957237E1,-6.307342529E0,-9.778335571E0,4.150299072E0
2.082454673E1,-6.178573608E0,-9.861083984E0,2.390029907E0
2.082952110E1,-5.766525269E0,-9.794921875E0,1.289062500E-1
2.083449546E1,-5.213882446E0,-9.631286621E0,-2.395874023E0
2.083946983E1,-4.441909790E0,-9.364044189E0,-4.895858765E0
2.084444419E1,-3.709579468E0,-9.071411133E0,-7.004333496E0
2.084941856E1,-3.169784546E0,-8.784866333E0,-8.546020508E0
2.085439292E1,-2.620880127E0,-8.473419189E0,-9.327835083E0
2.085936729E1,-2.108718872E0,-8.137145996E0,-9.266693115E0
2.086434165E1,-1.735458374E0,-7.804565430E0,-8.389404297E0
2.086931602E1,-1.399871826E0,-7.487960815E0,-6.959930420E0
2.087429038E1,-1.150711060E0,-7.179992676E0,-5.340179443E0
2.087926475E1,-1.002609253E0,-6.873474121E0,-3.854202271E0
2.088423912E1,-9.334106445E-1,-6.594299316E0,-2.653228760E0
2.088921348E1,-8.903350830E-1,-6.344451904E0,-1.754440308E0
2.089418784E1,-7.278137207E-1,-6.124435425E0,-1.141967773E0
2.089916221E1,-4.203033447E-1,-5.924804688E0,-8.897857666E-1
2.090413658E1,1.036071777E-2,-5.729263306E0,-1.006011963E0
2.090911094E1,5.534820557E-1,-5.612243652E0,-1.386154175E0
2.091408531E1,1.106277466E0,-5.578201294E0,-1.824630737E0
2.091905967E1,1.453048706E0,-5.636291504E0,-2.291885376E0
2.092403404E1,1.655563354E0,-5.823120117E0,-2.745132446E0
2.092900840E1,1.883941650E0,-6.079925537E0,-3.130355835E0
2.093398277E1,2.072006226E0,-6.364913940E0,-3.404403687E0
2.093895713E1,2.098937988E0,-6.627456665E0,-3.582839966E0
2.094393150E1,1.773971558E0,-6.884902954E0,-3.606842041E0
2.094890586E1,1.262481689E0,-7.030563354E0,-3.662796021E0
2.095388023E1,7.879333496E-1,-7.134033203E0,-3.742050171E0
2.095885459E1,3.648681641E-1,-7.184616089E0,-3.766189575E0
2.096382896E1,-6.860351562E-2,-7.210220337E0,-3.767166138E0
2.096880332E1,-5.774078369E-1,-7.223098755E0,-3.742568970E0
2.097377769E1,-1.040679932E0,-7.272735596E0,-3.634338379E0
2.097875205E1,-1.564834595E0,-7.261566162E0,-3.517135620E0
2.098372642E1,-1.997528076E0,-7.221557617E0,-3.403915405E0
2.098870079E1,-2.497955322E0,-7.111984253E0,-3.232818604E0
2.099367515E1,-2.986999512E0,-6.962356567E0,-3.102615356E0
2.099864952E1,-3.376541138E0,-6.800613403E0,-3.118667603E0
2.100362388E1,-3.669830322E0,-6.753204346E0,-3.417816162E0
2.100859825E1,-4.087554932E0,-6.745758057E0,-3.871231079E0
2.101357261E1,-4.576614380E0,-6.826477051E0,-4.427383423E0
2.101854698E1,-5.001388550E0,-6.900604248E0,-4.971740723E0
2.102352134E1,-5.273269653E0,-6.905288696E0,-5.401794434E0
2.102849571E1,-5.352340698E0,-6.872619629E0,-5.815216064E0
2.103347007E1,-5.232589722E0,-6.918411255E0,-6.286849976E0
2.103844444E1,-5.000671387E0,-7.051254272E0,-6.867477417E0
2.104341880E1,-4.939743042E0,-7.414184570E0,-7.577178955E0
2.104839317E1,-5.109008789E0,-7.914718628E0,-8.291397095E0
2.105336753E1,-5.154190063E0,-8.411941528E0,-8.880355835E0
2.105834190E1,-4.796691895E0,-8.813888550E0,-9.350128174E0
2.106331626E1,-4.218338013E0,-9.058761597E0,-9.704055786E0
2.106829063E1,-3.545120239E0,-9.111862183E0,-9.852325439E0
2.107326499E1,-2.766983032E0,-8.978347778E0,-9.562301636E0
2.107823936E1,-2.084625244E0,-8.793350220E0,-8.881637573E0
2.108321372E1,-1.648056030E0,-8.748031616E0,-8.089050293E0
2.108818809E1,-1.571517944E0,-8.873016357E0,-7.266738892E0
2.109316246E1,-1.805389404E0,-9.086303711E0,-6.463134766E0
2.109813682E1,-2.074691772E0,-9.482696533E0,-5.723678589E0
2.110311119E1,-2.564392090E0,-9.981262207E0,-5.079879761E0
2.110808555E1,-3.170623779E0,-1.071772766E1,-4.521438599E0
2.111305992E1,-3.562255859E0,-1.180328369E1,-4.040222168E0
2.111803428E1,-4.044891357E0,-1.321737671E1,-3.435989380E0
2.112300865E1,-4.632263184E0,-1.474316406E1,-2.696792603E0
2.112798301E1,-5.203216553E0,-1.616865540E1,-1.361480713E0
2.113295738E1,-5.802459717E0,-1.758377075E1,9.194183350E-1
2.113793174E1,-6.346817017E0,-1.861329651E1,2.035430908E0
2.114290611E1,-6.608810425E0,-1.895596313E1,8.550109863E-1
2.114788047E1,-6.219985962E0,-1.865379333E1,-1.924575806E0
2.115285484E1,-5.539443970E0,-1.826799011E1,-4.108245850E0
2.115782920E1,-4.823822021E0,-1.787327576E1,-4.946716309E0
2.116280357E1,-3.871231079E0,-1.727656555E1,-4.708084106E0
2.116777793E1,-2.663879395E0,-1.615692139E1,-4.084518433E0
2.117275230E1,-1.409027100E0,-1.429795837E1,-3.410247803E0
2.117772666E1,-4.546203613E-1,-1.240776062E1,-2.962768555E0
2.118270103E1,1.477050781E-2,-1.083042908E1,-2.712142944E0
2.118767539E1,1.444091797E-1,-9.515426636E0,-2.611053467E0
2.119264976E1,1.860656738E-1,-8.321487427E0,-2.475219727E0
2.119762412E1,1.576080322E-1,-7.259887695E0,-2.343368530E0
2.120259849E1,1.581268311E-1,-6.333740234E0,-2.331314087E0
2.120757286E1,2.301788330E-1,-5.623397827E0,-2.473678589E0
2.121254722E1,2.387084961E-1,-5.118682861E0,-2.693191528E0
2.121752159E1,2.552337646E-1,-4.682357788E0,-2.877059937E0
2.122249595E1,3.977050781E-1,-4.376922607E0,-2.898559570E0
2.122747032E1,6.275329590E-1,-4.254699707E0,-2.785156250E0
2.123244468E1,8.751678467E-1,-4.331939697E0,-2.586303711E0
2.123741905E1,9.606781006E-1,-4.542602539E0,-2.407669067E0
2.124239341E1,1.036239624E0,-4.836639404E0,-2.288955688E0
2.124736778E1,1.218917847E0,-5.216567993E0,-2.244552612E0
2.125234214E1,1.291839600E0,-5.641128540E0,-2.227584839E0
2.125731651E1,1.099334717E0,-6.001541138E0,-2.172180176E0
2.126229087E1,5.708160400E-1,-6.324691772E0,-2.058837891E0
2.126726524E1,1.933898926E-1,-6.647781372E0,-2.046798706E0
2.127223960E1,-2.406311035E-2,-6.936447144E0,-2.228439331E0
2.127721397E1,-2.194824219E-1,-7.242645264E0,-2.566543579E0
2.128218833E1,-4.211730957E-1,-7.597320557E0,-2.978546143E0
2.128716270E1,-7.773590088E-1,-7.967651367E0,-3.249084473E0
2.129213706E1,-1.266113281E0,-8.412338257E0,-3.315139771E0
2.129711143E1,-1.839782715E0,-8.965087891E0,-3.225585938E0
2.130208580E1,-2.362442017E0,-9.609802246E0,-3.109909058E0
2.130706016E1,-2.609909058E0,-1.030294800E1,-3.064300537E0
2.131203452E1,-2.610443115E0,-1.097201538E1,-2.949935913E0
2.131700889E1,-2.323318481E0,-1.141304016E1,-2.818008423E0
2.132198326E1,-2.302749634E0,-1.157980347E1,-2.597366333E0
2.132695762E1,-2.766555786E0,-1.159475708E1,-2.264389038E0
2.133193199E1,-2.540390015E0,-1.155331421E1,-1.395965576E0
2.133690635E1,-1.485809326E0,-1.125947571E1,-2.115997314E0
2.134188072E1,-1.462280273E0,-1.126539612E1,-3.186996460E0
2.134685508E1,-1.776947021E0,-1.144743347E1,-3.531723022E0
2.135182945E1,-1.963775635E0,-1.136018372E1,-3.988433838E0
2.135680381E1,-1.796585083E0,-1.099754333E1,-4.903030396E0
2.136177818E1,-1.657928467E0,-1.049678040E1,-4.506759644E0
2.136675254E1,-1.688201904E0,-9.799499512E0,-4.344726562E0
2.137172691E1,-1.734222412E0,-9.465591431E0,-4.472396851E0
2.137670127E1,-1.818923950E0,-9.163482666E0,-4.418045044E0
2.138167564E1,-1.688720703E0,-8.810928345E0,-4.332412720E0
2.138665000E1,-8.803253174E-1,-8.385589600E0,-4.238510132E0
2.139162437E1,2.941741943E-1,-8.065383911E0,-4.069122314E0
2.139659873E1,1.528320312E0,-7.953109741E0,-3.998596191E0
2.140157310E1,2.717468262E0,-8.008834839E0,-4.048751831E0
2.140654746E1,3.539398193E0,-8.187469482E0,-4.171234131E0
2.141152183E1,3.610580444E0,-8.438934326E0,-4.216384888E0
2.141649620E1,2.770217896E0,-8.615951538E0,-4.249710083E0
2.142147056E1,1.644699097E0,-8.576766968E0,-4.375213623E0
2.142644493E1,8.092193604E-1,-8.420745850E0,-4.402420044E0
2.143141929E1,2.103576660E-1,-8.278472900E0,-4.166778564E0
2.143639366E1,-1.689147949E-1,-8.149032593E0,-3.617630005E0
2.144136802E1,-3.222351074E-1,-8.126525879E0,-2.723480225E0
2.144634239E1,-3.264465332E-1,-8.324981689E0,-1.633438110E0
2.145131675E1,-1.585235596E-1,-8.600250244E0,-7.518463135E-1
2.145629112E1,-7.933044434E-2,-8.884384155E0,-3.018341064E-1
2.146126548E1,-3.530731201E-1,-9.160568237E0,-3.154449463E-1
2.146623985E1,-8.883361816E-1,-9.332473755E0,-5.882415771E-1
2.147121421E1,-1.339721680E0,-9.357971191E0,-8.107452393E-1
2.147618858E1,-1.564407349E0,-9.296569824E0,-8.184051514E-1
2.148116294E1,-1.675048828E0,-9.214767456E0,-6.687316895E-1
2.148613731E1,-1.730758667E0,-9.163955688E0,-5.482177734E-1
2.149111167E1,-1.674789429E0,-9.102294922E0,-6.254882812E-1
2.149608604E1,-1.548522949E0,-9.132141113E0,-6.208801270E-1
2.150106040E1,-1.154785156E0,-9.108459473E0,-5.761871338E-1
2.150603477E1,-9.799041748E-1,-9.124389648E0,-7.315826416E-1
2.151100913E1,-1.533096313E0,-9.434616089E0,-1.016448975E0
2.151598350E1,-1.557189941E0,-9.672882080E0,-1.046234131E0
2.152095786E1,-1.287811279E0,-9.865066528E0,-9.322204590E-1
2.152593223E1,-9.757537842E-1,-1.007165527E1,-8.776550293E-1
2.153090660E1,-7.742614746E-1,-1.025851440E1,-9.039611816E-1
2.153588096E1,-6.767883301E-1,-1.042845154E1,-1.048553467E0
2.154085533E1,-5.929107666E-1,-1.057342529E1,-1.141998291E0
2.154582969E1,-4.639587402E-1,-1.068409729E1,-1.104324341E0
2.155080406E1,-3.743896484E-1,-1.079928589E1,-1.112396240E0
2.155577842E1,-3.861694336E-1,-1.083106995E1,-1.054870605E0
2.156075279E1,-3.591918945E-1,-1.087686157E1,-1.082214355E0
2.156572715E1,-2.735748291E-1,-1.079371643E1,-1.227127075E0
2.157070152E1,-1.143188477E-1,-1.060717773E1,-1.455383301E0
2.157567588E1,-1.268157959E-1,-1.043096924E1,-1.852600098E0
2.158065025E1,-1.437835693E-1,-1.022659302E1,-2.400405884E0
2.158562461E1,-1.202850342E-1,-9.948226929E0,-2.888351440E0
2.159059898E1,-7.890319824E-2,-9.665817261E0,-3.464172363E0
2.159557334E1,-8.430480957E-2,-9.384796143E0,-3.982742310E0
2.160054771E1,-8.158874512E-2,-9.145614624E0,-4.459533691E0
2.160552207E1,-1.566314697E-1,-8.867507935E0,-4.952743530E0
2.161049644E1,-2.856140137E-1,-8.601593018E0,-5.380142212E0
2.161547080E1,-4.577178955E-1,-8.308166504E0,-5.731811523E0
2.162044517E1,-6.670379639E-1,-7.990524292E0,-5.929748535E0
2.162541954E1,-7.962646484E-1,-7.670211792E0,-5.967193604E0
2.163039390E1,-9.053192139E-1,-7.403381348E0,-5.864044189E0
2.163536826E1,-9.657745361E-1,-7.186233521E0,-5.690246582E0
2.164034263E1,-8.831939697E-1,-7.095764160E0,-5.577987671E0
2.164531700E1,-6.707458496E-1,-7.138320923E0,-5.485244751E0
2.165029136E1,-4.058685303E-1,-7.302734375E0,-5.341903687E0
2.165526573E1,-1.780853271E-1,-7.525100708E0,-5.093597412E0
2.166024009E1,4.881286621E-2,-7.762420654E0,-4.698013306E0
2.166521446E1,2.981414795E-1,-8.016448975E0,-4.249572754E0
2.167018882E1,5.532073975E-1,-8.287017822E0,-3.841339111E0
2.167516319E1,8.562927246E-1,-8.550720215E0,-3.513671875E0
2.168013755E1,1.009384155E0,-8.893768311E0,-3.125213623E0
2.168511192E1,1.134796143E0,-9.351638794E0,-2.879241943E0
2.169008628E1,1.278396606E0,-9.794067383E0,-2.774276733E0
2.169506065E1,1.333816528E0,-1.034954834E1,-2.734100342E0
2.170003501E1,1.303649902E0,-1.095426941E1,-2.716659546E0
2.170500938E1,1.170852661E0,-1.147808838E1,-2.640106201E0
2.170998374E1,9.200439453E-1,-1.198864746E1,-2.632446289E0
2.171495811E1,6.285705566E-1,-1.247259521E1,-2.747222900E0
2.171993247E1,2.845458984E-1,-1.263732910E1,-2.870254517E0
2.172490684E1,1.540679932E-1,-1.248269653E1,-2.976684570E0
2.172988120E1,1.766204834E-1,-1.219923401E1,-3.120208740E0
2.173485557E1,4.481506348E-2,-1.188691711E1,-3.387329102E0
2.173982994E1,-2.264556885E-1,-1.165928650E1,-3.809616089E0
2.174480430E1,-3.557891846E-1,-1.152458191E1,-4.189559937E0
2.174977867E1,-5.699310303E-1,-1.149496460E1,-4.585205078E0
2.175475303E1,-7.979125977E-1,-1.153759766E1,-4.870147705E0
2.175972740E1,-1.075027466E0,-1.141812134E1,-5.116302490E0
2.176470176E1,-1.312347412E0,-1.098551941E1,-5.305114746E0
2.176967613E1,-1.412338257E0,-1.030541992E1,-5.405242920E0
2.177465049E1,-1.435211182E0,-9.522827148E0,-5.523681641E0
2.177962486E1,-1.410675049E0,-8.670593262E0,-5.629821777E0
2.178459922E1,-1.432205200E0,-7.985336304E0,-5.740783691E0
2.178957359E1,-1.575942993E0,-7.581253052E0,-5.750045776E0
2.179454795E1,-1.722625732E0,-7.432510376E0,-5.720596313E0
2.179952232E1,-1.847000122E0,-7.445404053E0,-5.719390869E0
2.180449668E1,-1.926330566E0,-7.535690308E0,-5.631072998E0
2.180947105E1,-2.030761719E0,-7.605407715E0,-5.558654785E0
2.181444541E1,-2.209884644E0,-7.606781006E0,-5.494857788E0
2.181941978E1,-2.429519653E0,-7.535934448E0,-5.444854736E0
2.182439414E1,-2.653823853E0,-7.359359741E0,-5.488174438E0
2.182936851E1,-2.735488892E0,-7.109207153E0,-5.620285034E0
2.183434288E1,-2.763504028E0,-6.892089844E0,-5.651260376E0
2.183931724E1,-2.823852539E0,-6.781417847E0,-5.537719727E0
2.184429161E1,-2.816741943E0,-6.770950317E0,-5.356033325E0
2.184926597E1,-2.842514038E0,-6.839126587E0,-5.047271729E0
2.185424034E1,-2.755294800E0,-7.019149780E0,-4.283157349E0
2.185921470E1,-2.406173706E0,-7.652557373E0,-3.019790649E0
2.186418907E1,-1.781280518E0,-8.402450562E0,-1.866790771E0
2.186916343E1,-9.320373535E-1,-8.980987549E0,-8.635253906E-1
2.187413780E1,1.206359863E-1,-9.364456177E0,7.490539551E-2
2.187911216E1,1.561996460E0,-9.673400879E0,8.596649170E-1
2.188408653E1,3.185348511E0,-9.807357788E0,1.217529297E0
2.188906089E1,4.664077759E0,-9.784057617E0,1.249053955E0
2.189403526E1,5.232116699E0,-9.956039429E0,4.598693848E-1
2.189900962E1,4.729507446E0,-1.032992554E1,-8.402709961E-1
2.190398399E1,3.201812744E0,-1.105915833E1,-2.808166504E0
2.190895835E1,5.448760986E-1,-1.211250305E1,-4.255081177E0
2.191393272E1,1.344604492E-1,-1.284658813E1,-5.080596924E0
2.191890708E1,1.515655518E0,-1.369918823E1,-5.166290283E0
2.192388145E1,2.646957397E0,-1.503381348E1,-4.589691162E0
2.192885581E1,2.871139526E0,-1.646432495E1,-3.752716064E0
2.193383018E1,2.130966187E0,-1.774749756E1,-2.714538574E0
2.193880454E1,9.518585205E-1,-1.853488159E1,-1.773071289E0
2.194377891E1,-5.709381104E-1,-1.872094727E1,-1.141662598E0
2.194875328E1,-1.565765381E0,-1.818206787E1,-5.800476074E-1
2.195372764E1,-1.228485107E0,-1.703688049E1,-9.523010254E-1
2.195870201E1,-4.426269531E-1,-1.559449768E1,-1.811218262E0
2.196367637E1,5.458679199E-1,-1.426808167E1,-2.439575195E0
2.196865074E1,6.524047852E-1,-1.327021790E1,-2.439819336E0
2.197362510E1,3.607788086E-1,-1.244483948E1,-2.299545288E0
2.197859947E1,-7.157897949E-2,-1.154884338E1,-2.132583618E0
2.198357383E1,-9.465942383E-1,-1.052342224E1,-1.576034546E0
2.198854820E1,-2.354766846E0,-9.768035889E0,-4.584960938E-1
2.199352256E1,-3.660675049E0,-9.446166992E0,1.032043457E0
2.199849693E1,-4.626327515E0,-9.070404053E0,2.981369019E0
2.200347129E1,-5.404067993E0,-8.960678101E0,3.714279175E0
2.200844566E1,-5.800460815E0,-8.781280518E0,3.301727295E0
2.201342002E1,-5.783462524E0,-8.569152832E0,2.997100830E0
2.201839439E1,-5.810653687E0,-8.287200928E0,2.756576538E0
2.202336875E1,-5.958389282E0,-8.119888306E0,1.939392090E0
2.202834312E1,-6.034408569E0,-8.242935181E0,3.683776855E-1
2.203331748E1,-6.011459351E0,-8.533462524E0,-1.796600342E0
2.203829185E1,-5.741043091E0,-8.757293701E0,-4.206604004E0
2.204326621E1,-5.019760132E0,-8.826477051E0,-6.436141968E0
2.204824058E1,-3.808059692E0,-8.827575684E0,-8.028778076E0
2.205321494E1,-2.723220825E0,-8.827636719E0,-8.822937012E0
2.205818931E1,-1.920471191E0,-8.855819702E0,-8.958465576E0
2.206316368E1,-1.203063965E0,-8.904190063E0,-8.382919312E0
2.206813804E1,-7.330322266E-1,-8.946517944E0,-7.232635498E0
2.207311241E1,-5.087432861E-1,-8.878738403E0,-5.688674927E0
2.207808677E1,-4.642181396E-1,-8.735275269E0,-3.982452393E0
2.208306114E1,-4.478912354E-1,-8.452743530E0,-2.235214233E0
2.208803550E1,-6.524505615E-1,-8.093460083E0,-5.904541016E-1
2.209300987E1,-7.926940918E-1,-7.686660767E0,1.796417236E0
2.209798423E1,-4.278717041E-1,-7.267852783E0,2.738601685E0
2.210295860E1,6.386108398E-1,-6.839233398E0,1.446533203E0
2.210793296E1,1.611419678E0,-6.527328491E0,-8.644714355E-1
2.211290733E1,2.082809448E0,-6.286224365E0,-2.699920654E0
2.211788169E1,2.295700073E0,-6.129684448E0,-3.456192017E0
2.212285606E1,2.266921997E0,-5.993225098E0,-3.599884033E0
2.212783042E1,2.381164551E0,-5.964004517E0,-3.490081787E0
2.213280479E1,2.534744263E0,-6.017974854E0,-3.562225342E0
2.213777915E1,2.476119995E0,-6.096771240E0,-3.718704224E0
2.214275352E1,2.091873169E0,-6.329238892E0,-3.839248657E0
2.214772788E1,1.578338623E0,-6.518844604E0,-3.856674194E0
2.215270225E1,1.179840088E0,-6.640274048E0,-3.809051514E0
2.215767662E1,8.620910645E-1,-6.744674683E0,-3.752395630E0
2.216265098E1,5.013427734E-1,-6.863464355E0,-3.685119629E0
2.216762534E1,3.213500977E-2,-6.964721680E0,-3.633300781E0
2.217259971E1,-3.867187500E-1,-7.075286865E0,-3.556350708E0
2.217757408E1,-8.892974854E-1,-7.220718384E0,-3.429672241E0
2.218254844E1,-1.445449829E0,-7.428115845E0,-3.289016724E0
2.218752281E1,-1.980239868E0,-7.646682739E0,-3.166473389E0
2.219249717E1,-2.611083984E0,-7.792449951E0,-3.049896240E0
2.219747154E1,-3.302047729E0,-7.880905151E0,-2.881103516E0
2.220244590E1,-3.943527222E0,-7.890075684E0,-2.721679688E0
2.220742027E1,-4.400711060E0,-7.815383911E0,-2.739028931E0
2.221239463E1,-4.740570068E0,-7.758895874E0,-3.103149414E0
2.221736900E1,-5.098022461E0,-7.786331177E0,-3.841140747E0
2.222234336E1,-5.621215820E0,-7.772018433E0,-4.692901611E0
2.222731773E1,-6.213241577E0,-7.680358887E0,-5.448043823E0
2.223229209E1,-6.476119995E0,-7.531402588E0,-6.086013794E0
2.223726646E1,-6.322341919E0,-7.417602539E0,-6.697967529E0
2.224224082E1,-5.903335571E0,-7.423004150E0,-7.431579590E0
2.224721519E1,-5.472045898E0,-7.553787231E0,-8.332748413E0
2.225218955E1,-5.160629272E0,-7.708267212E0,-9.162353516E0
2.225716392E1,-4.816680908E0,-7.821472168E0,-9.633483887E0
2.226213829E1,-4.095077515E0,-7.882553101E0,-9.588302612E0
2.226711265E1,-3.322250366E0,-7.927719116E0,-9.184143066E0
2.227208702E1,-2.626831055E0,-7.996276855E0,-8.651214600E0
2.227706138E1,-2.075820923E0,-8.022171021E0,-8.004364014E0
2.228203575E1,-1.653137207E0,-7.996612549E0,-7.324630737E0
2.228701011E1,-1.173431396E0,-8.006469727E0,-6.581161499E0
2.229198448E1,-9.155273438E-1,-8.102447510E0,-5.898269653E0
2.229695884E1,-8.722686768E-1,-8.277313232E0,-5.269897461E0
2.230193321E1,-1.132095337E0,-8.529266357E0,-4.726684570E0
2.230690757E1,-1.445434570E0,-8.792419434E0,-4.235488892E0
2.231188194E1,-2.122924805E0,-9.192398071E0,-3.825225830E0
2.231685630E1,-2.793533325E0,-9.869659424E0,-3.556396484E0
2.232183067E1,-3.266113281E0,-1.107368469E1,-3.423706055E0
2.232680503E1,-3.810333252E0,-1.287210083E1,-3.275360107E0
2.233177940E1,-4.452743530E0,-1.490826416E1,-2.871322632E0
2.233675376E1,-5.138214111E0,-1.682456970E1,-1.545349121E0
2.234172813E1,-5.644424438E0,-1.842762756E1,-1.907501221E-1
2.234670249E1,-6.007080078E0,-1.984381104E1,2.309875488E-1
2.235167686E1,-6.495651245E0,-2.070729065E1,-7.869567871E-1
2.235665122E1,-6.736572266E0,-2.078161621E1,-3.045806885E0
2.236162559E1,-6.452072144E0,-2.014987183E1,-5.111465454E0
2.236659996E1,-5.726989746E0,-1.894091797E1,-5.844757080E0
2.237157432E1,-4.521530151E0,-1.717901611E1,-5.298522949E0
2.237654869E1,-3.153869629E0,-1.512467957E1,-4.315628052E0
2.238152305E1,-2.055175781E0,-1.314881897E1,-3.558746338E0
2.238649742E1,-1.072875977E0,-1.148664856E1,-3.002578735E0
2.239147178E1,-5.239105225E-1,-1.020660400E1,-2.627960205E0
2.239644615E1,-5.802459717E-1,-9.045150757E0,-2.664779663E0
2.240142051E1,-4.359893799E-1,-7.796524048E0,-2.578155518E0
2.240639488E1,-7.279968262E-2,-6.652847290E0,-2.272689819E0
2.241136924E1,2.892150879E-1,-5.715255737E0,-2.083206177E0
2.241634361E1,6.177673340E-1,-4.936553955E0,-2.092910767E0
2.242131797E1,8.407592773E-1,-4.409118652E0,-2.007522583E0
2.242629234E1,1.071655273E0,-4.053970337E0,-1.851303101E0
2.243126670E1,1.629943848E0,-3.730926514E0,-1.815567017E0
2.243624107E1,2.340835571E0,-3.585937500E0,-1.792602539E0
2.244121543E1,2.844665527E0,-3.794998169E0,-1.720535278E0
2.244618980E1,2.887390137E0,-4.260269165E0,-1.609619141E0
2.245116416E1,2.774505615E0,-4.810150146E0,-1.693756104E0
2.245613853E1,2.419662476E0,-5.444793701E0,-1.668289185E0
2.246111289E1,1.630706787E0,-6.141448975E0,-1.582778931E0
2.246608726E1,1.154083252E0,-6.843841553E0,-1.817855835E0
2.247106162E1,8.199005127E-1,-7.633880615E0,-2.129760742E0
2.247603599E1,1.092056274E0,-8.293273926E0,-2.465423584E0
2.248101036E1,1.516586304E0,-8.892364502E0,-3.330352783E0
2.248598472E1,1.105590820E0,-9.591995239E0,-3.775817871E0
2.249095909E1,6.229858398E-1,-1.012364197E1,-4.041534424E0
2.249593345E1,2.128601074E-2,-1.043827820E1,-4.325164795E0
2.250090782E1,-1.729278564E-1,-1.059851074E1,-4.358993530E0
2.250588218E1,-4.259185791E-1,-1.085148621E1,-4.250869751E0
2.251085655E1,-4.270629883E-1,-1.120530701E1,-4.157241821E0
2.251583091E1,-4.832611084E-1,-1.136775208E1,-4.274337769E0
2.252080528E1,-6.593017578E-1,-1.131030273E1,-4.580841064E0
2.252577964E1,-1.634994507E0,-1.122457886E1,-4.272491455E0
2.253075401E1,-1.556594849E0,-1.102275085E1,-4.247039795E0
2.253572837E1,-5.985870361E-1,-1.082485962E1,-4.979980469E0
2.254070274E1,-1.416320801E-1,-1.068177795E1,-4.778686523E0
2.254567710E1,-1.113174438E0,-1.036495972E1,-3.737487793E0
2.255065147E1,-2.121963501E0,-9.994308472E0,-3.449905396E0
2.255562583E1,-2.339553833E0,-9.758895874E0,-3.890960693E0
2.256060020E1,-1.976837158E0,-9.537063599E0,-4.199234009E0
2.256557456E1,-1.613067627E0,-8.985824585E0,-4.590576172E0
2.257054893E1,-1.190750122E0,-8.437469482E0,-4.625198364E0
2.257552330E1,-7.488403320E-1,-8.101898193E0,-4.183868408E0
2.258049766E1,-3.234710693E-1,-7.864517212E0,-3.613494873E0
2.258547202E1,8.746337891E-2,-7.741546631E0,-3.160949707E0
2.259044639E1,5.285034180E-1,-7.699813843E0,-2.922409058E0
2.259542076E1,1.176422119E0,-7.755584717E0,-2.886383057E0
2.260039512E1,1.775131226E0,-7.922882080E0,-3.045654297E0
2.260536949E1,1.957244873E0,-8.110351562E0,-3.351119995E0
2.261034385E1,1.956298828E0,-8.282043457E0,-3.617340088E0
2.261531822E1,1.677841187E0,-8.545257568E0,-3.614013672E0
2.262029258E1,8.842468262E-1,-8.840347290E0,-2.901748657E0
2.262526695E1,-6.289672852E-2,-9.149490356E0,-1.748748779E0
2.263024131E1,-6.924591064E-1,-9.350296021E0,-9.411163330E-1
2.263521568E1,-6.903076172E-1,-9.379943848E0,-7.134399414E-1
2.264019004E1,-3.959197998E-1,-9.317108154E0,-9.354095459E-1
2.264516441E1,-4.074249268E-1,-9.259613037E0,-1.346038818E0
2.265013877E1,-6.040649414E-1,-9.204177856E0,-1.721572876E0
2.265511314E1,-6.620178223E-1,-8.979797363E0,-1.987960815E0
2.266008750E1,-7.139587402E-1,-8.751510620E0,-2.180801392E0
2.266506187E1,-7.812042236E-1,-8.539123535E0,-2.206588745E0
2.267003623E1,-8.498992920E-1,-8.372711182E0,-2.133544922E0
2.267501060E1,-1.016937256E0,-8.306869507E0,-2.091476440E0
2.267998496E1,-1.256835938E0,-8.332519531E0,-1.918411255E0
2.268495933E1,-1.234512329E0,-8.405868530E0,-1.575729370E0
2.268993370E1,-1.159683228E0,-8.573333740E0,-1.258117676E0
2.269490806E1,-1.195373535E0,-8.732437134E0,-1.106674194E0
2.269988243E1,-1.243591309E0,-8.918090820E0,-1.193862915E0
2.270485679E1,-1.212188721E0,-9.047515869E0,-1.323043823E0
2.270983116E1,-1.229843140E0,-9.215515137E0,-1.475906372E0
2.271480552E1,-1.146728516E0,-9.418853760E0,-1.683135986E0
2.271977989E1,-1.031784058E0,-9.696807861E0,-1.816406250E0
2.272475425E1,-9.945220947E-1,-1.004460144E1,-1.905395508E0
2.272972862E1,-9.251403809E-1,-1.042378235E1,-1.844329834E0
2.273470298E1,-7.489318848E-1,-1.063815308E1,-1.696594238E0
2.273967735E1,-5.409240723E-1,-1.077235413E1,-1.579238892E0
2.274465171E1,-3.524932861E-1,-1.073260498E1,-1.548645020E0
2.274962608E1,-2.504730225E-1,-1.057711792E1,-1.633728027E0
2.275460044E1,-1.188049316E-1,-1.034988403E1,-1.855545044E0
2.275957481E1,-2.407836914E-2,-1.011376953E1,-2.107482910E0
2.276454917E1,4.795837402E-2,-9.880264282E0,-2.385086060E0
2.276952354E1,7.385253906E-3,-9.729782104E0,-2.673675537E0
2.277449790E1,-1.277313232E-1,-9.641967773E0,-2.885604858E0
2.277947227E1,-1.941375732E-1,-9.553161621E0,-3.037857056E0
2.278444663E1,-2.279815674E-1,-9.456954956E0,-3.183181763E0
2.278942100E1,-2.790985107E-1,-9.361343384E0,-3.306961060E0
2.279439536E1,-3.090972900E-1,-9.245773315E0,-3.514053345E0
2.279936973E1,-3.117828369E-1,-9.101516724E0,-3.769912720E0
2.280434410E1,-3.104858398E-1,-8.875885010E0,-3.970794678E0
2.280931846E1,-3.050384521E-1,-8.588516235E0,-4.111770630E0
2.281429283E1,-3.017883301E-1,-8.274459839E0,-4.211456299E0
2.281926719E1,-3.017883301E-1,-7.982971191E0,-4.299758911E0
2.282424156E1,-3.035430908E-1,-7.772689819E0,-4.275375366E0
2.282921592E1,-3.151092529E-1,-7.676116943E0,-4.201232910E0
2.283419029E1,-3.052978516E-1,-7.749649048E0,-4.011245728E0
2.283916465E1,-2.743988037E-1,-7.894439697E0,-3.781860352E0
2.284413902E1,-1.452789307E-1,-8.090896606E0,-3.593612671E0
2.284911338E1,6.042480469E-2,-8.280319214E0,-3.503860474E0
2.285408775E1,2.656097412E-1,-8.471038818E0,-3.509338379E0
2.285906211E1,4.076843262E-1,-8.754653931E0,-3.581436157E0
2.286403648E1,6.615142822E-1,-8.987121582E0,-3.669479370E0
2.286901084E1,9.730529785E-1,-9.040237427E0,-3.694839478E0
2.287398521E1,1.248764038E0,-9.235153198E0,-3.673843384E0
2.287895957E1,1.306838989E0,-9.426864624E0,-3.541366577E0
2.288393394E1,1.236053467E0,-9.732727051E0,-3.314270020E0
2.288890830E1,1.171157837E0,-1.007830811E1,-3.159652710E0
2.289388267E1,1.091705322E0,-1.050915527E1,-3.064636230E0
2.289885704E1,9.874420166E-1,-1.089320374E1,-2.966735840E0
2.290383140E1,7.797698975E-1,-1.113163757E1,-2.925033569E0
2.290880576E1,7.924194336E-1,-1.112124634E1,-2.919036865E0
2.291378013E1,8.680267334E-1,-1.092669678E1,-2.972732544E0
2.291875450E1,1.012374878E0,-1.064173889E1,-3.121429443E0
2.292372886E1,1.234848022E0,-1.038619995E1,-3.471801758E0
2.292870323E1,1.068038940E0,-1.033291626E1,-4.246963501E0
2.293367759E1,7.594604492E-1,-1.054658508E1,-4.977935791E0
2.293865196E1,7.782745361E-1,-1.068086243E1,-5.313232422E0
2.294362632E1,7.709960938E-1,-1.068638611E1,-5.384826660E0
2.294860069E1,6.836853027E-1,-1.049229431E1,-5.545608521E0
2.295357505E1,4.658203125E-1,-1.008090210E1,-5.860382080E0
2.295854942E1,6.539916992E-2,-9.507476807E0,-6.237228394E0
2.296352378E1,-3.945617676E-1,-8.863952637E0,-6.490509033E0
2.296849815E1,-8.993377686E-1,-8.262863159E0,-6.635757446E0
2.297347251E1,-1.511474609E0,-7.840148926E0,-6.775817871E0
2.297844688E1,-2.149261475E0,-7.625686646E0,-6.929199219E0
2.298342124E1,-2.784484863E0,-7.559005737E0,-7.069137573E0
2.298839561E1,-3.390243530E0,-7.566040039E0,-7.145004272E0
2.299336997E1,-3.936676025E0,-7.641021729E0,-7.191787720E0
2.299834434E1,-4.509704590E0,-7.668029785E0,-6.969406128E0
2.300331870E1,-5.016464233E0,-7.589935303E0,-6.536376953E0
2.300829307E1,-5.238952637E0,-7.512985229E0,-6.234329224E0
2.301326744E1,-5.254180908E0,-7.499069214E0,-5.961334229E0
2.301824180E1,-5.208023071E0,-7.554534912E0,-5.529037476E0
2.302321617E1,-5.098068237E0,-7.689712524E0,-4.889038086E0
2.302819053E1,-4.874206543E0,-7.875061035E0,-4.101501465E0
2.303316490E1,-4.137313843E0,-8.313186646E0,-2.828231812E0
2.303813926E1,-3.261016846E0,-9.390075684E0,-9.661560059E-1
2.304311363E1,-2.021682739E0,-1.043586731E1,5.796966553E-1
2.304808799E1,-5.169982910E-1,-1.142822266E1,2.032958984E0
2.305306236E1,1.157180786E0,-1.241229248E1,3.460266113E0
2.305803672E1,3.257019043E0,-1.327162170E1,4.302932739E0
2.306301109E1,5.112075806E0,-1.378967285E1,3.656799316E0
2.306798545E1,5.999969482E0,-1.420605469E1,1.194168091E0
2.307295982E1,5.700271606E0,-1.467036438E1,-2.380767822E0
2.307793418E1,4.838745117E0,-1.497668457E1,-4.811355591E0
2.308290855E1,4.738616943E0,-1.534661865E1,-5.646392822E0
2.308788291E1,3.245666504E0,-1.605862427E1,-5.812271118E0
2.309285728E1,2.317626953E0,-1.684344482E1,-5.675918579E0
2.309783164E1,2.268127441E0,-1.765832520E1,-4.841857910E0
2.310280601E1,2.035003662E0,-1.810177612E1,-3.877151489E0
2.310778038E1,1.476852417E0,-1.771711731E1,-3.020599365E0
2.311275474E1,3.156280518E-1,-1.648597717E1,-2.132797241E0
2.311772911E1,-1.018630981E0,-1.488749695E1,-1.511489868E0
2.312270347E1,-1.703521729E0,-1.328807068E1,-1.695785522E0
2.312767784E1,-1.719726562E0,-1.201043701E1,-2.139221191E0
2.313265220E1,-9.544830322E-1,-1.122019958E1,-1.633163452E0
2.313762657E1,-2.663116455E-1,-1.056346130E1,-9.746856689E-1
2.314260093E1,-7.142944336E-1,-9.916183472E0,-6.937713623E-1
2.314757530E1,-1.311920166E0,-9.459411621E0,-1.059890747E0
2.315254966E1,-1.518310547E0,-9.093856812E0,-1.638259888E0
2.315752403E1,-2.589569092E0,-8.571807861E0,-1.395721436E0
2.316249839E1,-4.343292236E0,-8.140563965E0,-1.139678955E-1
2.316747276E1,-5.340744019E0,-7.904525757E0,1.687438965E0
2.317244712E1,-6.308822632E0,-7.760818481E0,3.105789185E0
2.317742149E1,-6.825592041E0,-7.966857910E0,3.117126465E0
2.318239585E1,-6.614318848E0,-8.398651123E0,2.639205933E0
2.318737022E1,-6.291366577E0,-8.566009521E0,2.547134399E0
2.319234458E1,-5.924148560E0,-8.439559937E0,2.404006958E0
2.319731895E1,-5.538238525E0,-8.520507812E0,1.584945679E0
2.320229331E1,-4.872741699E0,-8.803436279E0,9.501647949E-2
2.320726768E1,-3.868164062E0,-9.070861816E0,-1.847961426E0
2.321224204E1,-2.864761353E0,-9.263687134E0,-4.044342041E0
2.321721641E1,-1.935577393E0,-9.444488525E0,-6.117202759E0
2.322219078E1,-1.153549194E0,-9.630203247E0,-7.777481079E0
2.322716514E1,-3.005828857E-1,-9.749084473E0,-8.701477051E0
2.323213951E1,2.693023682E-1,-9.860885620E0,-8.720916748E0
2.323711387E1,5.596160889E-1,-9.915206909E0,-8.129730225E0
2.324208824E1,6.082000732E-1,-9.928466797E0,-7.022735596E0
2.324706260E1,4.463958740E-1,-9.795532227E0,-5.715545654E0
2.325203697E1,2.627716064E-1,-9.570556641E0,-4.388809204E0
2.325701133E1,-1.044769287E-1,-9.193145752E0,-2.781478882E0
2.326198570E1,-2.103271484E-1,-8.696823120E0,-8.349151611E-1
2.326696006E1,-3.408050537E-1,-8.243453979E0,1.374588013E0
2.327193443E1,-6.472320557E-1,-7.803115845E0,3.937820435E0
2.327690879E1,-2.846069336E-1,-7.421600342E0,4.092651367E0
2.328188316E1,5.608978271E-1,-7.011703491E0,1.913772583E0
2.328685752E1,1.232101440E0,-6.739700317E0,-8.699951172E-1
2.329183189E1,1.573654175E0,-6.584335327E0,-2.788681030E0
2.329680625E1,1.591308594E0,-6.524246216E0,-3.665618896E0
2.330178062E1,1.664566040E0,-6.564132690E0,-3.902877808E0
2.330675498E1,1.815917969E0,-6.585571289E0,-3.926773071E0
2.331172935E1,1.929580688E0,-6.511352539E0,-4.013092041E0
2.331670371E1,1.940826416E0,-6.481781006E0,-4.096603394E0
2.332167808E1,1.701278687E0,-6.474304199E0,-4.045318604E0
2.332665244E1,1.291595459E0,-6.441986084E0,-3.877716064E0
2.333162681E1,7.647399902E-1,-6.387969971E0,-3.688339233E0
2.333660118E1,2.015838623E-1,-6.335494995E0,-3.511962891E0
2.334157554E1,-2.446289062E-1,-6.300323486E0,-3.332153320E0
2.334654991E1,-6.336517334E-1,-6.291137695E0,-3.177932739E0
2.335152427E1,-1.161560059E0,-6.347244263E0,-3.012832642E0
2.335649864E1,-1.794372559E0,-6.350051880E0,-2.772201538E0
2.336147300E1,-2.255279541E0,-6.318054199E0,-2.486526489E0
2.336644737E1,-2.564483643E0,-6.320083618E0,-2.276184082E0
2.337142173E1,-2.871368408E0,-6.349365234E0,-2.246322632E0
2.337639610E1,-3.133331299E0,-6.417846680E0,-2.479660034E0
2.338137046E1,-3.345825195E0,-6.550231934E0,-3.023757935E0
2.338634483E1,-3.640472412E0,-6.678497314E0,-3.809951782E0
2.339131919E1,-3.850494385E0,-6.750518799E0,-4.656036377E0
2.339629356E1,-3.976699829E0,-6.776382446E0,-5.395629883E0
2.340126792E1,-3.991195679E0,-6.756256104E0,-5.914672852E0
2.340624229E1,-3.742126465E0,-6.735733032E0,-6.227386475E0
2.341121665E1,-3.537200928E0,-6.849639893E0,-6.428741455E0
2.341619102E1,-3.421081543E0,-7.016998291E0,-6.558273315E0
2.342116538E1,-3.428131104E0,-7.325775146E0,-6.817245483E0
2.342613975E1,-3.790725708E0,-7.648315430E0,-7.152816772E0
2.343111412E1,-4.163040161E0,-7.998382568E0,-7.533813477E0
2.343608848E1,-4.342376709E0,-8.208450317E0,-8.062118530E0
2.344106284E1,-4.114852905E0,-8.351165771E0,-8.646087646E0
2.344603721E1,-3.745056152E0,-8.486190796E0,-9.191696167E0
2.345101158E1,-3.560302734E0,-8.497741699E0,-9.615676880E0
2.345598594E1,-3.441726685E0,-8.487380981E0,-9.916992188E0
2.346096031E1,-3.341674805E0,-8.607040405E0,-1.004016113E1
2.346593467E1,-3.501510620E0,-8.867782593E0,-1.000001526E1
2.347090904E1,-3.892013550E0,-9.182235718E0,-9.663482666E0
2.347588340E1,-4.184143066E0,-9.536026001E0,-8.885498047E0
2.348085777E1,-4.126739502E0,-9.969223022E0,-7.797058105E0
2.348583213E1,-4.224227905E0,-1.077085876E1,-6.733352661E0
2.349080650E1,-4.434112549E0,-1.199563599E1,-5.704528809E0
2.349578086E1,-4.797592163E0,-1.369744873E1,-4.629074097E0
2.350075523E1,-5.413253784E0,-1.549899292E1,-3.430862427E0
2.350572959E1,-6.198699951E0,-1.722117615E1,-1.145172119E0
2.351070396E1,-7.210586548E0,-1.923605347E1,3.132690430E0
2.351567832E1,-7.930267334E0,-2.088374329E1,5.052459717E0
2.352065269E1,-7.649658203E0,-2.124099731E1,2.525024414E0
2.352562705E1,-6.617446899E0,-2.041558838E1,-1.904602051E0
2.353060142E1,-5.543167114E0,-1.930541992E1,-4.464111328E0
2.353557579E1,-4.653656006E0,-1.781283569E1,-4.790252686E0
2.354055015E1,-3.655319214E0,-1.579028320E1,-3.978927612E0
2.354552452E1,-2.394058228E0,-1.371086121E1,-3.009582520E0
2.355049888E1,-1.486984253E0,-1.205757141E1,-2.312637329E0
2.355547325E1,-1.462951660E0,-1.092517090E1,-1.781921387E0
2.356044761E1,-1.926147461E0,-1.016117859E1,-1.276321411E0
2.356542198E1,-2.232788086E0,-9.548751831E0,-8.003692627E-1
2.357039634E1,-2.168136597E0,-8.796997070E0,-5.286102295E-1
2.357537071E1,-1.766418457E0,-7.861160278E0,-3.614501953E-1
2.358034507E1,-1.063079834E0,-7.272781372E0,-5.084991455E-1
2.358531944E1,-4.342346191E-1,-7.075302124E0,-7.032165527E-1
2.359029380E1,6.793060303E-1,-6.861526489E0,-6.529235840E-1
2.359526817E1,2.058273315E0,-6.536666870E0,-5.259552002E-1
2.360024253E1,3.310623169E0,-6.201828003E0,-4.311370850E-1
2.360521690E1,3.663024902E0,-5.968917847E0,-3.948364258E-1
2.361019126E1,3.464385986E0,-5.925140381E0,-3.352203369E-1
2.361516563E1,2.879028320E0,-6.038070679E0,-3.029479980E-1
2.362013999E1,2.221878052E0,-6.436767578E0,-2.606811523E-1
2.362511436E1,2.909667969E0,-6.814666748E0,-1.671905518E-1
2.363008872E1,3.919784546E0,-7.323379517E0,-4.743194580E-1
2.363506309E1,3.798126221E0,-8.526504517E0,-2.067749023E0
2.364003746E1,3.351730347E0,-9.712463379E0,-3.534881592E0
2.364501182E1,2.562515259E0,-1.080101013E1,-4.126770020E0
2.364998619E1,1.927200317E0,-1.158908081E1,-3.656127930E0
2.365496055E1,1.098052979E0,-1.209602356E1,-3.541061401E0
2.365993492E1,1.627105713E0,-1.172671509E1,-4.970016479E0
2.366490928E1,1.386871338E0,-1.122567749E1,-6.606307983E0
2.366988365E1,-3.578186035E-2,-1.074360657E1,-5.834274292E0
2.367485801E1,1.740875244E-1,-9.611923218E0,-6.959854126E0
2.367983238E1,2.356674194E0,-8.673614502E0,-9.079620361E0
2.368480674E1,3.032760620E0,-8.244323730E0,-9.413055420E0
2.368978111E1,2.332580566E0,-8.177200317E0,-8.202896118E0
2.369475547E1,1.517410278E0,-8.313110352E0,-6.859741211E0
2.369972984E1,6.968231201E-1,-8.611419678E0,-5.422210693E0
2.370470420E1,3.040466309E-1,-8.945617676E0,-3.915023804E0
2.370967857E1,6.026000977E-1,-8.968231201E0,-3.564346313E0
2.371465293E1,1.596694946E0,-8.768508911E0,-4.193954468E0
2.371962730E1,2.832458496E0,-8.487182617E0,-4.847503662E0
2.372460166E1,3.898269653E0,-8.213073730E0,-5.263809204E0
2.372957603E1,4.118743896E0,-8.044387817E0,-5.424804688E0
2.373455039E1,3.491653442E0,-8.007934570E0,-5.333099365E0
2.373952476E1,2.458435059E0,-8.046966553E0,-4.942840576E0
2.374449912E1,1.359863281E0,-8.100677490E0,-4.288711548E0
2.374947349E1,-9.628295898E-3,-8.193664551E0,-3.382095337E0
2.375444786E1,-1.593582153E0,-8.312149048E0,-1.971603394E0
2.375942222E1,-2.939422607E0,-8.408843994E0,-4.321899414E-1
2.376439659E1,-3.484634399E0,-8.420639038E0,5.684967041E-1
2.376937095E1,-3.472946167E0,-8.465484619E0,7.050781250E-1
2.377434532E1,-3.475784302E0,-8.666854858E0,1.144104004E-1
2.377931968E1,-3.386306763E0,-8.908065796E0,-7.862091064E-1
2.378429405E1,-3.048461914E0,-9.035675049E0,-1.449691772E0
2.378926841E1,-2.733383179E0,-9.184753418E0,-1.665405273E0
2.379424278E1,-2.310363770E0,-9.309371948E0,-1.556686401E0
2.379921714E1,-1.977310181E0,-9.498352051E0,-1.312927246E0
2.380419151E1,-1.611328125E0,-9.607131958E0,-1.145599365E0
2.380916587E1,-1.401855469E0,-9.742309570E0,-1.228179932E0
2.381414024E1,-1.215316772E0,-9.846328735E0,-1.311935425E0
2.381911460E1,-1.001251221E0,-9.988342285E0,-1.316909790E0
2.382408897E1,-8.822631836E-1,-1.008110046E1,-1.262573242E0
2.382906333E1,-7.978057861E-1,-1.005401611E1,-1.238586426E0
2.383403770E1,-6.508789062E-1,-1.009254456E1,-1.095367432E0
2.383901206E1,-2.666778564E-1,-1.004515076E1,-9.386749268E-1
2.384398643E1,-1.163177490E-1,-9.977371216E0,-9.581298828E-1
2.384896080E1,-4.433746338E-1,-1.009684753E1,-1.181594849E0
2.385393516E1,-5.919342041E-1,-1.010034180E1,-1.303680420E0
2.385890952E1,-7.127685547E-1,-1.010284424E1,-1.386535645E0
2.386388389E1,-5.983276367E-1,-1.003279114E1,-1.612426758E0
2.386885826E1,-3.118896484E-1,-9.834381104E0,-1.942687988E0
2.387383262E1,-2.724456787E-1,-9.714935303E0,-2.312911987E0
2.387880699E1,-4.324645996E-1,-9.581954956E0,-2.728042603E0
2.388378135E1,-6.111145020E-1,-9.444503784E0,-3.187988281E0
2.388875572E1,-6.621551514E-1,-9.264953613E0,-3.577987671E0
2.389373008E1,-6.394653320E-1,-9.040328979E0,-3.903106689E0
2.389870445E1,-5.239562988E-1,-8.807510376E0,-4.197006226E0
2.390367881E1,-4.054870605E-1,-8.616516113E0,-4.453002930E0
2.390865318E1,-4.100646973E-1,-8.494491577E0,-4.604598999E0
2.391362754E1,-4.100952148E-1,-8.351669312E0,-4.618194580E0
2.391860191E1,-3.255310059E-1,-8.150848389E0,-4.583847046E0
2.392357627E1,-2.379760742E-1,-7.902648926E0,-4.497741699E0
2.392855064E1,-1.533508301E-1,-7.658142090E0,-4.333282471E0
2.393352500E1,-2.044677734E-2,-7.481643677E0,-4.198562622E0
2.393849937E1,1.320800781E-1,-7.397430420E0,-4.111999512E0
2.394347373E1,2.687377930E-1,-7.419082642E0,-3.995025635E0
2.394844810E1,3.974456787E-1,-7.521102905E0,-3.812637329E0
2.395342246E1,3.803405762E-1,-7.723190308E0,-3.574661255E0
2.395839683E1,2.703399658E-1,-8.053482056E0,-3.291671753E0
2.396337120E1,1.518554688E-1,-8.397171021E0,-2.993148804E0
2.396834556E1,-3.692626953E-2,-8.808242798E0,-2.750701904E0
2.397331993E1,-1.720123291E-1,-9.293838501E0,-2.546447754E0
2.397829429E1,-1.168670654E-1,-9.720306396E0,-2.440673828E0
2.398326866E1,9.767150879E-2,-1.011528015E1,-2.389572144E0
2.398824302E1,2.585906982E-1,-1.051589966E1,-2.365478516E0
2.399321739E1,3.131408691E-1,-1.096630859E1,-2.322830200E0
2.399819175E1,5.697326660E-1,-1.132386780E1,-2.205200195E0
2.400316612E1,8.147125244E-1,-1.155226135E1,-2.090927124E0
2.400814048E1,8.687591553E-1,-1.175904846E1,-2.087158203E0
2.401311485E1,9.150238037E-1,-1.187179565E1,-2.190032959E0
2.401808921E1,9.403839111E-1,-1.191184998E1,-2.438568115E0
2.402306358E1,9.883880615E-1,-1.176850891E1,-2.738098145E0
2.402803794E1,1.000000000E0,-1.159529114E1,-3.128906250E0
2.403301231E1,9.561462402E-1,-1.149134827E1,-3.628997803E0
2.403798667E1,8.905181885E-1,-1.152319336E1,-4.253738403E0
2.404296104E1,8.347015381E-1,-1.160002136E1,-4.747741699E0
2.404793540E1,6.646728516E-1,-1.167361450E1,-5.078018188E0
2.405290977E1,4.515380859E-1,-1.162242126E1,-5.213638306E0
2.405788413E1,1.095581055E-1,-1.158375549E1,-5.334625244E0
2.406285850E1,-1.708374023E-1,-1.139379883E1,-5.320587158E0
2.406783286E1,-3.455352783E-1,-1.089912415E1,-5.240234375E0
2.407280723E1,-4.016571045E-1,-1.018786621E1,-5.246673584E0
2.407778160E1,-4.763336182E-1,-9.514389038E0,-5.350082397E0
2.408275596E1,-5.904388428E-1,-8.996047974E0,-5.498794556E0
2.408773033E1,-7.837677002E-1,-8.689987183E0,-5.618820190E0
2.409270469E1,-9.953460693E-1,-8.544891357E0,-5.710311890E0
2.409767906E1,-1.211380005E0,-8.450393677E0,-5.821502686E0
2.410265342E1,-1.449340820E0,-8.326812744E0,-5.930236816E0
2.410762779E1,-1.783050537E0,-8.168212891E0,-5.971466064E0
2.411260215E1,-2.172988892E0,-8.003585815E0,-6.085205078E0
2.411757652E1,-2.561599731E0,-7.742706299E0,-6.187835693E0
2.412255088E1,-2.948242188E0,-7.398406982E0,-6.119323730E0
2.412752525E1,-3.203979492E0,-7.092910767E0,-5.936264038E0
2.413249961E1,-3.317382812E0,-6.875076294E0,-5.759292603E0
2.413747398E1,-3.256011963E0,-6.751937866E0,-5.558563232E0
2.414244834E1,-3.189254761E0,-6.779525757E0,-5.192794800E0
2.414742271E1,-3.136810303E0,-6.908004761E0,-4.699569702E0
2.415239707E1,-3.122558594E0,-7.112258911E0,-4.184631348E0
2.415737144E1,-3.141067505E0,-7.273574829E0,-3.527267456E0
2.416234580E1,-3.261352539E0,-7.336196899E0,-2.657348633E0
2.416732017E1,-3.056823730E0,-7.489669800E0,-1.365509033E0
2.417229454E1,-2.616638184E0,-8.101760864E0,4.344177246E-2
2.417726890E1,-1.774932861E0,-8.751342773E0,1.235733032E0
2.418224326E1,-2.068786621E-1,-9.223419189E0,2.024230957E0
2.418721763E1,1.799423218E0,-9.675567627E0,2.601135254E0
2.419219200E1,3.794158936E0,-1.032955933E1,3.127899170E0
2.419716636E1,5.304809570E0,-1.099996948E1,2.262176514E0
2.420214073E1,5.770675659E0,-1.200106812E1,-8.666992188E-2
2.420711509E1,5.229125977E0,-1.305244446E1,-3.016891479E0
2.421208946E1,5.442916870E0,-1.384242249E1,-5.645889282E0
2.421706382E1,4.458389282E0,-1.455323792E1,-6.403640747E0
2.422203819E1,2.331665039E0,-1.532980347E1,-6.229278564E0
2.422701255E1,3.335571289E-2,-1.636724854E1,-6.114379883E0
2.423198692E1,-7.887268066E-2,-1.678523254E1,-6.194686890E0
2.423696128E1,-7.244873047E-2,-1.691172791E1,-5.717315674E0
2.424193565E1,-6.710052490E-1,-1.673927307E1,-4.672164917E0
2.424691001E1,-1.040466309E0,-1.605142212E1,-3.690505981E0
2.425188438E1,-1.434600830E0,-1.512092590E1,-3.106613159E0
2.425685874E1,-1.304122925E0,-1.427056885E1,-2.798431396E0
2.426183311E1,-6.331634521E-1,-1.350985718E1,-2.865966797E0
2.426680747E1,-2.931976318E-1,-1.266694641E1,-2.737579346E0
2.427178184E1,-9.111633301E-1,-1.178749084E1,-2.639343262E0
2.427675620E1,-1.514312744E0,-1.097012329E1,-2.808868408E0
2.428173057E1,-1.705215454E0,-1.026118469E1,-2.593338013E0
2.428670494E1,-2.314163208E0,-9.680252075E0,-1.518127441E0
2.429167930E1,-3.840301514E0,-9.251937866E0,3.220672607E-1
2.429665367E1,-5.025451660E0,-9.381011963E0,2.502807617E0
2.430162803E1,-5.338317871E0,-9.677017212E0,4.007446289E0
2.430660240E1,-5.423309326E0,-9.542755127E0,4.807083130E0
2.431157676E1,-5.103515625E0,-9.490844727E0,5.372604370E0
2.431655113E1,-5.118835449E0,-9.532546997E0,5.711654663E0
2.432152549E1,-5.433639526E0,-9.415100098E0,5.428527832E0
2.432649986E1,-5.422927856E0,-9.315689087E0,4.289886475E0
2.433147422E1,-4.890853882E0,-9.404449463E0,2.394653320E0
2.433644859E1,-4.235748291E0,-9.621109009E0,-6.805419922E-2
2.434142295E1,-3.507461548E0,-9.748123169E0,-2.990539551E0
2.434639732E1,-2.806671143E0,-9.765258789E0,-5.965530396E0
2.435137168E1,-2.194793701E0,-9.684509277E0,-8.643051147E0
2.435634605E1,-1.588684082E0,-9.522445679E0,-1.048898315E1
2.436132041E1,-1.282241821E0,-9.243209839E0,-1.129209900E1
2.436629478E1,-1.047866821E0,-8.921035767E0,-1.100483704E1
2.437126914E1,-7.028656006E-1,-8.613403320E0,-9.681198120E0
2.437624351E1,-7.638702393E-1,-8.341064453E0,-7.675445557E0
2.438121788E1,-9.568939209E-1,-8.097686768E0,-5.553009033E0
2.438619224E1,-1.110961914E0,-7.870742798E0,-3.480072021E0
2.439116661E1,-1.191513062E0,-7.578292847E0,-1.587158203E0
2.439614097E1,-1.000564575E0,-7.175140381E0,-2.938842773E-2
2.440111534E1,-5.480651855E-1,-6.708602905E0,1.704589844E0
2.440608970E1,2.445373535E-1,-6.208755493E0,1.474929810E0
2.441106407E1,1.069717407E0,-5.843734741E0,-2.270202637E-1
2.441603843E1,1.487228394E0,-5.668853760E0,-2.098815918E0
2.442101280E1,1.747833252E0,-5.642929077E0,-3.271804810E0
2.442598716E1,1.886001587E0,-5.699737549E0,-3.655303955E0
2.443096153E1,2.036651611E0,-5.776626587E0,-3.621078491E0
2.443593589E1,2.126419067E0,-5.957778931E0,-3.575256348E0
2.444091026E1,2.089126587E0,-6.219070435E0,-3.578186035E0
2.444588462E1,1.915588379E0,-6.487518311E0,-3.606018066E0
2.445085899E1,1.568832397E0,-6.757583618E0,-3.655227661E0
2.445583335E1,1.263732910E0,-6.972656250E0,-3.671890259E0
2.446080772E1,1.023620605E0,-7.087463379E0,-3.549118042E0
2.446578208E1,7.372741699E-1,-7.158996582E0,-3.292633057E0
2.447075645E1,3.358764648E-1,-7.174255371E0,-2.938385010E0
2.447573081E1,-6.974792480E-2,-7.127395630E0,-2.500991821E0
2.448070518E1,-6.091613770E-1,-7.100051880E0,-1.942291260E0
2.448567954E1,-1.329345703E0,-7.126022339E0,-1.390090942E0
2.449065391E1,-2.051925659E0,-7.130935669E0,-9.898223877E-1
2.449562828E1,-2.849868774E0,-7.039398193E0,-9.039916992E-1
2.450060264E1,-3.426055908E0,-6.830383301E0,-1.332778931E0
2.450557701E1,-3.586273193E0,-6.601379395E0,-2.343505859E0
2.451055137E1,-3.653869629E0,-6.417358398E0,-3.666961670E0
2.451552574E1,-3.963806152E0,-6.335632324E0,-5.010101318E0
2.452050010E1,-4.536590576E0,-6.402236938E0,-6.078445435E0
2.452547447E1,-5.148849487E0,-6.542434692E0,-6.723098755E0
2.453044883E1,-5.609985352E0,-6.524871826E0,-7.024063110E0
2.453542320E1,-5.497100830E0,-6.512527466E0,-7.163208008E0
2.454039756E1,-5.203231812E0,-6.638275146E0,-7.236297607E0
2.454537193E1,-4.981384277E0,-6.927200317E0,-7.478378296E0
2.455034629E1,-4.980651855E0,-7.332809448E0,-7.948699951E0
2.455532066E1,-5.159286499E0,-7.804977417E0,-8.391372681E0
2.456029502E1,-5.036651611E0,-8.296356201E0,-8.809661865E0
2.456526939E1,-4.705154419E0,-8.751754761E0,-9.251754761E0
2.457024375E1,-4.351623535E0,-9.075851440E0,-9.706817627E0
2.457521812E1,-4.163345337E0,-9.248428345E0,-1.009445190E1
2.458019248E1,-3.561676025E0,-9.391754150E0,-1.031683350E1
2.458516685E1,-2.902984619E0,-9.465957642E0,-9.983139038E0
2.459014121E1,-2.720916748E0,-9.370040894E0,-9.395004272E0
2.459511558E1,-2.723968506E0,-9.522506714E0,-8.598831177E0
2.460008994E1,-2.991714478E0,-9.924407959E0,-7.679321289E0
2.460506431E1,-3.455703735E0,-1.040957642E1,-6.729354858E0
2.461003868E1,-3.724609375E0,-1.099372864E1,-5.841873169E0
2.461501304E1,-4.103591919E0,-1.191539001E1,-4.979156494E0
2.461998741E1,-4.368072510E0,-1.339282227E1,-3.952438354E0
2.462496177E1,-4.782318115E0,-1.523579407E1,-2.392425537E0
2.462993614E1,-5.417877197E0,-1.735377502E1,7.610321045E-1
2.463491050E1,-5.996688843E0,-1.929225159E1,4.432052612E0
2.463988487E1,-6.106369019E0,-2.043986511E1,5.724258423E0
2.464485923E1,-5.414993286E0,-2.028387451E1,2.861572266E0
2.464983360E1,-4.346649170E0,-1.945959473E1,-1.764816284E0
2.465480796E1,-3.610626221E0,-1.916383362E1,-4.534744263E0
2.465978233E1,-3.109375000E0,-1.892951965E1,-5.353118896E0
2.466475669E1,-2.518417358E0,-1.819920349E1,-4.958251953E0
2.466973106E1,-1.553710938E0,-1.655335999E1,-4.265090942E0
2.467470542E1,-2.913513184E-1,-1.406201172E1,-3.503723145E0
2.467967979E1,4.651947021E-1,-1.152310181E1,-2.736953735E0
2.468465415E1,3.727264404E-1,-9.586746216E0,-2.348922729E0
2.468962852E1,-1.411590576E-1,-8.090209961E0,-2.248886108E0
2.469460288E1,-5.550231934E-1,-6.774154663E0,-2.159271240E0
2.469957725E1,-8.012084961E-1,-5.628540039E0,-2.011779785E0
2.470455162E1,-7.440490723E-1,-4.659805298E0,-1.864471436E0
2.470952598E1,-6.018524170E-1,-3.918792725E0,-1.897338867E0
2.471450034E1,-6.085205078E-1,-3.411300659E0,-2.121627808E0
2.471947471E1,-4.074096680E-1,-3.196914673E0,-2.462799072E0
2.472444908E1,-1.354522705E-1,-3.318588257E0,-2.511184692E0
2.472942344E1,3.350524902E-1,-3.496398926E0,-2.500488281E0
2.473439781E1,8.861541748E-1,-3.752716064E0,-2.426025391E0
2.473937217E1,1.292678833E0,-4.138107300E0,-2.156311035E0
2.474434654E1,1.880920410E0,-4.659454346E0,-1.930603027E0
2.474932090E1,2.080169678E0,-5.286972046E0,-1.721450806E0
2.475429527E1,2.048095703E0,-5.923110962E0,-1.708541870E0
2.475926963E1,2.017272949E0,-6.648086548E0,-1.857040405E0
2.476424400E1,2.188049316E0,-7.432571411E0,-2.232589722E0
2.476921836E1,2.743011475E0,-8.317245483E0,-2.095153809E0
2.477419273E1,2.316497803E0,-9.397872925E0,-2.418731689E0
2.477916709E1,1.545471191E0,-1.051564026E1,-2.959823608E0
2.478414146E1,8.318023682E-1,-1.151139832E1,-3.753692627E0
2.478911582E1,4.312133789E-1,-1.241656494E1,-3.685272217E0
2.479409019E1,2.674255371E-1,-1.329138184E1,-3.495468140E0
2.479906455E1,-3.318939209E-1,-1.374952698E1,-3.437454224E0
2.480403892E1,-9.509429932E-1,-1.381219482E1,-2.834976196E0
2.480901329E1,-9.909973145E-1,-1.335018921E1,-3.055557251E0
2.481398765E1,-8.196563721E-1,-1.286590576E1,-3.008789062E0
2.481896202E1,-2.412414551E-2,-1.199903870E1,-3.669464111E0
2.482393638E1,1.290420532E0,-1.104473877E1,-5.535736084E0
2.482891075E1,6.996154785E-1,-1.030581665E1,-6.141479492E0
2.483388511E1,-2.552337646E-1,-9.658187866E0,-6.234252930E0
2.483885948E1,-9.950866699E-1,-9.199111938E0,-5.943038940E0
2.484383384E1,-1.409179688E0,-8.683273315E0,-5.821456909E0
2.484880821E1,-1.447753906E0,-8.036056519E0,-6.008316040E0
2.485378257E1,-1.516830444E0,-7.436828613E0,-6.094146729E0
2.485875694E1,-1.539321899E0,-7.035751343E0,-5.886337280E0
2.486373130E1,-1.318099976E0,-6.874389648E0,-5.323379517E0
2.486870567E1,-9.756011963E-1,-6.905853271E0,-4.640365601E0
2.487368003E1,-5.710449219E-1,-7.041641235E0,-3.854797363E0
2.487865440E1,-8.523559570E-2,-7.298522949E0,-2.944198608E0
2.488362876E1,4.296875000E-1,-7.583831787E0,-2.362121582E0
2.488860313E1,9.723968506E-1,-7.729797363E0,-2.549697876E0
2.489357749E1,1.373016357E0,-7.816467285E0,-3.255004883E0
2.489855186E1,1.467086792E0,-7.966049194E0,-3.508270264E0
2.490352622E1,1.258255005E0,-8.170120239E0,-3.059570312E0
2.490850059E1,6.435546875E-1,-8.409545898E0,-2.598114014E0
2.491347496E1,-4.930114746E-2,-8.672317505E0,-2.298492432E0
2.491844932E1,-5.957031250E-1,-8.953659058E0,-2.104431152E0
2.492342369E1,-1.045547485E0,-9.173843384E0,-2.032180786E0
2.492839805E1,-1.291580200E0,-9.325958252E0,-2.007766724E0
2.493337242E1,-1.464660645E0,-9.440216064E0,-1.920181274E0
2.493834678E1,-1.643920898E0,-9.538131714E0,-1.730621338E0
2.494332115E1,-1.963577271E0,-9.658554077E0,-1.602539062E0
2.494829551E1,-2.383728027E0,-9.709381104E0,-1.510910034E0
2.495326988E1,-2.610336304E0,-9.648254395E0,-1.416046143E0
2.495824424E1,-2.670211792E0,-9.588119507E0,-1.210510254E0
2.496321861E1,-2.448318481E0,-9.410720825E0,-8.937377930E-1
2.496819297E1,-2.217453003E0,-9.319442749E0,-8.005828857E-1
2.497316734E1,-2.122497559E0,-9.261108398E0,-8.274536133E-1
2.497814170E1,-1.852020264E0,-9.112121582E0,-1.017181396E0
2.498311607E1,-1.615127563E0,-8.978195190E0,-1.219406128E0
2.498809043E1,-1.307266235E0,-8.873825073E0,-1.340896606E0
2.499306480E1,-1.161010742E0,-8.929229736E0,-1.517700195E0
2.499803916E1,-1.058731079E0,-9.014526367E0,-1.647933960E0
2.500301353E1,-1.047760010E0,-9.143035889E0,-1.735366821E0
2.500798789E1,-1.088470459E0,-9.353103638E0,-1.736557007E0
2.501296226E1,-1.004318237E0,-9.551666260E0,-1.671463013E0
2.501793662E1,-8.513793945E-1,-9.760055542E0,-1.537994385E0
2.502291099E1,-7.594299316E-1,-9.910568237E0,-1.466537476E0
2.502788536E1,-8.147125244E-1,-1.015599060E1,-1.556045532E0
2.503285972E1,-8.790130615E-1,-1.031193542E1,-1.779266357E0
2.503783409E1,-8.744354248E-1,-1.037544250E1,-2.118072510E0
2.504280845E1,-8.159179688E-1,-1.028918457E1,-2.526855469E0
2.504778282E1,-8.016815186E-1,-1.012588501E1,-2.944885254E0
2.505275718E1,-7.761077881E-1,-9.893493652E0,-3.418518066E0
2.505773155E1,-8.106536865E-1,-9.592315674E0,-3.862426758E0
2.506270591E1,-7.912445068E-1,-9.224426270E0,-4.250915527E0
2.506768028E1,-5.647277832E-1,-8.753936768E0,-4.627853394E0
2.507265464E1,-2.189941406E-1,-8.150726318E0,-4.869033813E0
2.507762901E1,-7.569885254E-1,-7.788452148E0,-5.383224487E0
2.508260337E1,-1.325271606E0,-7.577392578E0,-5.818725586E0
2.508757774E1,-1.159072876E0,-7.322326660E0,-5.782485962E0
2.509255210E1,-8.880310059E-1,-7.200119019E0,-5.507003784E0
2.509752647E1,-6.120605469E-1,-7.285797119E0,-5.086395264E0
2.510250083E1,-3.688964844E-1,-7.465103149E0,-4.635238647E0
2.510747520E1,-1.671295166E-1,-7.718704224E0,-4.153015137E0
2.511244956E1,5.319213867E-2,-8.072265625E0,-3.672775269E0
2.511742393E1,3.096923828E-1,-8.461730957E0,-3.253005981E0
2.512239830E1,6.396026611E-1,-8.930664062E0,-2.965408325E0
2.512737266E1,9.918670654E-1,-9.427185059E0,-2.800964355E0
2.513234702E1,1.412155151E0,-9.837783813E0,-2.668853760E0
2.513732139E1,1.711837769E0,-1.015870667E1,-2.525512695E0
2.514229576E1,1.913101196E0,-1.048289490E1,-2.536697388E0
2.514727012E1,1.990859985E0,-1.070446777E1,-2.559692383E0
2.515224449E1,1.906112671E0,-1.087196350E1,-2.661834717E0
2.515721885E1,1.725921631E0,-1.105274963E1,-2.797927856E0
2.516219322E1,1.523071289E0,-1.126365662E1,-3.033737183E0
2.516716758E1,1.374526978E0,-1.155366516E1,-3.223571777E0
2.517214195E1,1.020553589E0,-1.187065125E1,-3.406356812E0
2.517711631E1,6.502075195E-1,-1.211116028E1,-3.562698364E0
2.518209068E1,2.515869141E-1,-1.222604370E1,-3.637084961E0
2.518706504E1,4.823303223E-2,-1.213928223E1,-3.754867554E0
2.519203941E1,-1.107940674E-1,-1.190657043E1,-3.993087769E0
2.519701377E1,-2.815856934E-1,-1.161143494E1,-4.265365601E0
2.520198814E1,-4.265289307E-1,-1.139192200E1,-4.453536987E0
2.520696250E1,-6.543884277E-1,-1.126684570E1,-4.600814819E0
2.521193687E1,-8.515319824E-1,-1.123536682E1,-4.648300171E0
2.521691123E1,-9.994812012E-1,-1.121281433E1,-4.637420654E0
2.522188560E1,-1.057617188E0,-1.110929871E1,-4.539169312E0
2.522685996E1,-1.100662231E0,-1.087724304E1,-4.508193970E0
2.523183433E1,-1.178375244E0,-1.056677246E1,-4.545776367E0
2.523680870E1,-1.270629883E0,-1.016055298E1,-4.604446411E0
2.524178306E1,-1.316360474E0,-9.748901367E0,-4.708480835E0
2.524675743E1,-1.292694092E0,-9.373947144E0,-4.847732544E0
2.525173179E1,-1.286026001E0,-9.032241821E0,-5.072647095E0
2.525670616E1,-1.347183228E0,-8.776046753E0,-5.276077271E0
2.526168052E1,-1.441360474E0,-8.593856812E0,-5.384460449E0
2.526665489E1,-1.489486694E0,-8.438186646E0,-5.493774414E0
2.527162925E1,-1.555984497E0,-8.244796753E0,-5.563995361E0
2.527660362E1,-1.662933350E0,-8.013870239E0,-5.522247314E0
2.528157798E1,-1.716217041E0,-7.737945557E0,-5.487792969E0
2.528655235E1,-1.756622314E0,-7.447708130E0,-5.501159668E0
2.529152671E1,-1.876007080E0,-7.207061768E0,-5.625015259E0
2.529650108E1,-2.069274902E0,-6.981887817E0,-5.680068970E0
2.530147544E1,-2.305755615E0,-6.758316040E0,-5.635543823E0
2.530644981E1,-2.443847656E0,-6.595535278E0,-5.719360352E0
2.531142417E1,-2.505157471E0,-6.465820312E0,-5.667526245E0
2.531639854E1,-2.634490967E0,-6.430541992E0,-5.418579102E0
2.532137290E1,-2.763961792E0,-6.438446045E0,-4.998916626E0
2.532634727E1,-2.795608521E0,-6.510940552E0,-4.369338989E0
2.533132163E1,-2.859466553E0,-6.619995117E0,-3.497604370E0
2.533629600E1,-2.695510864E0,-6.724044800E0,-2.583908081E0
2.534127037E1,-1.951126099E0,-7.109237671E0,-1.357421875E0
2.534624473E1,-1.303329468E0,-7.710266113E0,-1.687164307E-1
2.535121910E1,-3.903198242E-1,-8.139236450E0,7.744140625E-1
2.535619346E1,5.459594727E-1,-8.303375244E0,1.444488525E0
2.536116783E1,1.557662964E0,-8.567108154E0,1.910766602E0
2.536614219E1,2.723831177E0,-9.062957764E0,1.858367920E0
2.537111656E1,3.701736450E0,-9.765884399E0,1.117523193E0
2.537609092E1,3.937973022E0,-1.038723755E1,-5.092315674E-1
2.538106529E1,3.904296875E0,-1.130252075E1,-2.387771606E0
2.538603965E1,3.747558594E0,-1.235504150E1,-3.638870239E0
2.539101402E1,3.584289551E0,-1.368093872E1,-4.547500610E0
2.539598838E1,2.786026001E0,-1.502416992E1,-5.533599854E0
2.540096275E1,3.018112183E0,-1.613241577E1,-5.946578979E0
2.540593711E1,3.185668945E0,-1.733081055E1,-5.505966187E0
2.541091148E1,2.569244385E0,-1.853549194E1,-4.894958496E0
2.541588584E1,1.199890137E0,-1.939102173E1,-4.277679443E0
2.542086021E1,-3.423004150E-1,-1.964042664E1,-3.773605347E0
2.542583457E1,-8.172302246E-1,-1.897891235E1,-3.720382690E0
2.543080894E1,-1.668548584E-1,-1.733697510E1,-3.965759277E0
2.543578330E1,4.080505371E-1,-1.541799927E1,-4.208328247E0
2.544075767E1,6.415710449E-1,-1.349565125E1,-4.356735229E0
2.544573204E1,1.598968506E-1,-1.183865356E1,-4.374710083E0
2.545070640E1,-4.110412598E-1,-1.091276550E1,-4.484527588E0
2.545568076E1,-1.391693115E0,-1.015193176E1,-4.025680542E0
2.546065513E1,-3.125228882E0,-9.507202148E0,-2.338760376E0
2.546562950E1,-4.548187256E0,-9.540481567E0,-2.413940430E-1
2.547060386E1,-5.729629517E0,-9.844177246E0,2.331756592E0
2.547557823E1,-6.818786621E0,-1.003715515E1,4.150512695E0
2.548055259E1,-6.771255493E0,-1.015191650E1,4.701446533E0
2.548552696E1,-6.622360229E0,-9.961517334E0,5.447906494E0
2.549050132E1,-7.174392700E0,-9.413833618E0,6.309738159E0
2.549547569E1,-7.427886963E0,-8.861648560E0,6.474060059E0
2.550045005E1,-6.743209839E0,-8.632614136E0,5.771270752E0
2.550542442E1,-6.109207153E0,-8.834472656E0,3.922180176E0
2.551039878E1,-5.407821655E0,-9.080352783E0,1.007812500E0
2.551537315E1,-4.612518311E0,-9.231292725E0,-2.374877930E0
2.552034751E1,-3.713500977E0,-9.228149414E0,-5.665985107E0
2.552532188E1,-2.842636108E0,-9.137695312E0,-8.210617065E0
2.553029624E1,-2.186660767E0,-8.956054688E0,-9.700317383E0
2.553527061E1,-1.850158691E0,-8.764846802E0,-1.022059631E1
2.554024497E1,-1.360061646E0,-8.516448975E0,-9.916336060E0
2.554521934E1,-9.422302246E-1,-8.218811035E0,-8.479324341E0
2.555019370E1,-7.764129639E-1,-7.993453979E0,-6.568481445E0
2.555516807E1,-7.924957275E-1,-7.793823242E0,-4.728622437E0
2.556014244E1,-7.817077637E-1,-7.487945557E0,-3.236999512E0
2.556511680E1,-6.636962891E-1,-7.164199829E0,-1.837478638E0
2.557009117E1,-6.128540039E-1,-6.817459106E0,-5.313415527E-1
2.557506553E1,-3.254089355E-1,-6.436401367E0,4.041442871E-1
2.558003990E1,1.592559814E-1,-6.056259155E0,1.190322876E0
2.558501426E1,9.178314209E-1,-5.699493408E0,7.402954102E-1
2.558998863E1,1.659896851E0,-5.391372681E0,-6.752014160E-1
2.559496299E1,2.163238525E0,-5.229095459E0,-2.234756470E0
2.559993736E1,2.622192383E0,-5.209396362E0,-3.308944702E0
2.560491172E1,2.967163086E0,-5.300140381E0,-3.867874146E0
2.560988609E1,3.245361328E0,-5.416564941E0,-4.151275635E0
2.561486045E1,3.462493896E0,-5.613632202E0,-4.319030762E0
2.561983482E1,3.498275757E0,-5.932403564E0,-4.431472778E0
2.562480918E1,3.115890503E0,-6.285156250E0,-4.510833740E0
2.562978355E1,2.425949097E0,-6.606170654E0,-4.579544067E0
2.563475791E1,1.780914307E0,-6.863250732E0,-4.508163452E0
2.563973228E1,1.287429810E0,-7.004913330E0,-4.269638062E0
2.564470664E1,7.028350830E-1,-7.084548950E0,-3.938018799E0
2.564968101E1,2.267456055E-2,-7.177093506E0,-3.557632446E0
2.565465538E1,-6.392517090E-1,-7.285034180E0,-3.108566284E0
2.565962974E1,-1.471664429E0,-7.401809692E0,-2.604690552E0
2.566460411E1,-2.392929077E0,-7.487869263E0,-2.113143921E0
2.566957847E1,-3.232360840E0,-7.482543945E0,-1.752151489E0
2.567455284E1,-3.913330078E0,-7.435836792E0,-1.588195801E0
2.567952720E1,-4.545043945E0,-7.329666138E0,-1.646835327E0
2.568450157E1,-5.119491577E0,-7.219360352E0,-1.956405640E0
2.568947593E1,-5.499282837E0,-7.058944702E0,-2.497070312E0
2.569445030E1,-5.870849609E0,-6.889434814E0,-3.325775146E0
2.569942466E1,-6.299606323E0,-6.582901001E0,-4.441940308E0
2.570439903E1,-6.071517944E0,-6.260406494E0,-5.458526611E0
2.570937339E1,-5.637176514E0,-6.169067383E0,-6.360366821E0
2.571434776E1,-5.312103271E0,-6.431488037E0,-7.313369751E0
2.571932212E1,-5.346008301E0,-6.809158325E0,-8.252670288E0
2.572429649E1,-5.673187256E0,-7.329238892E0,-9.038757324E0
2.572927085E1,-5.758911133E0,-7.926101685E0,-9.693389893E0
2.573424522E1,-5.426788330E0,-8.377380371E0,-1.030645752E1
2.573921958E1,-4.802291870E0,-8.667968750E0,-1.086161804E1
2.574419395E1,-4.063690186E0,-8.792968750E0,-1.122171021E1
2.574916831E1,-3.136962891E0,-8.878189087E0,-1.120777893E1
2.575414268E1,-2.356292725E0,-8.965744019E0,-1.089410400E1
2.575911704E1,-2.554367065E0,-9.156860352E0,-1.059892273E1
2.576409141E1,-3.204910278E0,-9.579727173E0,-1.020494080E1
2.576906578E1,-4.072708130E0,-1.023164368E1,-9.783416748E0
2.577404014E1,-3.440582275E0,-1.093469238E1,-8.246170044E0
2.577901451E1,-3.295898438E0,-1.191308594E1,-6.671005249E0
2.578398887E1,-3.383514404E0,-1.339198303E1,-5.349960327E0
2.578896324E1,-3.457107544E0,-1.530143738E1,-4.008026123E0
2.579393760E1,-3.968460083E0,-1.754167175E1,-1.760284424E0
2.579891197E1,-5.411148071E0,-2.024253845E1,2.957199097E0
2.580388633E1,-7.011627197E0,-2.268698120E1,7.452972412E0
2.580886070E1,-7.103042603E0,-2.335975647E1,6.215667725E0
2.581383506E1,-5.759552002E0,-2.248013306E1,9.869232178E-1
2.581880943E1,-4.393722534E0,-2.152285767E1,-2.917831421E0
2.582378379E1,-3.223342896E0,-2.072265625E1,-4.178344727E0
2.582875816E1,-1.992340088E0,-1.950909424E1,-3.676269531E0
2.583373252E1,-4.964141846E-1,-1.730906677E1,-2.652618408E0
2.583870689E1,1.334136963E0,-1.424029541E1,-1.690414429E0
2.584368125E1,2.239578247E0,-1.137059021E1,-1.143264771E0
2.584865562E1,1.517944336E0,-9.296279907E0,-1.063491821E0
2.585362998E1,3.973999023E-1,-7.708435059E0,-9.879302979E-1
2.585860435E1,-3.081817627E-1,-6.398849487E0,-8.854064941E-1
2.586357871E1,-6.020965576E-1,-5.304611206E0,-7.986297607E-1
2.586855308E1,-2.527618408E-1,-4.321884155E0,-8.348236084E-1
2.587352744E1,-1.193237305E-2,-3.499481201E0,-8.829650879E-1
2.587850181E1,1.468048096E-1,-2.982604980E0,-1.032363892E0
2.588347618E1,6.281585693E-1,-3.011642456E0,-1.001281738E0
2.588845054E1,1.274063110E0,-3.289459229E0,-9.780120850E-1
2.589342491E1,1.805725098E0,-3.616271973E0,-1.170730591E0
2.589839927E1,1.851699829E0,-4.109405518E0,-1.206848145E0
2.590337364E1,1.621154785E0,-4.765960693E0,-1.359527588E0
2.590834800E1,8.878021240E-1,-5.540267944E0,-1.664321899E0
2.591332237E1,6.255035400E-1,-6.332061768E0,-2.294540405E0
2.591829673E1,5.680084229E-1,-7.173355103E0,-2.944824219E0
2.592327110E1,9.807739258E-1,-8.072235107E0,-3.156997681E0
2.592824546E1,1.668319702E0,-8.742538452E0,-3.513717651E0
2.593321983E1,1.756698608E0,-9.538055420E0,-3.964889526E0
2.593819419E1,1.114227295E0,-1.037622070E1,-3.673400879E0
2.594316856E1,4.226837158E-1,-1.103598022E1,-3.783126831E0
2.594814292E1,-2.163696289E-1,-1.121929932E1,-4.563827515E0
2.595311729E1,-6.984100342E-1,-1.140817261E1,-4.959823608E0
2.595809165E1,-8.174438477E-1,-1.127000427E1,-5.460739136E0
2.596306602E1,-1.642349243E0,-1.099803162E1,-5.607833862E0
2.596804038E1,-1.454833984E0,-1.044279480E1,-5.445419312E0
2.597301475E1,1.507568359E-1,-9.849609375E0,-6.627075195E0
2.597798912E1,1.238677979E0,-9.547103882E0,-7.368774414E0
2.598296348E1,8.979492188E-1,-9.207366943E0,-6.539611816E0
2.598793784E1,-6.532287598E-2,-9.068084717E0,-5.767715454E0
2.599291221E1,-4.520263672E-1,-8.945648193E0,-5.689910889E0
2.599788658E1,-7.765655518E-1,-8.935653687E0,-5.169937134E0
2.600286094E1,-1.122497559E0,-8.994613647E0,-4.600357056E0
2.600783531E1,-1.286819458E0,-8.857009888E0,-4.323944092E0
2.601280967E1,-1.317825317E0,-8.500381470E0,-4.385894775E0
2.601778404E1,-1.434783936E0,-8.160766602E0,-4.443130493E0
2.602275840E1,-1.290069580E0,-7.947586060E0,-4.368896484E0
2.602773277E1,-5.895080566E-1,-7.881286621E0,-4.328033447E0
2.603270713E1,1.837310791E-1,-8.001785278E0,-4.016296387E0
2.603768150E1,6.816558838E-1,-8.257125854E0,-3.405212402E0
2.604265586E1,9.603271484E-1,-8.545303345E0,-2.499740601E0
2.604763023E1,9.696502686E-1,-8.783554077E0,-1.669677734E0
2.605260459E1,7.860260010E-1,-8.941635132E0,-1.266830444E0
2.605757896E1,5.525970459E-1,-9.054641724E0,-1.118667603E0
2.606255332E1,7.519531250E-2,-9.246398926E0,-1.140655518E0
2.606752769E1,-3.652496338E-1,-9.466613770E0,-1.117111206E0
2.607250205E1,-6.736602783E-1,-9.634140015E0,-1.310882568E0
2.607747642E1,-8.451080322E-1,-9.718276978E0,-1.860260010E0
2.608245079E1,-1.034439087E0,-9.748596191E0,-2.472442627E0
2.608742515E1,-1.312240601E0,-9.764465332E0,-2.713409424E0
2.609239952E1,-1.413955688E0,-9.757812500E0,-2.641815186E0
2.609737388E1,-1.443603516E0,-9.693069458E0,-2.276824951E0
2.610234825E1,-1.594558716E0,-9.617431641E0,-1.870605469E0
2.610732261E1,-1.663742065E0,-9.511245728E0,-1.461074829E0
2.611229698E1,-1.708755493E0,-9.359573364E0,-1.147018433E0
2.611727134E1,-1.760742188E0,-9.157363892E0,-8.669891357E-1
2.612224571E1,-1.729553223E0,-9.012466431E0,-7.718200684E-1
2.612722007E1,-1.613281250E0,-8.919128418E0,-7.814636230E-1
2.613219444E1,-1.462265015E0,-8.915466309E0,-7.849578857E-1
2.613716880E1,-1.380737305E0,-8.907394409E0,-7.663726807E-1
2.614214317E1,-1.244522095E0,-8.949859619E0,-8.511047363E-1
2.614711753E1,-1.118545532E0,-9.018783569E0,-9.789276123E-1
2.615209190E1,-9.964752197E-1,-9.155914307E0,-1.084762573E0
2.615706626E1,-9.152526855E-1,-9.394866943E0,-1.152954102E0
2.616204063E1,-8.916931152E-1,-9.648712158E0,-1.299407959E0
2.616701499E1,-9.164428711E-1,-9.757873535E0,-1.586029053E0
2.617198936E1,-8.718261719E-1,-9.810577393E0,-1.828308105E0
2.617696372E1,-8.314056396E-1,-9.901153564E0,-1.966949463E0
2.618193809E1,-7.829284668E-1,-1.001779175E1,-2.053802490E0
2.618691246E1,-7.563171387E-1,-1.009272766E1,-2.147262573E0
2.619188682E1,-7.061767578E-1,-1.004470825E1,-2.292495728E0
2.619686119E1,-7.249908447E-1,-9.950698853E0,-2.458129883E0
2.620183555E1,-7.548065186E-1,-9.828094482E0,-2.685119629E0
2.620680992E1,-8.515930176E-1,-9.704055786E0,-2.897125244E0
2.621178428E1,-9.331207275E-1,-9.525863647E0,-3.140487671E0
2.621675865E1,-9.085845947E-1,-9.303314209E0,-3.435546875E0
2.622173301E1,-9.504241943E-1,-9.143814087E0,-3.666610718E0
2.622670738E1,-1.008010864E0,-8.998596191E0,-3.853881836E0
2.623168174E1,-9.734497070E-1,-8.789154053E0,-3.991226196E0
2.623665611E1,-9.377136230E-1,-8.579101562E0,-4.094757080E0
2.624163047E1,-8.674774170E-1,-8.370819092E0,-4.126861572E0
2.624660484E1,-7.067718506E-1,-8.149932861E0,-4.124420166E0
2.625157920E1,-5.576934814E-1,-8.006317139E0,-4.082153320E0
2.625655357E1,-3.957824707E-1,-7.940490723E0,-3.970748901E0
2.626152793E1,-1.995544434E-1,-7.887619019E0,-3.872253418E0
2.626650230E1,6.762695312E-2,-7.901077271E0,-3.720382690E0
2.627147666E1,4.018402100E-1,-7.938919067E0,-3.594833374E0
2.627645103E1,6.637878418E-1,-8.084594727E0,-3.475448608E0
2.628142539E1,8.796081543E-1,-8.251403809E0,-3.327850342E0
2.628639976E1,1.083023071E0,-8.497650146E0,-3.270874023E0
2.629137412E1,1.237182617E0,-8.808959961E0,-3.175125122E0
2.629634849E1,1.398330688E0,-9.157638550E0,-3.143630981E0
2.630132286E1,1.538970947E0,-9.527328491E0,-3.199340820E0
2.630629722E1,1.740722656E0,-9.799606323E0,-3.287994385E0
2.631127159E1,1.857971191E0,-1.016975403E1,-3.238204956E0
2.631624595E1,1.955139160E0,-1.053114319E1,-3.160659790E0
2.632122032E1,1.958435059E0,-1.087144470E1,-2.963714600E0
2.632619468E1,1.908767700E0,-1.119761658E1,-2.747589111E0
2.633116905E1,1.793426514E0,-1.145602417E1,-2.643264771E0
2.633614341E1,1.833740234E0,-1.160711670E1,-2.705551147E0
2.634111778E1,1.507293701E0,-1.167721558E1,-3.023376465E0
2.634609214E1,6.452178955E-1,-1.213250732E1,-3.480117798E0
2.635106651E1,5.037231445E-1,-1.226026917E1,-3.556350708E0
2.635604087E1,3.708953857E-1,-1.219595337E1,-3.432464600E0
2.636101524E1,3.141632080E-1,-1.198487854E1,-3.435684204E0
2.636598960E1,1.834259033E-1,-1.181846619E1,-3.575851440E0
2.637096397E1,2.090454102E-3,-1.173997498E1,-3.836273193E0
2.637593833E1,-1.731872559E-1,-1.173251343E1,-4.124160767E0
2.638091270E1,-3.086090088E-1,-1.174382019E1,-4.320632935E0
2.638588706E1,-4.586334229E-1,-1.169746399E1,-4.370162964E0
2.639086143E1,-5.931701660E-1,-1.149673462E1,-4.381134033E0
2.639583580E1,-7.386016846E-1,-1.115171814E1,-4.416091919E0
2.640081016E1,-8.815765381E-1,-1.067462158E1,-4.499649048E0
2.640578452E1,-9.458007812E-1,-1.007521057E1,-4.662918091E0
2.641075889E1,-9.873962402E-1,-9.471359253E0,-4.887084961E0
2.641573326E1,-1.035308838E0,-8.920455933E0,-5.139846802E0
2.642070762E1,-1.123184204E0,-8.481063843E0,-5.333496094E0
2.642568199E1,-1.265197754E0,-8.236541748E0,-5.467773438E0
2.643065635E1,-1.409667969E0,-8.092178345E0,-5.549819946E0
2.643563072E1,-1.549346924E0,-7.928375244E0,-5.577285767E0
2.644060508E1,-1.752471924E0,-7.734115601E0,-5.594757080E0
2.644557945E1,-1.961761475E0,-7.514312744E0,-5.596496582E0
2.645055381E1,-2.181564331E0,-7.277359009E0,-5.558547974E0
2.645552818E1,-2.407241821E0,-6.976287842E0,-5.608093262E0
2.646050254E1,-2.632095337E0,-6.614440918E0,-5.570831299E0
2.646547691E1,-2.896194458E0,-6.367568970E0,-5.606109619E0
2.647045127E1,-2.921646118E0,-6.226272583E0,-5.742019653E0
2.647542564E1,-2.938903809E0,-6.152526855E0,-5.725952148E0
2.648040000E1,-3.056106567E0,-6.132751465E0,-5.511932373E0
2.648537437E1,-3.279113770E0,-6.188476562E0,-5.088012695E0
2.649034873E1,-3.402389526E0,-6.196151733E0,-4.441314697E0
2.649532310E1,-3.390396118E0,-6.196273804E0,-3.662979126E0
2.650029746E1,-3.299285889E0,-6.202270508E0,-2.654190063E0
2.650527183E1,-3.019485474E0,-6.340332031E0,-1.077209473E0
2.651024620E1,-2.319915771E0,-6.827606201E0,5.744781494E-1
2.651522056E1,-1.163116455E0,-7.323715210E0,1.625823975E0
2.652019493E1,-6.600952148E-2,-7.743927002E0,2.017837524E0
2.652516929E1,7.910156250E-1,-8.176757812E0,2.064834595E0
2.653014366E1,2.173553467E0,-8.625518799E0,1.678009033E0
2.653511802E1,3.239135742E0,-9.391830444E0,1.049179077E0
2.654009239E1,3.298904419E0,-1.033212280E1,-8.810424805E-2
2.654506675E1,2.973083496E0,-1.144073486E1,-1.748245239E0
2.655004112E1,3.090896606E0,-1.271218872E1,-3.628372192E0
2.655501548E1,2.225845337E0,-1.414936829E1,-4.813507080E0
2.655998985E1,1.095291138E0,-1.553498840E1,-5.405548096E0
2.656496421E1,1.300552368E0,-1.681906128E1,-5.389831543E0
2.656993858E1,1.819198608E0,-1.823190308E1,-4.924026489E0
2.657491294E1,1.493957520E0,-1.930815125E1,-4.449127197E0
2.657988731E1,2.539672852E-1,-1.979116821E1,-4.052078247E0
2.658486167E1,-5.098876953E-1,-1.975390625E1,-3.819061279E0
2.658983604E1,-2.922668457E-1,-1.904130554E1,-3.849792480E0
2.659481040E1,-1.173553467E-1,-1.763879395E1,-4.114440918E0
2.659978477E1,3.404998779E-1,-1.579573059E1,-4.667465210E0
2.660475913E1,9.326629639E-1,-1.405851746E1,-4.929672241E0
2.660973350E1,1.087280273E0,-1.264120483E1,-4.632812500E0
2.661470787E1,5.283203125E-1,-1.139091492E1,-4.363769531E0
2.661968223E1,3.211975098E-1,-1.052186584E1,-4.052047729E0
2.662465660E1,5.070037842E-1,-1.012368774E1,-2.804992676E0
2.662963096E1,-9.089202881E-1,-9.787139893E0,-9.011077881E-1
2.663460533E1,-3.430038452E0,-9.358627319E0,1.346313477E0
2.663957969E1,-4.761550903E0,-9.284484863E0,3.783599854E0
2.664455406E1,-4.842559814E0,-9.591278076E0,4.869750977E0
2.664952842E1,-5.937194824E0,-9.652603149E0,6.069641113E0
2.665450279E1,-6.472473145E0,-9.542236328E0,6.738174438E0
2.665947715E1,-6.583679199E0,-9.547210693E0,6.806228638E0
2.666445152E1,-7.304138184E0,-9.480484009E0,6.357711792E0
2.666942588E1,-7.835983276E0,-9.434448242E0,4.931137085E0
2.667440025E1,-7.563629150E0,-9.735870361E0,2.579925537E0
2.667937461E1,-6.747177124E0,-9.917617798E0,-3.377838135E-1
2.668434898E1,-5.745452881E0,-9.804641724E0,-3.525497437E0
2.668932334E1,-4.670516968E0,-9.555145264E0,-6.399734497E0
2.669429771E1,-3.679458618E0,-9.238449097E0,-8.627334595E0
2.669927207E1,-2.841857910E0,-8.967132568E0,-1.012521362E1
2.670424644E1,-2.161376953E0,-8.713180542E0,-1.072193909E1
2.670922080E1,-1.650177002E0,-8.331710815E0,-1.035292053E1
2.671419517E1,-9.366607666E-1,-7.885238647E0,-8.984741211E0
2.671916954E1,-3.825225830E-1,-7.505828857E0,-6.847579956E0
2.672414390E1,-7.984924316E-2,-7.189529419E0,-4.477752686E0
2.672911826E1,1.430053711E-1,-6.895126343E0,-2.263320923E0
2.673409263E1,4.214782715E-1,-6.621490479E0,-4.286193848E-1
2.673906700E1,8.273010254E-1,-6.304718018E0,6.512603760E-1
2.674404136E1,1.455749512E0,-6.040100098E0,3.409576416E-1
2.674901573E1,1.984146118E0,-5.865264893E0,-9.276733398E-1
2.675399009E1,2.247940063E0,-5.737030029E0,-2.312042236E0
2.675896446E1,2.356582642E0,-5.647384644E0,-3.131408691E0
2.676393882E1,2.568649292E0,-5.639968872E0,-3.423721313E0
2.676891319E1,2.822067261E0,-5.622085571E0,-3.448928833E0
2.677388755E1,3.005493164E0,-5.662368774E0,-3.514617920E0
2.677886192E1,2.963424683E0,-5.801132202E0,-3.708648682E0
2.678383628E1,2.666793823E0,-6.016921997E0,-3.964630127E0
2.678881065E1,2.202682495E0,-6.266921997E0,-4.192535400E0
2.679378501E1,1.804626465E0,-6.502410889E0,-4.357284546E0
2.679875938E1,1.443038940E0,-6.742202759E0,-4.404174805E0
2.680373374E1,1.005783081E0,-6.955245972E0,-4.327941895E0
2.680870811E1,4.564819336E-1,-7.106124878E0,-4.074249268E0
2.681368247E1,-2.481079102E-1,-7.265640259E0,-3.735061646E0
2.681865684E1,-1.032150269E0,-7.384948730E0,-3.405883789E0
2.682363120E1,-1.664566040E0,-7.467681885E0,-3.055908203E0
2.682860557E1,-2.568908691E0,-7.490203857E0,-2.653778076E0
2.683357994E1,-3.640945435E0,-7.432937622E0,-2.406570435E0
2.683855430E1,-4.469497681E0,-7.345336914E0,-2.260940552E0
2.684352867E1,-4.917510986E0,-7.290100098E0,-2.431671143E0
2.684850303E1,-5.131988525E0,-7.253738403E0,-2.950637817E0
2.685347740E1,-5.192901611E0,-7.210922241E0,-3.872314453E0
2.685845176E1,-5.208404541E0,-7.138397217E0,-4.968627930E0
2.686342613E1,-5.014389038E0,-7.102722168E0,-5.972213745E0
2.686840049E1,-4.796371460E0,-7.093841553E0,-6.740036011E0
2.687337486E1,-4.608764648E0,-7.010894775E0,-7.086730957E0
2.687834922E1,-4.396179199E0,-6.968704224E0,-7.170745850E0
2.688332359E1,-4.152877808E0,-7.084609985E0,-7.097656250E0
2.688829795E1,-3.956832886E0,-7.438903809E0,-7.100570679E0
2.689327232E1,-3.809585571E0,-7.877120972E0,-7.248229980E0
2.689824668E1,-3.776306152E0,-8.326339722E0,-7.429687500E0
2.690322105E1,-3.667770386E0,-8.738494873E0,-7.645767212E0
2.690819541E1,-3.388626099E0,-9.126220703E0,-7.847976685E0
2.691316978E1,-3.087570190E0,-9.470092773E0,-8.029861450E0
2.691814414E1,-2.786453247E0,-9.807891846E0,-8.118804932E0
2.692311851E1,-2.664138794E0,-1.007722473E1,-8.132156372E0
2.692809288E1,-2.705429077E0,-1.030273438E1,-8.004348755E0
2.693306724E1,-2.780639648E0,-1.046018982E1,-7.652008057E0
2.693804161E1,-2.867691040E0,-1.069317627E1,-7.129882812E0
2.694301597E1,-3.118591309E0,-1.117117310E1,-6.541885376E0
2.694799034E1,-3.496902466E0,-1.204010010E1,-5.945205688E0
2.695296470E1,-3.953094482E0,-1.331091309E1,-5.307037354E0
2.695793907E1,-4.453323364E0,-1.469119263E1,-4.533996582E0
2.696291343E1,-4.880874634E0,-1.588014221E1,-3.643234253E0
2.696788780E1,-5.275619507E0,-1.685511780E1,-2.035186768E0
2.697286216E1,-5.751449585E0,-1.762698364E1,8.377075195E-2
2.697783653E1,-5.953369141E0,-1.780403137E1,5.043945312E-1
2.698281089E1,-5.610473633E0,-1.720826721E1,-1.155746460E0
2.698778526E1,-4.860855103E0,-1.624104309E1,-3.090576172E0
2.699275962E1,-4.016876221E0,-1.534239197E1,-4.092666626E0
2.699773399E1,-3.296142578E0,-1.459767151E1,-4.127151489E0
2.700270835E1,-2.806198120E0,-1.387271118E1,-3.717147827E0
2.700768272E1,-2.206787109E0,-1.308334351E1,-3.303176880E0
2.701265708E1,-1.376586914E0,-1.208723450E1,-2.808013916E0
2.701763145E1,-7.827301025E-1,-1.079948425E1,-2.234558105E0
2.702260581E1,-7.826538086E-1,-9.435592651E0,-1.791778564E0
2.702758018E1,-1.126342773E0,-8.091125488E0,-1.534454346E0
2.703255454E1,-1.416793823E0,-6.860198975E0,-1.339782715E0
2.703752891E1,-1.234756470E0,-5.793914795E0,-1.230133057E0
2.704250328E1,-1.033233643E0,-4.827407837E0,-1.383743286E0
2.704747764E1,-9.261322021E-1,-4.303588867E0,-1.506835938E0
2.705245201E1,-5.494232178E-1,-4.126739502E0,-1.533493042E0
2.705742637E1,-2.131195068E-1,-4.082595825E0,-1.438568115E0
2.706240074E1,2.283782959E-1,-4.149093628E0,-1.356674194E0
2.706737510E1,6.418304443E-1,-4.389068604E0,-1.289581299E0
2.707234947E1,7.816009521E-1,-4.685455322E0,-1.131469727E0
2.707732383E1,9.567871094E-1,-5.210708618E0,-1.092605591E0
2.708229820E1,4.602203369E-1,-5.916091919E0,-1.080749512E0
2.708727256E1,2.566833496E-1,-6.716461182E0,-1.281112671E0
2.709224693E1,3.428649902E-1,-7.696151733E0,-1.474487305E0
2.709722129E1,5.210113525E-1,-8.678543091E0,-1.810485840E0
2.710219566E1,7.449493408E-1,-9.777328491E0,-2.116836548E0
2.710717002E1,7.047119141E-1,-1.075123596E1,-1.998626709E0
2.711214439E1,7.948303223E-2,-1.168034363E1,-2.400497437E0
2.711711875E1,-1.824951172E-2,-1.219648743E1,-2.642715454E0
2.712209312E1,-9.454345703E-2,-1.245257568E1,-3.221572876E0
2.712706748E1,-1.403961182E-1,-1.246466064E1,-3.691711426E0
2.713204185E1,-1.082427979E0,-1.230900574E1,-4.205642700E0
2.713701621E1,-1.449630737E0,-1.181669617E1,-4.118408203E0
2.714199058E1,-3.948059082E-1,-1.108940125E1,-4.760345459E0
2.714696494E1,1.324676514E0,-1.045532227E1,-6.443618774E0
2.715193931E1,2.453842163E0,-9.974670410E0,-7.369796753E0
2.715691368E1,1.778060913E0,-9.669158936E0,-6.596710205E0
2.716188804E1,8.237304688E-1,-9.618545532E0,-5.479385376E0
2.716686241E1,2.213592529E-1,-9.636871338E0,-4.737518311E0
2.717183677E1,2.100219727E-1,-9.396224976E0,-4.686141968E0
2.717681114E1,5.088806152E-1,-9.100753784E0,-4.599365234E0
2.718178550E1,8.526458740E-1,-8.759918213E0,-4.472640991E0
2.718675987E1,1.147537231E0,-8.422149658E0,-4.572723389E0
2.719173423E1,1.144378662E0,-8.138519287E0,-4.394714355E0
2.719670860E1,8.166351318E-1,-7.769332886E0,-3.942626953E0
2.720168296E1,9.108276367E-1,-7.453491211E0,-4.047393799E0
2.720665733E1,1.398849487E0,-7.342803955E0,-4.689239502E0
2.721163169E1,1.776962280E0,-7.352508545E0,-4.961883545E0
2.721660606E1,1.853149414E0,-7.435028076E0,-4.670837402E0
2.722158042E1,1.617416382E0,-7.666183472E0,-4.096832275E0
2.722655479E1,8.523101807E-1,-8.011642456E0,-3.244552612E0
2.723152915E1,-8.689880371E-2,-8.431121826E0,-1.875259399E0
2.723650352E1,-7.976379395E-1,-8.776473999E0,-7.547760010E-1
2.724147788E1,-1.063201904E0,-8.944183350E0,-4.745330811E-1
2.724645225E1,-1.068099976E0,-8.957473755E0,-9.170379639E-1
2.725142662E1,-1.034835815E0,-8.957580566E0,-1.662002563E0
2.725640098E1,-1.184555054E0,-9.019668579E0,-2.289779663E0
2.726137534E1,-1.544708252E0,-8.998794556E0,-2.507263184E0
2.726634971E1,-1.879608154E0,-9.013519287E0,-2.458923340E0
2.727132408E1,-2.028747559E0,-8.992813110E0,-2.293685913E0
2.727629844E1,-2.176147461E0,-9.048675537E0,-2.090087891E0
2.728127281E1,-2.112869263E0,-9.128921509E0,-1.883468628E0
2.728624717E1,-2.052856445E0,-9.137161255E0,-1.653060913E0
2.729122154E1,-2.070358276E0,-9.229278564E0,-1.404861450E0
2.729619590E1,-2.034057617E0,-9.310516357E0,-1.165390015E0
2.730117027E1,-1.939010620E0,-9.321411133E0,-1.003356934E0
2.730614463E1,-1.819625854E0,-9.310409546E0,-9.630889893E-1
2.731111900E1,-1.762161255E0,-9.304534912E0,-9.466705322E-1
2.731609336E1,-1.687362671E0,-9.344345093E0,-9.873962402E-1
2.732106773E1,-1.558380127E0,-9.427795410E0,-9.950103760E-1
2.732604209E1,-1.369461060E0,-9.541000366E0,-9.015045166E-1
2.733101646E1,-1.233444214E0,-9.705871582E0,-8.118591309E-1
2.733599082E1,-1.156524658E0,-9.867309570E0,-8.226776123E-1
2.734096519E1,-1.118026733E0,-1.007086182E1,-9.278717041E-1
2.734593955E1,-1.088455200E0,-1.018949890E1,-1.079956055E0
2.735091392E1,-1.007980347E0,-1.022215271E1,-1.174453735E0
2.735588829E1,-8.512573242E-1,-1.022567749E1,-1.285125732E0
2.736086265E1,-6.781005859E-1,-1.018148804E1,-1.518356323E0
2.736583702E1,-6.070404053E-1,-1.016735840E1,-1.856658936E0
2.737081138E1,-5.051116943E-1,-1.012838745E1,-2.347793579E0
2.737578575E1,-3.536224365E-1,-1.006629944E1,-2.899703979E0
2.738076011E1,-2.689208984E-1,-9.990066528E0,-3.485321045E0
2.738573448E1,-2.564086914E-1,-9.900894165E0,-4.036788940E0
2.739070884E1,-1.912994385E-1,-9.794815063E0,-4.520507812E0
2.739568321E1,-1.909332275E-1,-9.611450195E0,-4.899291992E0
2.740065757E1,-2.464447021E-1,-9.335464478E0,-5.213821411E0
2.740563194E1,-3.174438477E-1,-8.892044067E0,-5.448089600E0
2.741060630E1,-3.134765625E-1,-8.302810669E0,-5.556442261E0
2.741558067E1,-3.870239258E-1,-7.625061035E0,-5.479278564E0
2.742053993E1,-5.012512207E-1,-7.036392212E0,-5.333450317E0
2.742551430E1,-5.277557373E-1,-6.603088379E0,-5.172866821E0
2.743048866E1,-4.265441895E-1,-6.367736816E0,-4.936782837E0
2.743546303E1,-3.060760498E-1,-6.466751099E0,-4.662979126E0
2.744043739E1,-2.592468262E-2,-6.740356445E0,-4.399734497E0
2.744541176E1,1.969604492E-1,-7.203170776E0,-4.068313599E0
2.745038612E1,5.423889160E-1,-7.693099976E0,-3.733474731E0
2.745536049E1,9.055328369E-1,-8.153625488E0,-3.464370728E0
2.746033485E1,1.271850586E0,-8.599945068E0,-3.227264404E0
2.746530922E1,1.649795532E0,-9.043762207E0,-3.209396362E0
2.747028358E1,2.025802612E0,-9.473220825E0,-3.234191895E0
2.747525795E1,2.333389282E0,-9.838150024E0,-3.276901245E0
2.748023232E1,2.413330078E0,-1.024459839E1,-3.307464600E0
2.748520668E1,2.461029053E0,-1.075077820E1,-3.285324097E0
2.749018105E1,2.561584473E0,-1.123858643E1,-3.107040405E0
2.749515541E1,2.299774170E0,-1.159251404E1,-2.946792603E0
2.750012978E1,7.111511230E-1,-1.247042847E1,-2.957931519E0
2.750510414E1,3.578033447E-1,-1.292497253E1,-2.767852783E0
2.751007851E1,1.815643311E-1,-1.300625610E1,-2.443923950E0
2.751505287E1,6.832885742E-2,-1.289355469E1,-2.384155273E0
2.752002724E1,-4.837036133E-3,-1.272605896E1,-2.508193970E0
2.752500160E1,-8.950805664E-2,-1.262063599E1,-2.780502319E0
2.752997597E1,-2.069854736E-1,-1.264035034E1,-3.011352539E0
2.753495033E1,-3.706665039E-1,-1.269767761E1,-3.123611450E0
2.753992470E1,-5.217895508E-1,-1.265679932E1,-3.184844971E0
2.754489906E1,-6.109924316E-1,-1.244898987E1,-3.345932007E0
2.754987343E1,-5.725097656E-1,-1.203251648E1,-3.585250854E0
2.755484779E1,-4.376983643E-1,-1.142091370E1,-3.847381592E0
2.755982216E1,-3.383026123E-1,-1.070281982E1,-4.125396729E0
2.756479652E1,-3.072204590E-1,-1.004501343E1,-4.379180908E0
2.756977089E1,-3.203887939E-1,-9.600585938E0,-4.589874268E0
2.757474525E1,-3.852539062E-1,-9.347183228E0,-4.829589844E0
2.757971962E1,-5.059967041E-1,-9.220809937E0,-5.061248779E0
2.758469398E1,-6.855163574E-1,-9.149093628E0,-5.293228149E0
2.758966835E1,-9.077758789E-1,-9.046112061E0,-5.495986938E0
2.759464272E1,-1.136764526E0,-8.871170044E0,-5.742553711E0
2.759961708E1,-1.391647339E0,-8.583724976E0,-5.969238281E0
2.760459145E1,-1.598907471E0,-8.206665039E0,-6.171310425E0
2.760956581E1,-1.857086182E0,-7.763061523E0,-6.293365479E0
2.761454018E1,-2.186172485E0,-7.326034546E0,-6.365234375E0
2.761951454E1,-2.622192383E0,-6.902694702E0,-6.262420654E0
2.762448891E1,-2.843917847E0,-6.536453247E0,-6.259811401E0
2.762946327E1,-3.031173706E0,-6.235336304E0,-6.260482788E0
2.763443764E1,-3.224655151E0,-6.015991211E0,-6.236999512E0
2.763941200E1,-3.476379395E0,-5.988845825E0,-6.205871582E0
2.764438637E1,-3.805297852E0,-6.047103882E0,-6.036315918E0
2.764936073E1,-4.007431030E0,-6.030441284E0,-5.594009399E0
2.765433510E1,-4.146331787E0,-6.097930908E0,-5.015777588E0
2.765930946E1,-4.236907959E0,-6.191345215E0,-4.276840210E0
2.766428383E1,-4.151458740E0,-6.465606689E0,-3.153564453E0
2.766925819E1,-3.557418823E0,-7.277069092E0,-1.517166138E0
2.767423256E1,-2.766632080E0,-8.137695312E0,-3.152465820E-2
2.767920692E1,-1.649108887E0,-8.737075806E0,1.304809570E0
2.768418129E1,-4.779052734E-1,-9.330154419E0,2.875228882E0
2.768915565E1,9.492950439E-1,-9.989715576E0,4.082229614E0
2.769413002E1,2.443298340E0,-1.051834106E1,3.903411865E0
2.769910439E1,3.447570801E0,-1.086544800E1,2.549652100E0
2.770407875E1,3.950851440E0,-1.123095703E1,1.918640137E-1
2.770905312E1,3.339813232E0,-1.156843567E1,-2.546554565E0
2.771402748E1,1.096618652E0,-1.196257019E1,-4.622558594E0
2.771900185E1,-6.855926514E-1,-1.231552124E1,-6.009017944E0
2.772397621E1,-5.560607910E-1,-1.270448303E1,-6.652404785E0
2.772895058E1,3.328857422E-1,-1.339500427E1,-6.658569336E0
2.773392494E1,7.213439941E-1,-1.437316895E1,-6.377777100E0
2.773889931E1,3.140869141E-1,-1.559962463E1,-5.795654297E0
2.774387367E1,-1.816864014E-1,-1.684835815E1,-4.766235352E0
2.774884804E1,-6.024322510E-1,-1.788583374E1,-3.558593750E0
2.775382240E1,-5.341491699E-1,-1.837197876E1,-2.852188110E0
2.775879677E1,6.101989746E-2,-1.815176392E1,-2.759323120E0
2.776377113E1,8.036956787E-1,-1.744013977E1,-2.708724976E0
2.776874550E1,9.738311768E-1,-1.626112366E1,-2.579452515E0
2.777371986E1,5.465393066E-1,-1.483427429E1,-2.934234619E0
2.777869423E1,3.548431396E-1,-1.350477600E1,-3.443374634E0
2.778366859E1,9.422454834E-1,-1.226715088E1,-2.923568726E0
2.778864296E1,3.705902100E-1,-1.096076965E1,-1.980651855E0
2.779361732E1,-1.758758545E0,-9.938583374E0,-3.968811035E-1
2.779859169E1,-2.504135132E0,-9.647949219E0,1.804702759E0
2.780356606E1,-2.703155518E0,-9.863662720E0,3.017501831E0
2.780854042E1,-3.810104370E0,-9.706436157E0,3.651184082E0
2.781351479E1,-3.699417114E0,-9.496963501E0,4.429199219E0
2.781848915E1,-4.403091431E0,-9.294097900E0,5.174133301E0
2.782346352E1,-5.467208862E0,-9.123413086E0,5.335052490E0
2.782843788E1,-6.138595581E0,-9.121734619E0,4.601745605E0
2.783341225E1,-6.244476318E0,-9.356491089E0,2.829559326E0
2.783838661E1,-6.047592163E0,-9.565277100E0,5.393676758E-1
2.784336098E1,-5.747268677E0,-9.726440430E0,-2.102645874E0
2.784833534E1,-5.324645996E0,-9.752365112E0,-5.098648071E0
2.785330971E1,-4.717666626E0,-9.652404785E0,-7.894866943E0
2.785828407E1,-4.211517334E0,-9.435791016E0,-1.009031677E1
2.786325844E1,-3.589309692E0,-9.150863647E0,-1.140142822E1
2.786823280E1,-2.876602173E0,-8.811950684E0,-1.152061462E1
2.787320717E1,-2.228958130E0,-8.460769653E0,-1.049099731E1
2.787818153E1,-1.804351807E0,-8.045028687E0,-8.695449829E0
2.788315590E1,-1.509597778E0,-7.659912109E0,-6.527893066E0
2.788813026E1,-1.131134033E0,-7.326919556E0,-4.371505737E0
2.789310463E1,-7.165222168E-1,-6.976821899E0,-2.436325073E0
2.789807899E1,-3.887939453E-1,-6.639816284E0,-8.807373047E-1
2.790305336E1,-1.305999756E-1,-6.240036011E0,1.396484375E-1
2.790802772E1,2.539978027E-1,-5.834579468E0,7.361297607E-1
2.791300209E1,6.969146729E-1,-5.447311401E0,7.906494141E-1
2.791797646E1,1.138458252E0,-5.106948853E0,9.101867676E-2
2.792295082E1,1.606155396E0,-4.872406006E0,-1.104675293E0
2.792792519E1,2.065444946E0,-4.709671021E0,-2.259429932E0
2.793289955E1,2.420104980E0,-4.568222046E0,-3.033752441E0
2.793787392E1,2.599288940E0,-4.527694702E0,-3.532272339E0
2.794284828E1,2.587478638E0,-4.677185059E0,-3.838302612E0
2.794782265E1,2.473983765E0,-4.917358398E0,-4.029541016E0
2.795279701E1,2.167785645E0,-5.196411133E0,-4.199020386E0
2.795777138E1,1.743530273E0,-5.507858276E0,-4.336563110E0
2.796274574E1,1.292190552E0,-5.794204712E0,-4.283340454E0
2.796772011E1,8.210296631E-1,-5.990585327E0,-4.074920654E0
2.797269447E1,2.905273438E-1,-6.102752686E0,-3.838806152E0
2.797766884E1,-1.912384033E-1,-6.194091797E0,-3.640945435E0
2.798264320E1,-6.718139648E-1,-6.296493530E0,-3.510803223E0
2.798761757E1,-1.287612915E0,-6.359939575E0,-3.395523071E0
2.799259193E1,-2.125015259E0,-6.393447876E0,-3.300369263E0
2.799756630E1,-2.895767212E0,-6.380172729E0,-3.139007568E0
2.800254066E1,-3.422805786E0,-6.433059692E0,-3.024429321E0
2.800751503E1,-3.948043823E0,-6.568878174E0,-2.990982056E0
2.801248940E1,-4.565826416E0,-6.704193115E0,-3.167953491E0
2.801746376E1,-5.034347534E0,-6.777282715E0,-3.632644653E0
2.802243812E1,-5.131820679E0,-6.845046997E0,-4.350906372E0
2.802741249E1,-5.184112549E0,-6.959396362E0,-5.220199585E0
2.803238686E1,-5.198501587E0,-7.156158447E0,-5.990310669E0
2.803736122E1,-5.147705078E0,-7.419158936E0,-6.448410034E0
2.804233559E1,-5.097229004E0,-7.660842896E0,-6.589492798E0
2.804730995E1,-5.014190674E0,-7.888534546E0,-6.590225220E0
2.805228432E1,-5.012191772E0,-8.191406250E0,-6.538894653E0
2.805725868E1,-5.061431885E0,-8.536941528E0,-6.523101807E0
2.806223305E1,-5.148193359E0,-8.938339233E0,-6.676818848E0
2.806720741E1,-5.132064819E0,-9.384262085E0,-6.979263306E0
2.807218178E1,-4.954376221E0,-9.821624756E0,-7.330200195E0
2.807715614E1,-4.551544189E0,-1.011672974E1,-7.624099731E0
2.808213051E1,-4.019790649E0,-1.034547424E1,-7.735763550E0
2.808710487E1,-3.434890747E0,-1.044093323E1,-7.644638062E0
2.809207924E1,-2.869522095E0,-1.043257141E1,-7.390823364E0
2.809705360E1,-2.377761841E0,-1.034284973E1,-6.989334106E0
2.810202797E1,-2.063232422E0,-1.020478821E1,-6.546356201E0
2.810700233E1,-1.942443848E0,-1.012574768E1,-6.065063477E0
2.811197670E1,-2.044281006E0,-1.026672363E1,-5.601379395E0
2.811695107E1,-2.373672485E0,-1.078694153E1,-5.133422852E0
2.812192543E1,-2.842056274E0,-1.186521912E1,-4.566406250E0
2.812689980E1,-3.232925415E0,-1.359355164E1,-3.878982544E0
2.813187416E1,-3.591430664E0,-1.565138245E1,-3.074844360E0
2.813684853E1,-4.242233276E0,-1.775775146E1,-1.197845459E0
2.814182289E1,-5.515274048E0,-1.944198608E1,5.651702881E-1
2.814679726E1,-6.898895264E0,-2.003919983E1,-5.798645020E-1
2.815177162E1,-7.243927002E0,-1.957225037E1,-4.017990112E0
2.815674599E1,-6.647949219E0,-1.856709290E1,-6.824783325E0
2.816172035E1,-5.593505859E0,-1.748381042E1,-7.506546021E0
2.816669472E1,-4.455474854E0,-1.617312622E1,-6.576263428E0
2.817166908E1,-3.281250000E0,-1.458076477E1,-5.119338989E0
2.817664345E1,-2.545394897E0,-1.288467407E1,-3.816864014E0
2.818161781E1,-1.802413940E0,-1.131652832E1,-2.929733276E0
2.818659218E1,-1.304641724E0,-1.000146484E1,-2.222778320E0
2.819156654E1,-1.212738037E0,-8.951004028E0,-1.826049805E0
2.819654091E1,-1.068344116E0,-7.879302979E0,-1.752990723E0
2.820151527E1,-1.016494751E0,-6.683288574E0,-1.865112305E0
2.820648964E1,-8.683624268E-1,-5.518997192E0,-1.954711914E0
2.821146400E1,-1.491851807E-1,-4.584915161E0,-2.100967407E0
2.821643837E1,1.858520508E-1,-3.926559448E0,-2.038635254E0
2.822141274E1,2.304077148E-1,-3.445617676E0,-1.997589111E0
2.822638710E1,2.202148438E-1,-3.119781494E0,-1.705139160E0
2.823136147E1,7.584686279E-1,-2.891998291E0,-1.450653076E0
2.823633583E1,1.556976318E0,-2.885971069E0,-1.368179321E0
2.824131020E1,1.990081787E0,-3.134628296E0,-1.142272949E0
2.824628456E1,1.816162109E0,-3.678100586E0,-7.492370605E-1
2.825125893E1,9.568634033E-1,-4.382171631E0,-3.665618896E-1
2.825623329E1,6.434631348E-2,-5.236114502E0,-3.332214355E-1
2.826120766E1,-5.653228760E-1,-6.267547607E0,-4.167175293E-1
2.826618202E1,-7.882995605E-1,-7.441116333E0,-6.662292480E-1
2.827115639E1,-7.677612305E-1,-8.597305298E0,-1.169372559E0
2.827613075E1,-3.713531494E-1,-9.588867188E0,-1.290405273E0
2.828110512E1,-9.924621582E-1,-1.061781311E1,-1.826904297E0
2.828607948E1,-1.989730835E0,-1.163648987E1,-2.822998047E0
2.829105385E1,-1.874725342E0,-1.243887329E1,-2.649215698E0
2.829602821E1,-1.322433472E0,-1.302459717E1,-2.608032227E0
2.830100258E1,-1.340148926E0,-1.337516785E1,-3.481338501E0
2.830597694E1,-1.579544067E0,-1.342932129E1,-4.406311035E0
2.831095131E1,-1.465713501E0,-1.303150940E1,-4.002441406E0
2.831592567E1,-8.261108398E-1,-1.252929688E1,-4.135467529E0
2.832090004E1,1.998138428E-1,-1.183283997E1,-5.514266968E0
2.832587440E1,8.745880127E-1,-1.096749878E1,-6.321685791E0
2.833084877E1,8.476715088E-1,-1.026948547E1,-5.841781616E0
2.833582314E1,3.211364746E-1,-9.819793701E0,-4.493774414E0
2.834079750E1,-3.182983398E-2,-9.470199585E0,-3.566757202E0
2.834577187E1,-7.803344727E-2,-9.074951172E0,-3.765045166E0
2.835074623E1,4.132385254E-1,-8.663299561E0,-4.521408081E0
2.835572060E1,9.003143311E-1,-8.333236694E0,-5.126510620E0
2.836069496E1,1.264602661E0,-8.059646606E0,-5.430831909E0
2.836566933E1,1.429107666E0,-7.751358032E0,-5.239486694E0
2.837064369E1,1.638702393E0,-7.513717651E0,-5.054412842E0
2.837561806E1,1.943847656E0,-7.361221313E0,-5.013717651E0
2.838059242E1,2.210662842E0,-7.329650879E0,-5.033096313E0
2.838556679E1,2.252426147E0,-7.352569580E0,-4.699035645E0
2.839054115E1,2.082183838E0,-7.432174683E0,-4.157073975E0
2.839551552E1,1.710388184E0,-7.541397095E0,-2.952377319E0
2.840048988E1,1.080718994E0,-7.900802612E0,-1.126342773E0
2.840546425E1,2.264251709E-1,-8.423721313E0,-1.434326172E-1
2.841043861E1,-2.257232666E-1,-8.802322388E0,-4.142456055E-1
2.841541298E1,-3.894500732E-1,-9.104446411E0,-1.261077881E0
2.842038734E1,-5.870819092E-1,-9.241882324E0,-2.063369751E0
2.842536171E1,-1.113357544E0,-9.274169922E0,-2.627227783E0
2.843033607E1,-1.637222290E0,-9.265838623E0,-2.866378784E0
2.843531044E1,-2.038848877E0,-9.259033203E0,-2.775405884E0
2.844028480E1,-2.133926392E0,-9.175460815E0,-2.507827759E0
2.844525917E1,-2.127975464E0,-9.125076294E0,-2.223937988E0
2.845023354E1,-2.145523071E0,-9.145309448E0,-2.005447388E0
2.845520790E1,-2.090209961E0,-9.208572388E0,-1.803436279E0
2.846018227E1,-1.906280518E0,-9.239974976E0,-1.670379639E0
2.846515663E1,-1.770736694E0,-9.315750122E0,-1.607925415E0
2.847013100E1,-1.603347778E0,-9.385162354E0,-1.541442871E0
2.847510536E1,-1.402755737E0,-9.373794556E0,-1.495056152E0
2.848007973E1,-1.222351074E0,-9.424713135E0,-1.402236938E0
2.848505409E1,-1.051651001E0,-9.514007568E0,-1.229904175E0
2.849002846E1,-9.146728516E-1,-9.662384033E0,-1.091003418E0
2.849500282E1,-9.229736328E-1,-9.809753418E0,-9.960174561E-1
2.849997719E1,-9.862213135E-1,-9.919097900E0,-8.999633789E-1
2.850495155E1,-9.970703125E-1,-1.003306580E1,-8.304443359E-1
2.850992592E1,-1.025909424E0,-1.015974426E1,-8.545684814E-1
2.851490028E1,-1.058914185E0,-1.020610046E1,-9.574890137E-1
2.851987465E1,-1.077850342E0,-1.018582153E1,-1.158798218E0
2.852484901E1,-1.040817261E0,-1.007838440E1,-1.492431641E0
2.852982338E1,-9.253845215E-1,-9.913986206E0,-1.912017822E0
2.853479774E1,-8.594360352E-1,-9.800857544E0,-2.366424561E0
2.853977211E1,-7.493743896E-1,-9.675567627E0,-2.776535034E0
2.854474648E1,-6.751251221E-1,-9.521179199E0,-3.188415527E0
2.854972084E1,-6.858215332E-1,-9.381774902E0,-3.608016968E0
2.855469520E1,-7.094268799E-1,-9.239364624E0,-3.966873169E0
2.855966957E1,-8.081359863E-1,-9.090606689E0,-4.274002075E0
2.856464394E1,-8.964233398E-1,-8.874526978E0,-4.544204712E0
2.856961830E1,-9.477844238E-1,-8.614318848E0,-4.742874146E0
2.857459267E1,-9.416656494E-1,-8.279083252E0,-4.793334961E0
2.857956703E1,-8.339080811E-1,-7.963211060E0,-4.641586304E0
2.858454140E1,-8.795318604E-1,-7.737884521E0,-4.306793213E0
2.858951576E1,-8.138427734E-1,-7.596069336E0,-3.968170166E0
2.859449013E1,-6.963806152E-1,-7.566711426E0,-3.693847656E0
2.859946449E1,-3.950195312E-1,-7.645202637E0,-3.531280518E0
2.860443886E1,-8.616638184E-2,-7.870605469E0,-3.316665649E0
2.860941322E1,3.768615723E-1,-8.171447754E0,-3.198822021E0
2.861438759E1,6.023712158E-1,-8.636215210E0,-2.987136841E0
2.861936195E1,8.637084961E-1,-9.235473633E0,-2.815444946E0
2.862433632E1,1.150604248E0,-9.907730103E0,-2.629409790E0
2.862931068E1,1.460678101E0,-1.065698242E1,-2.533630371E0
2.863428505E1,1.777359009E0,-1.141148376E1,-2.574874878E0
2.863925941E1,2.071075439E0,-1.205181885E1,-2.661895752E0
2.864423378E1,2.227920532E0,-1.257717896E1,-2.773925781E0
2.864920815E1,2.402252197E0,-1.281213379E1,-2.787689209E0
2.865418251E1,2.485565186E0,-1.277349854E1,-2.913696289E0
2.865915688E1,1.566177368E0,-1.296371460E1,-3.686172485E0
2.866413124E1,6.612396240E-1,-1.335105896E1,-4.008499146E0
2.866910561E1,4.435729980E-1,-1.360479736E1,-3.940399170E0
2.867407997E1,3.534698486E-1,-1.378451538E1,-3.962249756E0
2.867905434E1,3.267974854E-1,-1.376354980E1,-4.238906860E0
2.868402870E1,1.903228760E-1,-1.361468506E1,-4.567764282E0
2.868900307E1,5.897521973E-2,-1.333010864E1,-4.770401001E0
2.869397743E1,-1.189727783E-1,-1.291517639E1,-4.780319214E0
2.869895180E1,-2.656250000E-1,-1.246183777E1,-4.694747925E0
2.870392616E1,-4.197540283E-1,-1.201249695E1,-4.587982178E0
2.870890053E1,-5.783843994E-1,-1.155624390E1,-4.568283081E0
2.871387489E1,-7.398986816E-1,-1.107650757E1,-4.624542236E0
2.871884926E1,-9.051361084E-1,-1.060131836E1,-4.748489380E0
2.872382362E1,-1.072067261E0,-1.008743286E1,-4.955520630E0
2.872879799E1,-1.215225220E0,-9.527755737E0,-5.235809326E0
2.873377235E1,-1.437545776E0,-8.921478271E0,-5.580734253E0
2.873874672E1,-1.712799072E0,-8.278823853E0,-5.902191162E0
2.874372108E1,-2.056533813E0,-7.676925659E0,-6.299880981E0
2.874869545E1,-2.502548218E0,-7.032577515E0,-6.515213013E0
2.875366982E1,-2.956359863E0,-6.371078491E0,-6.567382812E0
2.875864418E1,-3.376235962E0,-5.781494141E0,-6.452819824E0
2.876361855E1,-3.878097534E0,-5.329284668E0,-6.147323608E0
2.876859291E1,-4.294357300E0,-4.998046875E0,-5.729141235E0
2.877356728E1,-4.722290039E0,-4.787216187E0,-5.290802002E0
2.877854164E1,-5.059417725E0,-4.649765015E0,-4.759552002E0
2.878351601E1,-5.276550293E0,-4.604293823E0,-4.435501099E0
2.878849037E1,-5.280380249E0,-4.546371460E0,-4.107604980E0
2.879346474E1,-5.200363159E0,-4.571212769E0,-3.798141479E0
2.879843910E1,-5.048507690E0,-4.572845459E0,-3.632843018E0
2.880341347E1,-4.764785767E0,-4.655960083E0,-3.565658569E0
2.880838783E1,-4.779663086E0,-4.865707397E0,-3.110061646E0
2.881336220E1,-4.848510742E0,-5.148391724E0,-2.028671265E0
2.881833656E1,-4.183776855E0,-5.881149292E0,-1.051651001E0
2.882331093E1,-3.320999146E0,-6.875961304E0,-5.542449951E-1
2.882828529E1,-2.546310425E0,-7.858261108E0,-9.965515137E-2
2.883325966E1,-1.808914185E0,-8.794769287E0,3.608245850E-1
2.883823402E1,-9.621734619E-1,-9.883239746E0,9.985351562E-1
2.884320839E1,3.585205078E-1,-1.123065186E1,1.003494263E0
2.884818275E1,1.822082520E0,-1.279631042E1,5.268707275E-1
2.885315712E1,3.228225708E0,-1.430616760E1,-2.603912354E-1
2.885813148E1,4.779968262E0,-1.587486267E1,-1.495010376E0
2.886310585E1,5.605133057E0,-1.750506592E1,-3.075363159E0
2.886808022E1,5.239028931E0,-1.882737732E1,-5.364013672E0
2.887305458E1,4.768371582E0,-1.946916199E1,-7.794219971E0
2.887802895E1,4.727310181E0,-1.952409363E1,-9.294891357E0
2.888300331E1,4.081970215E0,-1.923661804E1,-9.874954224E0
2.888797768E1,2.660705566E0,-1.860639954E1,-9.483932495E0
2.889295204E1,1.635055542E0,-1.767553711E1,-7.959136963E0
2.889792641E1,1.314102173E0,-1.646096802E1,-5.848312378E0
2.890290077E1,9.851531982E-1,-1.515826416E1,-3.638610840E0
2.890787514E1,7.654571533E-1,-1.380329895E1,-1.643554688E0
2.891284950E1,1.562362671E0,-1.239149475E1,-5.630187988E-1
2.891782387E1,2.032562256E0,-1.117124939E1,-2.788391113E-1
2.892279823E1,1.184219360E0,-1.030053711E1,-5.577392578E-1
2.892777260E1,-3.662719727E-1,-9.729598999E0,-5.539093018E-1
2.893274696E1,-2.169250488E0,-9.221786499E0,1.699218750E-1
2.893772133E1,-4.415054321E0,-8.378158569E0,1.046112061E0
2.894269569E1,-5.576339722E0,-7.658447266E0,3.507629395E0
2.894767006E1,-7.123001099E0,-7.973419189E0,3.067214966E0
2.895264442E1,-7.174285889E0,-8.627273560E0,2.865432739E0
2.895761879E1,-7.611755371E0,-8.616088867E0,3.499862671E0
2.896259315E1,-7.976852417E0,-8.306777954E0,3.784805298E0
2.896756752E1,-7.623703003E0,-8.082122803E0,3.550811768E0
2.897254189E1,-7.383773804E0,-7.774505615E0,2.717010498E0
2.897751625E1,-6.131576538E0,-7.706726074E0,1.106292725E0
2.898249062E1,-4.482498169E0,-8.029479980E0,-9.776916504E-1
2.898746498E1,-4.173828125E0,-8.065612793E0,-2.822601318E0
2.899243935E1,-4.577453613E0,-8.005981445E0,-4.772613525E0
2.899741371E1,-4.364624023E0,-7.856491089E0,-7.349105835E0
2.900238808E1,-3.776077271E0,-7.627578735E0,-1.003627014E1
2.900736244E1,-2.673446655E0,-7.377487183E0,-1.144302368E1
2.901233681E1,-1.480545044E0,-7.161529541E0,-1.089602661E1
2.901731117E1,-5.051727295E-1,-6.978118896E0,-9.067260742E0
2.902228554E1,3.634948730E-1,-6.862411499E0,-6.806976318E0
2.902725990E1,1.058090210E0,-6.732788086E0,-4.313140869E0
2.903223427E1,1.220855713E0,-6.611663818E0,-1.819091797E0
2.903720863E1,1.006408691E0,-6.490615845E0,8.252258301E-1
2.904218300E1,8.707427979E-1,-6.363952637E0,3.467514038E0
2.904715736E1,1.032546997E0,-6.250930786E0,4.060287476E0
2.905213173E1,1.617431641E0,-6.192169189E0,2.033782959E0
2.905710609E1,2.499114990E0,-6.227874756E0,-5.908508301E-1
2.906208046E1,3.146347046E0,-6.361114502E0,-1.855041504E0
2.906705482E1,3.478164673E0,-6.589553833E0,-2.024612427E0
2.907202919E1,3.624969482E0,-6.831268311E0,-1.897598267E0
2.907700356E1,3.749679565E0,-6.995391846E0,-2.066101074E0
2.908197792E1,3.623153687E0,-6.994522095E0,-2.601272583E0
2.908695229E1,3.115554810E0,-6.836547852E0,-3.223632812E0
2.909192665E1,2.454620361E0,-6.642410278E0,-3.727935791E0
2.909690102E1,1.801467896E0,-6.492172241E0,-4.010040283E0
2.910187538E1,1.119400024E0,-6.321960449E0,-3.948760986E0
2.910684975E1,3.480072021E-1,-6.102401733E0,-3.734130859E0
2.911182411E1,-4.133300781E-1,-5.896270752E0,-3.483215332E0
2.911679848E1,-1.379348755E0,-5.714721680E0,-3.344360352E0
2.912177284E1,-2.317047119E0,-5.581710815E0,-3.538253784E0
2.912674721E1,-3.242279053E0,-5.555419922E0,-3.911804199E0
2.913172157E1,-3.972320557E0,-5.619522095E0,-4.303146362E0
2.913669594E1,-4.907363892E0,-5.675460815E0,-4.674377441E0
2.914167030E1,-5.961593628E0,-5.709777832E0,-5.104721069E0
2.914664467E1,-6.736404419E0,-5.785919189E0,-5.448684692E0
2.915161903E1,-7.279693604E0,-6.003219604E0,-5.743667603E0
2.915659340E1,-7.592498779E0,-6.233688354E0,-6.054229736E0
2.916156776E1,-7.767395020E0,-6.612609863E0,-6.291595459E0
2.916654213E1,-7.816741943E0,-7.167572021E0,-6.529830933E0
2.917151649E1,-8.082290649E0,-7.792648315E0,-6.979995728E0
2.917649086E1,-8.050460815E0,-8.551162720E0,-7.721237183E0
2.918146522E1,-7.861343384E0,-9.476303101E0,-8.657211304E0
2.918643959E1,-7.747665405E0,-1.030371094E1,-9.506774902E0
2.919141396E1,-7.400222778E0,-1.097752380E1,-1.028993225E1
2.919638832E1,-6.692703247E0,-1.138165283E1,-1.118693542E1
2.920136269E1,-5.518127441E0,-1.157362366E1,-1.181990051E1
2.920633705E1,-4.460723877E0,-1.152255249E1,-1.198002625E1
2.921131142E1,-3.742584229E0,-1.138066101E1,-1.159719849E1
2.921628578E1,-3.298797607E0,-1.138108826E1,-1.068449402E1
2.922126015E1,-3.023849487E0,-1.174122620E1,-9.445007324E0
2.922623451E1,-2.927932739E0,-1.241046143E1,-8.010299683E0
2.923120888E1,-2.792343140E0,-1.339271545E1,-6.493286133E0
2.923618324E1,-2.523193359E0,-1.467720032E1,-4.943710327E0
2.924115761E1,-2.555328369E0,-1.610134888E1,-3.525436401E0
2.924613197E1,-3.139465332E0,-1.726472473E1,-2.349075317E0
2.925110634E1,-3.974731445E0,-1.803997803E1,-1.571548462E0
2.925608070E1,-4.684249878E0,-1.845709229E1,-1.097961426E0
2.926105507E1,-5.027175903E0,-1.851014709E1,-8.456115723E-1
2.926602943E1,-5.010665894E0,-1.793930054E1,-1.307830811E0
2.927100380E1,-4.577713013E0,-1.649696350E1,-2.188003540E0
2.927597816E1,-4.014053345E0,-1.457769775E1,-2.592636108E0
2.928095253E1,-3.684417725E0,-1.295002747E1,-2.463516235E0
2.928592690E1,-3.420425415E0,-1.181076050E1,-2.119262695E0
2.929090126E1,-2.831817627E0,-1.069136047E1,-1.739074707E0
2.929587562E1,-2.029586792E0,-9.541320801E0,-1.391921997E0
2.930084999E1,-1.389938354E0,-8.495361328E0,-1.142822266E0
2.930582436E1,-1.201141357E0,-7.648651123E0,-1.007568359E0
2.931079872E1,-1.284179688E0,-6.914779663E0,-9.408569336E-1
2.931577309E1,-1.069259644E0,-6.074752808E0,-1.150253296E0
2.932074745E1,-8.022918701E-1,-5.195373535E0,-1.652404785E0
2.932572182E1,-9.240875244E-1,-4.566268921E0,-2.092987061E0
2.933069618E1,-7.656402588E-1,-4.267120361E0,-2.423339844E0
2.933567055E1,-4.300231934E-1,-4.151657104E0,-2.347000122E0
2.934064491E1,-2.093505859E-2,-4.170135498E0,-2.071655273E0
2.934561928E1,4.887542725E-1,-4.304016113E0,-1.919494629E0
2.935059364E1,5.735473633E-1,-4.600799561E0,-1.858047485E0
2.935556801E1,8.014831543E-1,-5.074493408E0,-1.702514648E0
2.936054237E1,4.596099854E-1,-5.510742188E0,-1.061981201E0
2.936551674E1,9.540863037E-1,-6.425994873E0,-2.528381348E-1
2.937049110E1,1.180938721E0,-7.277694702E0,-2.939453125E-1
2.937546547E1,1.178970337E0,-8.143844604E0,-9.791412354E-1
2.938043983E1,6.893310547E-1,-9.048461914E0,-1.636459351E0
2.938541420E1,3.947753906E-1,-9.722579956E0,-2.245437622E0
2.939038857E1,4.798736572E-1,-1.011616516E1,-2.618209839E0
2.939536293E1,4.888763428E-1,-1.048033142E1,-2.589126587E0
2.940033730E1,1.426696777E-2,-1.082922363E1,-2.227066040E0
2.940531166E1,-4.553833008E-1,-1.115550232E1,-2.036560059E0
2.941028603E1,-7.801208496E-1,-1.143318176E1,-2.222686768E0
2.941526039E1,-1.110565186E0,-1.164472961E1,-2.615417480E0
2.942023476E1,-1.688629150E0,-1.162802124E1,-3.033737183E0
2.942520912E1,-2.584106445E0,-1.117375183E1,-3.657775879E0
2.943018349E1,-2.667526245E0,-1.040899658E1,-4.162673950E0
2.943515785E1,-1.199005127E0,-9.840530396E0,-4.807052612E0
2.944013222E1,-2.065582275E-1,-9.473800659E0,-5.854797363E0
2.944510658E1,-2.375488281E-1,-9.279312134E0,-5.943496704E0
2.945008095E1,-6.598968506E-1,-9.362716675E0,-5.969390869E0
2.945505531E1,-1.048126221E0,-9.477859497E0,-6.415969849E0
2.946002968E1,-1.122711182E0,-9.245742798E0,-6.742401123E0
2.946500404E1,-9.250488281E-1,-8.790359497E0,-6.880035400E0
2.946997841E1,-4.530334473E-1,-8.385299683E0,-6.588607788E0
2.947495277E1,3.993225098E-1,-8.181381226E0,-5.827148438E0
2.947992714E1,1.722137451E0,-8.190765381E0,-4.805358887E0
2.948490150E1,3.254455566E0,-8.341094971E0,-3.867340088E0
2.948987587E1,4.398910522E0,-8.574661255E0,-3.198867798E0
2.949485024E1,4.751846313E0,-8.737442017E0,-2.900054932E0
2.949982460E1,4.267913818E0,-8.708831787E0,-2.806442261E0
2.950479897E1,3.384765625E0,-8.447341919E0,-2.935821533E0
2.950977333E1,2.421417236E0,-8.175537109E0,-3.071655273E0
2.951474770E1,1.440200806E0,-8.031768799E0,-3.219284058E0
2.951972206E1,4.278717041E-1,-8.086898804E0,-3.253448486E0
2.952469643E1,-3.390960693E-1,-8.209655762E0,-3.045608521E0
2.952967079E1,-1.173660278E0,-8.426895142E0,-2.704727173E0
2.953464516E1,-1.959930420E0,-8.740066528E0,-2.109878540E0
2.953961952E1,-2.418746948E0,-9.075485229E0,-1.506164551E0
2.954459389E1,-2.584426880E0,-9.288711548E0,-1.207321167E0
2.954956825E1,-2.574661255E0,-9.358947754E0,-1.067642212E0
2.955454262E1,-2.567123413E0,-9.337768555E0,-1.290328979E0
2.955951698E1,-2.553024292E0,-9.230545044E0,-1.635925293E0
2.956449135E1,-2.479171753E0,-9.142211914E0,-1.916564941E0
2.956946571E1,-2.285919189E0,-8.974533081E0,-2.076568604E0
2.957444008E1,-2.175003052E0,-8.917617798E0,-2.095016479E0
2.957941444E1,-2.091552734E0,-9.002227783E0,-1.890838623E0
2.958438881E1,-2.008560181E0,-9.121597290E0,-1.584365845E0
2.958936317E1,-1.855926514E0,-9.245315552E0,-1.202651978E0
2.959433754E1,-1.722137451E0,-9.365615845E0,-8.813018799E-1
2.959931190E1,-1.590789795E0,-9.482604980E0,-6.635894775E-1
2.960428627E1,-1.493316650E0,-9.566528320E0,-5.939941406E-1
2.960926064E1,-1.502731323E0,-9.614303589E0,-7.428894043E-1
2.961423500E1,-1.549316406E0,-9.639770508E0,-9.987487793E-1
2.961920937E1,-1.388641357E0,-9.639663696E0,-1.232528687E0
2.962418373E1,-1.190750122E0,-9.688720703E0,-1.345550537E0
2.962915810E1,-8.041839600E-1,-9.715026855E0,-1.349060059E0
2.963413246E1,-7.288970947E-1,-9.730987549E0,-1.661392212E0
2.963910683E1,-1.293228149E0,-9.945861816E0,-2.176971436E0
2.964408119E1,-1.487121582E0,-1.018601990E1,-2.308532715E0
2.964905556E1,-1.340866089E0,-1.027207947E1,-2.324569702E0
2.965402992E1,-1.120269775E0,-1.022917175E1,-2.441452026E0
2.965900429E1,-9.616088867E-1,-1.013320923E1,-2.639678955E0
2.966397865E1,-9.336853027E-1,-1.004496765E1,-2.821380615E0
2.966895302E1,-9.438629150E-1,-9.919494629E0,-3.007843018E0
2.967392738E1,-9.436340332E-1,-9.792922974E0,-3.238052368E0
2.967890175E1,-8.892059326E-1,-9.652145386E0,-3.475509644E0
2.968387611E1,-9.132843018E-1,-9.507827759E0,-3.724517822E0
2.968885048E1,-1.092117310E0,-9.360046387E0,-3.997985840E0
2.969382484E1,-1.250442505E0,-9.148620605E0,-4.254211426E0
2.969879921E1,-1.390441895E0,-8.894577026E0,-4.557464600E0
2.970377357E1,-1.353515625E0,-8.606109619E0,-4.865783691E0
2.970874794E1,-1.507919312E0,-8.343139648E0,-5.097106934E0
2.971372230E1,-1.667266846E0,-8.038223267E0,-5.242263794E0
2.971869667E1,-1.492187500E0,-7.704559326E0,-5.381591797E0
2.972367104E1,-1.323455811E0,-7.483154297E0,-5.503936768E0
2.972864540E1,-1.098022461E0,-7.347259521E0,-5.525573730E0
2.973361977E1,-7.274932861E-1,-7.290206909E0,-5.517715454E0
2.973859413E1,-3.032226562E-1,-7.363708496E0,-5.355117798E0
2.974356850E1,4.197692871E-2,-7.592239380E0,-5.099288940E0
2.974854286E1,3.999328613E-1,-7.884124756E0,-4.956161499E0
2.975351723E1,5.710906982E-1,-8.340820312E0,-4.806457520E0
2.975849159E1,8.701324463E-1,-8.756851196E0,-4.656326294E0
2.976346596E1,1.315887451E0,-9.165328979E0,-4.326156616E0
2.976844032E1,1.765518188E0,-9.559494019E0,-3.983047485E0
2.977341469E1,2.035095215E0,-9.917633057E0,-3.695465088E0
2.977838905E1,2.140899658E0,-1.027806091E1,-3.504287720E0
2.978336342E1,2.173934937E0,-1.065425110E1,-3.339508057E0
2.978833778E1,1.982162476E0,-1.103221130E1,-3.099731445E0
2.979331215E1,1.597747803E0,-1.134449768E1,-2.823303223E0
2.979828651E1,1.099685669E0,-1.160336304E1,-2.530685425E0
2.980326088E1,5.612792969E-1,-1.177145386E1,-2.276382446E0
2.980823524E1,2.754211426E-2,-1.189053345E1,-2.091873169E0
2.981320961E1,-3.528289795E-1,-1.202473450E1,-2.000259399E0
2.981818398E1,-7.004394531E-1,-1.216392517E1,-2.002471924E0
2.982315834E1,-1.091323853E0,-1.230146790E1,-2.111175537E0
2.982813270E1,-1.412994385E0,-1.239389038E1,-2.307006836E0
2.983310707E1,-1.664077759E0,-1.240821838E1,-2.555664062E0
2.983808144E1,-1.826812744E0,-1.233831787E1,-2.831527710E0
2.984305580E1,-1.950317383E0,-1.219664001E1,-3.032012939E0
2.984803017E1,-2.024581909E0,-1.193299866E1,-3.161514282E0
2.985300453E1,-2.030731201E0,-1.152560425E1,-3.290832520E0
2.985797890E1,-1.888732910E0,-1.093888855E1,-3.433654785E0
2.986295326E1,-1.561309814E0,-1.022570801E1,-3.677612305E0
2.986792763E1,-1.191482544E0,-9.503601074E0,-4.025650024E0
2.987290199E1,-9.118347168E-1,-8.857406616E0,-4.334640503E0
2.987787636E1,-7.293243408E-1,-8.356719971E0,-4.528289795E0
2.988285072E1,-6.259765625E-1,-8.021697998E0,-4.660415649E0
2.988782509E1,-5.148925781E-1,-7.748184204E0,-4.740356445E0
2.989279945E1,-4.411773682E-1,-7.566864014E0,-4.799041748E0
2.989777382E1,-4.949188232E-1,-7.361663818E0,-4.814208984E0
2.990274818E1,-5.841827393E-1,-7.176971436E0,-4.913436890E0
2.990772255E1,-7.475128174E-1,-6.967025757E0,-5.028549194E0
2.991269691E1,-9.508361816E-1,-6.812301636E0,-5.367309570E0
2.991767128E1,-1.131393433E0,-6.576919556E0,-5.604949951E0
2.992264565E1,-1.298568726E0,-6.327011108E0,-5.773712158E0
2.992762001E1,-1.529968262E0,-6.114791870E0,-5.870727539E0
2.993259438E1,-1.562362671E0,-6.112060547E0,-6.071838379E0
2.993756874E1,-1.712203979E0,-6.160156250E0,-6.163040161E0
2.994254311E1,-2.008956909E0,-6.319839478E0,-6.047286987E0
2.994751747E1,-2.209884644E0,-6.484146118E0,-5.651046753E0
2.995249184E1,-2.370986938E0,-6.681915283E0,-5.022888184E0
2.995746620E1,-2.512145996E0,-6.966934204E0,-4.162963867E0
2.996244057E1,-2.563812256E0,-7.328659058E0,-2.930664062E0
2.996741493E1,-2.261901855E0,-8.125122070E0,-1.432235718E0
2.997238930E1,-1.807632446E0,-8.852584839E0,-2.019042969E-1
2.997736366E1,-9.292907715E-1,-9.279357910E0,8.076477051E-1
2.998233803E1,4.972076416E-1,-9.518554688E0,1.794937134E0
2.998731239E1,2.035308838E0,-9.826919556E0,2.538665771E0
2.999228676E1,3.310379028E0,-1.021255493E1,2.444229126E0
2.999726112E1,3.528457642E0,-1.076347351E1,1.048843384E0
3.000223549E1,2.759582520E0,-1.155033875E1,-1.212539673E0
3.000720985E1,1.904754639E0,-1.238047791E1,-3.431777954E0
3.001218422E1,8.306121826E-1,-1.323788452E1,-4.822036743E0
3.001715858E1,-4.492950439E-1,-1.413496399E1,-5.280517578E0
3.002213295E1,-5.070037842E-1,-1.495701599E1,-5.328506470E0
3.002710732E1,4.408264160E-2,-1.584494019E1,-5.169677734E0
3.003208168E1,5.076904297E-1,-1.692601013E1,-4.835678101E0
3.003705605E1,5.215301514E-1,-1.788652039E1,-4.230743408E0
3.004203041E1,-1.107635498E-1,-1.832923889E1,-3.511581421E0
3.004700478E1,-1.008880615E0,-1.818751526E1,-2.917221069E0
3.005197914E1,-1.804702759E0,-1.766629028E1,-2.314804077E0
3.005695351E1,-1.784744263E0,-1.684999084E1,-1.876052856E0
3.006192787E1,-5.907440186E-1,-1.564910889E1,-1.943908691E0
3.006690224E1,4.830474854E-1,-1.422645569E1,-2.040359497E0
3.007187660E1,5.179138184E-1,-1.283221436E1,-1.905944824E0
3.007685097E1,6.892395020E-2,-1.158546448E1,-1.954040527E0
3.008182533E1,-2.543945312E-1,-1.067384338E1,-1.644683838E0
3.008679970E1,-1.280776978E0,-9.900100708E0,-6.626434326E-1
3.009177406E1,-3.042572021E0,-9.179977417E0,8.724365234E-1
3.009674843E1,-3.795074463E0,-8.872024536E0,2.470169067E0
3.010172279E1,-4.913055420E0,-8.713119507E0,5.040237427E0
3.010669716E1,-5.452590942E0,-8.509307861E0,4.742431641E0
3.011167152E1,-5.080307007E0,-8.460144043E0,4.140045166E0
3.011664589E1,-5.372772217E0,-8.259735107E0,4.056930542E0
3.012162025E1,-6.033432007E0,-7.938751221E0,4.112686157E0
3.012659462E1,-6.175292969E0,-8.127731323E0,3.002075195E0
3.013156898E1,-5.699462891E0,-8.443984985E0,1.029632568E0
3.013654335E1,-5.180511475E0,-8.665496826E0,-1.507553101E0
3.014151772E1,-4.473617554E0,-8.840377808E0,-4.339813232E0
3.014649208E1,-3.717941284E0,-9.017776489E0,-7.048995972E0
3.015146645E1,-2.813644409E0,-9.185104370E0,-9.190902710E0
3.015644081E1,-1.961730957E0,-9.318542480E0,-1.027644348E1
3.016141518E1,-1.323074341E0,-9.356628418E0,-1.040470886E1
3.016638954E1,-1.092285156E0,-9.365737915E0,-9.721862793E0
3.017136391E1,-1.060134888E0,-9.283874512E0,-8.396240234E0
3.017633827E1,-1.135848999E0,-9.072494507E0,-6.811523438E0
3.018131264E1,-1.209869385E0,-8.778228760E0,-5.214630127E0
3.018628700E1,-1.027893066E0,-8.397521973E0,-3.508361816E0
3.019126137E1,-7.248382568E-1,-7.931045532E0,-1.799606323E0
3.019623573E1,-4.671630859E-1,-7.465637207E0,-9.472656250E-2
3.020121010E1,-2.498779297E-1,-7.035522461E0,1.513641357E0
3.020618446E1,2.077026367E-1,-6.677810669E0,2.021469116E0
3.021115883E1,9.178771973E-1,-6.501831055E0,7.685089111E-1
3.021613319E1,1.589813232E0,-6.491134644E0,-1.179397583E0
3.022110756E1,2.124420166E0,-6.521255493E0,-2.691268921E0
3.022608192E1,2.399856567E0,-6.503845215E0,-3.412368774E0
3.023105629E1,2.589309692E0,-6.455749512E0,-3.717315674E0
3.023603065E1,2.752990723E0,-6.512313843E0,-3.926712036E0
3.024100502E1,2.775375366E0,-6.687591553E0,-3.975341797E0
3.024597939E1,2.581329346E0,-6.803466797E0,-3.874725342E0
3.025095375E1,2.156646729E0,-6.860107422E0,-3.694320679E0
3.025592812E1,1.504684448E0,-6.930740356E0,-3.506027222E0
3.026090248E1,8.007202148E-1,-6.942596436E0,-3.314636230E0
3.026587685E1,9.915161133E-2,-6.860168457E0,-3.143783569E0
3.027085121E1,-5.511474609E-1,-6.786712646E0,-2.823684692E0
3.027582558E1,-1.050796509E0,-6.742828369E0,-2.370071411E0
3.028079994E1,-1.812698364E0,-6.817047119E0,-1.889877319E0
3.028577431E1,-2.737365723E0,-6.934173584E0,-1.545532227E0
3.029074867E1,-3.523193359E0,-6.882858276E0,-1.459838867E0
3.029572304E1,-4.147048950E0,-6.658615112E0,-1.675292969E0
3.030069740E1,-4.762649536E0,-6.369140625E0,-1.981216431E0
3.030567177E1,-5.249588013E0,-6.029281616E0,-2.325012207E0
3.031064613E1,-5.546569824E0,-5.726379395E0,-2.844848633E0
3.031562050E1,-5.772171021E0,-5.542068481E0,-3.763580322E0
3.032059486E1,-5.991287231E0,-5.360671997E0,-4.957504272E0
3.032556923E1,-5.984741211E0,-5.093719482E0,-6.167022705E0
3.033054359E1,-5.906936646E0,-5.003372192E0,-7.098831177E0
3.033551796E1,-5.355499268E0,-5.185974121E0,-7.750778198E0
3.034049232E1,-4.926086426E0,-5.652786255E0,-8.386642456E0
3.034546669E1,-4.568344116E0,-6.224197388E0,-9.177902222E0
3.035044106E1,-4.623001099E0,-6.888595581E0,-9.886108398E0
3.035541542E1,-4.633239746E0,-7.633056641E0,-1.037710571E1
3.036038979E1,-4.451660156E0,-8.357986450E0,-1.069006348E1
3.036536415E1,-3.981185913E0,-8.923675537E0,-1.086355591E1
3.037033852E1,-3.273147583E0,-9.364562988E0,-1.085340881E1
3.037531288E1,-2.515731812E0,-9.688354492E0,-1.062503052E1
3.038028725E1,-2.026443481E0,-9.958892822E0,-1.021609497E1
3.038526161E1,-1.996032715E0,-1.022996521E1,-9.700500488E0
3.039023598E1,-2.305038452E0,-1.060804749E1,-8.999938965E0
3.039521034E1,-2.648651123E0,-1.118948364E1,-8.059539795E0
3.040018471E1,-2.944046021E0,-1.201188660E1,-6.951965332E0
3.040515907E1,-3.082244873E0,-1.316757202E1,-5.661834717E0
3.041013344E1,-3.064834595E0,-1.472903442E1,-4.220520020E0
3.041510780E1,-3.464019775E0,-1.669285583E1,-1.964614868E0
3.042008217E1,-4.573043823E0,-1.904249573E1,2.726989746E0
3.042505653E1,-6.105407715E0,-2.104357910E1,7.352615356E0
3.043003090E1,-6.835311890E0,-2.127304077E1,6.633880615E0
3.043500526E1,-5.977111816E0,-1.967898560E1,1.178070068E0
3.043997963E1,-4.801208496E0,-1.811103821E1,-3.715957642E0
3.044495399E1,-4.050140381E0,-1.741783142E1,-5.881317139E0
3.044992836E1,-3.448226929E0,-1.709268188E1,-5.932556152E0
3.045490272E1,-2.673736572E0,-1.648254395E1,-4.994705200E0
3.045987709E1,-1.633377075E0,-1.511755371E1,-3.819412231E0
3.046485146E1,-4.824981689E-1,-1.291403198E1,-2.794158936E0
3.046982582E1,2.066955566E-1,-1.059767151E1,-2.073501587E0
3.047480019E1,-2.583465576E-1,-8.930160522E0,-1.662078857E0
3.047977455E1,-9.473266602E-1,-7.592864990E0,-1.302398682E0
3.048474892E1,-1.190246582E0,-6.420654297E0,-9.307250977E-1
3.048972328E1,-1.266784668E0,-5.360717773E0,-6.232604980E-1
3.049469765E1,-1.416839600E0,-4.514114380E0,-2.712554932E-1
3.049967201E1,-8.785400391E-1,-3.842300415E0,-2.001037598E-1
3.050464638E1,-5.784759521E-1,-3.686721802E0,-1.264343262E-1
3.050962074E1,-3.948974609E-2,-3.851425171E0,-2.264404297E-2
3.051459511E1,8.947296143E-1,-4.123916626E0,-1.717071533E-1
3.051956947E1,1.541046143E0,-4.494796753E0,-4.628906250E-1
3.052454384E1,1.765808105E0,-4.922683716E0,-7.372589111E-1
3.052951820E1,1.233367920E0,-5.493164062E0,-6.631622314E-1
3.053449257E1,6.091613770E-1,-6.214599609E0,-5.964813232E-1
3.053946693E1,1.207122803E-1,-7.037673950E0,-6.240081787E-1
3.054444130E1,-4.819641113E-1,-7.982177734E0,-5.160827637E-1
3.054941566E1,-7.173156738E-2,-9.054000854E0,-8.222351074E-1
3.055439003E1,3.814544678E-1,-1.011376953E1,-1.295349121E0
3.055936440E1,7.119903564E-1,-1.106512451E1,-1.956237793E0
3.056433876E1,7.761688232E-1,-1.176118469E1,-2.518447876E0
3.056931312E1,3.873291016E-1,-1.206269836E1,-2.895004272E0
3.057428749E1,-2.107696533E-1,-1.220916748E1,-3.343109131E0
3.057926186E1,-6.724853516E-1,-1.228738403E1,-3.991775513E0
3.058423622E1,-1.185592651E0,-1.208482361E1,-4.720169067E0
3.058921059E1,-1.586013794E0,-1.166479492E1,-5.610122681E0
3.059418495E1,-1.285324097E0,-1.088681030E1,-5.969726562E0
3.059915932E1,-8.372497559E-1,-1.007440186E1,-6.157363892E0
3.060413368E1,-4.383392334E-1,-9.303894043E0,-5.977890015E0
3.060910805E1,4.879302979E-1,-8.775375366E0,-6.399902344E0
3.061408241E1,1.002914429E0,-8.647476196E0,-6.741256714E0
3.061905678E1,7.370605469E-1,-8.644302368E0,-6.361038208E0
3.062403114E1,6.133880615E-1,-8.636093140E0,-6.169281006E0
3.062900551E1,5.948638916E-1,-8.589050293E0,-5.816848755E0
3.063397987E1,8.242340088E-1,-8.506698608E0,-5.118469238E0
3.063895424E1,1.159011841E0,-8.405502319E0,-4.508392334E0
3.064392860E1,1.270660400E0,-8.441101074E0,-4.336456299E0
3.064890297E1,1.235214233E0,-8.515731812E0,-4.559585571E0
3.065387733E1,1.374938965E0,-8.439208984E0,-5.124603271E0
3.065885170E1,1.812515259E0,-8.227783203E0,-5.473861694E0
3.066382607E1,2.166351318E0,-7.998077393E0,-5.362304688E0
3.066880043E1,1.933044434E0,-7.886245728E0,-5.056198120E0
3.067377480E1,1.101043701E0,-8.043197632E0,-4.640045166E0
3.067874916E1,1.695404053E-1,-8.312667847E0,-3.951477051E0
3.068372353E1,-3.988800049E-1,-8.539855957E0,-2.988265991E0
3.068869789E1,-8.110809326E-1,-8.697921753E0,-2.059341431E0
3.069367226E1,-1.045761108E0,-8.891967773E0,-6.891174316E-1
3.069864662E1,-1.203201294E0,-9.119705200E0,1.484527588E-1
3.070362099E1,-1.546234131E0,-9.405227661E0,1.988677979E-1
3.070859535E1,-1.811706543E0,-9.668594360E0,-3.322448730E-1
3.071356972E1,-1.840835571E0,-9.689605713E0,-1.073028564E0
3.071854408E1,-1.722686768E0,-9.580947876E0,-1.691009521E0
3.072351845E1,-1.727691650E0,-9.412490845E0,-1.953353882E0
3.072849281E1,-1.774276733E0,-9.212646484E0,-1.994964600E0
3.073346718E1,-1.859375000E0,-9.090805054E0,-1.966781616E0
3.073844154E1,-1.920516968E0,-8.973098755E0,-1.911041260E0
3.074341591E1,-1.909362793E0,-8.897949219E0,-1.863555908E0
3.074839027E1,-1.814483643E0,-8.886474609E0,-1.785568237E0
3.075336464E1,-1.682723999E0,-8.916778564E0,-1.662826538E0
3.075833900E1,-1.526275635E0,-8.952941895E0,-1.543212891E0
3.076331337E1,-1.418838501E0,-9.069992065E0,-1.461257935E0
3.076828774E1,-1.270111084E0,-9.243286133E0,-1.415328979E0
3.077326210E1,-1.063552856E0,-9.350891113E0,-1.508193970E0
3.077823647E1,-8.991088867E-1,-9.476119995E0,-1.739730835E0
3.078321083E1,-8.205108643E-1,-9.608932495E0,-2.019119263E0
3.078818520E1,-7.758026123E-1,-9.723205566E0,-2.277862549E0
3.079315956E1,-7.746734619E-1,-9.835525513E0,-2.432769775E0
3.079813393E1,-8.842773438E-1,-9.980239868E0,-2.526947021E0
3.080310829E1,-1.062896729E0,-1.008116150E1,-2.568557739E0
3.080808266E1,-1.219451904E0,-1.005500793E1,-2.638015747E0
3.081305702E1,-1.322448730E0,-9.958724976E0,-2.744491577E0
3.081803139E1,-1.358200073E0,-9.824066162E0,-2.825698853E0
3.082300575E1,-1.341033936E0,-9.694183350E0,-2.967071533E0
3.082798012E1,-1.297271729E0,-9.521392822E0,-3.138778687E0
3.083295448E1,-1.285232544E0,-9.311538696E0,-3.388244629E0
3.083792885E1,-1.294860840E0,-9.098449707E0,-3.631637573E0
3.084290321E1,-1.336929321E0,-8.901153564E0,-3.896743774E0
3.084787758E1,-1.347106934E0,-8.729873657E0,-4.175170898E0
3.085285194E1,-1.360092163E0,-8.594680786E0,-4.435836792E0
3.085782631E1,-1.461502075E0,-8.529678345E0,-4.669570923E0
3.086280067E1,-1.485244751E0,-8.390838623E0,-4.799926758E0
3.086777504E1,-1.557601929E0,-8.344085693E0,-4.785018921E0
3.087274940E1,-1.598220825E0,-8.226852417E0,-4.753387451E0
3.087772377E1,-1.563507080E0,-8.041061401E0,-4.665603638E0
3.088269814E1,-1.426055908E0,-7.840545654E0,-4.562118530E0
3.088767250E1,-1.288330078E0,-7.658523560E0,-4.445312500E0
3.089264687E1,-1.174102783E0,-7.515884399E0,-4.309036255E0
3.089762123E1,-9.663391113E-1,-7.481109619E0,-4.195495605E0
3.090259560E1,-7.439422607E-1,-7.512847900E0,-3.980545044E0
3.090756996E1,-4.548797607E-1,-7.630523682E0,-3.833755493E0
3.091254433E1,-1.516876221E-1,-7.804458618E0,-3.713882446E0
3.091751869E1,2.947998047E-1,-7.957061768E0,-3.650283813E0
3.092249306E1,8.116455078E-1,-8.117477417E0,-3.608642578E0
3.092746742E1,1.283309937E0,-8.326797485E0,-3.595764160E0
3.093244179E1,1.742858887E0,-8.656127930E0,-3.550979614E0
3.093741615E1,2.193511963E0,-9.090255737E0,-3.457214355E0
3.094239052E1,2.475860596E0,-9.598175049E0,-3.274093628E0
3.094736488E1,2.629013062E0,-1.021241760E1,-3.116943359E0
3.095233925E1,2.615692139E0,-1.089134216E1,-3.018814087E0
3.095731361E1,2.372207642E0,-1.151651001E1,-2.975448608E0
3.096228798E1,2.005798340E0,-1.203170776E1,-2.998016357E0
3.096726234E1,1.553588867E0,-1.238490295E1,-3.055587769E0
3.097223671E1,1.005462646E0,-1.250718689E1,-3.140060425E0
3.097721107E1,4.260253906E-1,-1.244268799E1,-3.310562134E0
3.098218544E1,-1.236419678E-1,-1.228652954E1,-3.585800171E0
3.098715980E1,-5.842895508E-1,-1.204309082E1,-3.837188721E0
3.099213417E1,-9.581146240E-1,-1.174456787E1,-3.982788086E0
3.099710854E1,-1.332244873E0,-1.144992065E1,-4.030853271E0
3.100208290E1,-1.657730103E0,-1.119088745E1,-4.047912598E0
3.100705727E1,-1.905792236E0,-1.099028015E1,-4.123825073E0
3.101203163E1,-2.092742920E0,-1.087298584E1,-4.273178101E0
3.101700600E1,-2.198440552E0,-1.077464294E1,-4.500396729E0
3.102198036E1,-2.203720093E0,-1.067439270E1,-4.787826538E0
3.102695473E1,-2.206878662E0,-1.051898193E1,-5.054992676E0
3.103192909E1,-2.197128296E0,-1.024160767E1,-5.291046143E0
3.103690346E1,-2.194503784E0,-9.826522827E0,-5.493392944E0
3.104187782E1,-2.246444702E0,-9.323059082E0,-5.635635376E0
3.104685219E1,-2.252182007E0,-8.779281616E0,-5.725830078E0
3.105182655E1,-2.201065063E0,-8.314010620E0,-5.829193115E0
3.105680092E1,-2.062835693E0,-7.937286377E0,-5.973297119E0
3.106177528E1,-1.992752075E0,-7.695159912E0,-6.136810303E0
3.106674965E1,-1.964797974E0,-7.557785034E0,-6.250915527E0
3.107172401E1,-2.039794922E0,-7.455047607E0,-6.349868774E0
3.107669838E1,-2.171127319E0,-7.361038208E0,-6.382522583E0
3.108167274E1,-2.308013916E0,-7.218872070E0,-6.365890503E0
3.108664711E1,-2.398757935E0,-7.051910400E0,-6.144851685E0
3.109162148E1,-2.433975220E0,-6.899658203E0,-5.907791138E0
3.109659584E1,-2.794784546E0,-6.717758179E0,-6.250961304E0
3.110157020E1,-3.022720337E0,-6.574630737E0,-6.323928833E0
3.110654457E1,-2.938217163E0,-6.501892090E0,-6.121505737E0
3.111151894E1,-2.853897095E0,-6.471130371E0,-5.720413208E0
3.111649330E1,-2.820846558E0,-6.509414673E0,-5.103027344E0
3.112146767E1,-2.702453613E0,-6.581497192E0,-4.461196899E0
3.112644203E1,-2.440353394E0,-6.698043823E0,-3.666564941E0
3.113141640E1,-1.930908203E0,-7.044296265E0,-2.625396729E0
3.113639076E1,-1.255157471E0,-7.771087646E0,-1.380126953E0
3.114136513E1,-6.108245850E-1,-8.484848022E0,-4.107971191E-1
3.114633949E1,3.117828369E-1,-9.026107788E0,2.411193848E-1
3.115131386E1,1.788848877E0,-9.488006592E0,6.870727539E-1
3.115628822E1,3.282379150E0,-1.014573669E1,5.050201416E-1
3.116126259E1,4.176376343E0,-1.086825562E1,-7.545928955E-1
3.116623695E1,5.098175049E0,-1.147700500E1,-2.940826416E0
3.117121132E1,6.057678223E0,-1.203845215E1,-4.902389526E0
3.117618568E1,6.139602661E0,-1.262092590E1,-5.482208252E0
3.118116005E1,4.349044800E0,-1.351994324E1,-5.533599854E0
3.118613441E1,2.604766846E0,-1.453247070E1,-5.651062012E0
3.119110878E1,2.359069824E0,-1.552131653E1,-5.106292725E0
3.119608315E1,2.482147217E0,-1.648196411E1,-4.240478516E0
3.120105751E1,2.326751709E0,-1.730242920E1,-3.583892822E0
3.120603188E1,1.784255981E0,-1.779907227E1,-3.065155029E0
3.121100624E1,1.055831909E0,-1.777755737E1,-2.736541748E0
3.121598061E1,3.027496338E-1,-1.714855957E1,-3.134521484E0
3.122095497E1,-2.802276611E-1,-1.613417053E1,-4.232788086E0
3.122592934E1,-3.558044434E-1,-1.500653076E1,-5.506195068E0
3.123090370E1,3.831329346E-1,-1.386834717E1,-5.896087646E0
3.123587807E1,5.035552979E-1,-1.300366211E1,-5.267303467E0
3.124085243E1,-3.127593994E-1,-1.244091797E1,-4.437057495E0
3.124582680E1,-1.699325562E0,-1.171447754E1,-3.765182495E0
3.125080116E1,-2.673736572E0,-1.108105469E1,-2.091629028E0
3.125577553E1,-3.852737427E0,-1.040524292E1,-4.339599609E-1
3.126074989E1,-4.588500977E0,-1.001458740E1,2.112716675E0
3.126572426E1,-5.517364502E0,-1.017492676E1,4.605194092E0
3.127069862E1,-6.470123291E0,-1.013304138E1,5.688018799E0
3.127567299E1,-6.660217285E0,-9.740280151E0,6.378234863E0
3.128064735E1,-6.446014404E0,-9.539367676E0,7.497833252E0
3.128562172E1,-7.415710449E0,-9.307006836E0,7.742309570E0
3.129059608E1,-7.511779785E0,-9.245635986E0,6.640838623E0
3.129557045E1,-6.637481689E0,-9.321563721E0,4.678817749E0
3.130054482E1,-5.570999146E0,-9.382308960E0,1.955856323E0
3.130551918E1,-4.481002808E0,-9.515945435E0,-1.106185913E0
3.131049355E1,-3.561538696E0,-9.591369629E0,-4.114715576E0
3.131546791E1,-2.741455078E0,-9.531417847E0,-6.685577393E0
3.132044228E1,-2.254333496E0,-9.325286865E0,-8.576721191E0
3.132541664E1,-1.948333740E0,-9.013305664E0,-9.706741333E0
3.133039101E1,-1.638000488E0,-8.650497437E0,-9.913238525E0
3.133536537E1,-1.408874512E0,-8.320953369E0,-9.155563354E0
3.134033974E1,-1.338455200E0,-7.997329712E0,-7.710708618E0
3.134531410E1,-1.399917603E0,-7.724822998E0,-5.990539551E0
3.135028847E1,-1.493103027E0,-7.463195801E0,-4.146026611E0
3.135526283E1,-1.523742676E0,-7.190795898E0,-2.098159790E0
3.136023720E1,-1.597320557E0,-6.915710449E0,3.748168945E-1
3.136521156E1,-1.400878906E0,-6.630249023E0,1.799270630E0
3.137018593E1,-3.899536133E-1,-6.275238037E0,9.794921875E-1
3.137516029E1,9.112243652E-1,-5.944808960E0,-1.065475464E0
3.138013466E1,1.712371826E0,-5.728851318E0,-3.047241211E0
3.138510902E1,2.069473267E0,-5.656967163E0,-4.407379150E0
3.139008339E1,2.346298218E0,-5.664077759E0,-5.128173828E0
3.139505775E1,2.721664429E0,-5.687271118E0,-5.418304443E0
3.140003212E1,3.081436157E0,-5.747955322E0,-5.398025513E0
3.140500648E1,3.246994019E0,-5.890594482E0,-5.235168457E0
3.140998085E1,3.122375488E0,-6.066513062E0,-5.004959106E0
3.141495522E1,2.764633179E0,-6.301193237E0,-4.585327148E0
3.141992958E1,2.172805786E0,-6.553039551E0,-4.130294800E0
3.142490395E1,1.515625000E0,-6.775268555E0,-3.591323853E0
3.142987831E1,8.861236572E-1,-6.877807617E0,-2.991287231E0
3.143485268E1,3.144378662E-1,-6.963882446E0,-2.374176025E0
3.143982704E1,-3.558349609E-1,-7.222442627E0,-1.562606812E0
3.144480141E1,-1.443984985E0,-7.608032227E0,-5.942535400E-1
3.144977577E1,-2.713851929E0,-7.957077026E0,3.798828125E-1
3.145475014E1,-4.072143555E0,-8.124267578E0,1.366775513E0
3.145972450E1,-5.003067017E0,-8.225372314E0,2.004730225E0
3.146469887E1,-5.550430298E0,-8.115844727E0,1.852706909E0
3.146967323E1,-5.560836792E0,-7.587112427E0,3.217468262E-1
3.147464760E1,-4.974411011E0,-6.799774170E0,-2.525466919E0
3.147962196E1,-4.517623901E0,-6.364669800E0,-5.465316772E0
3.148459633E1,-4.378204346E0,-6.248550415E0,-7.787399292E0
3.148957069E1,-4.399124146E0,-6.389175415E0,-9.432632446E0
3.149454506E1,-4.390151978E0,-6.723373413E0,-1.043814087E1
3.149951942E1,-4.142395020E0,-7.177490234E0,-1.095700073E1
3.150449379E1,-3.894638062E0,-7.645416260E0,-1.106585693E1
3.150946815E1,-3.735305786E0,-8.044540405E0,-1.094934082E1
3.151444252E1,-3.776687622E0,-8.369613647E0,-1.063113403E1
3.151941689E1,-3.736053467E0,-8.535522461E0,-1.014700317E1
3.152439125E1,-3.388153076E0,-8.498840332E0,-9.747573853E0
3.152936562E1,-2.990646362E0,-8.428192139E0,-9.436157227E0
3.153433998E1,-2.813339233E0,-8.380477905E0,-9.140075684E0
3.153931435E1,-2.645904541E0,-8.276962280E0,-8.669647217E0
3.154428871E1,-2.474853516E0,-8.066696167E0,-7.979690552E0
3.154926308E1,-2.318954468E0,-7.872955322E0,-7.169998169E0
3.155423744E1,-2.410415649E0,-7.879150391E0,-6.349502563E0
3.155921181E1,-2.802093506E0,-8.243698120E0,-5.636199951E0
3.156418617E1,-3.317810059E0,-9.027679443E0,-5.073150635E0
3.156916054E1,-3.857162476E0,-1.017625427E1,-4.449340820E0
3.157413490E1,-4.414993286E0,-1.177481079E1,-3.599029541E0
3.157910927E1,-4.956054688E0,-1.395973206E1,-1.852249146E0
3.158408363E1,-5.672088623E0,-1.696318054E1,2.531250000E0
3.158905800E1,-6.774902344E0,-2.001506042E1,6.105331421E0
3.159403236E1,-7.215118408E0,-2.131671143E1,4.023773193E0
3.159900673E1,-6.413925171E0,-2.077583313E1,-1.797805786E0
3.160398109E1,-5.684967041E0,-2.023669434E1,-6.222473145E0
3.160895546E1,-5.163146973E0,-2.001451111E1,-7.678802490E0
3.161392982E1,-4.443450928E0,-1.946554565E1,-6.841339111E0
3.161890419E1,-3.595077515E0,-1.783868408E1,-5.243835449E0
3.162387856E1,-2.165527344E0,-1.498382568E1,-3.981323242E0
3.162885292E1,-1.099029541E0,-1.211302185E1,-2.914443970E0
3.163382729E1,-1.245529175E0,-9.946731567E0,-2.426055908E0
3.163880165E1,-1.641693115E0,-8.563095093E0,-2.256088257E0
3.164377602E1,-1.625534058E0,-7.448959351E0,-2.059097290E0
3.164875038E1,-1.576126099E0,-6.476043701E0,-1.850906372E0
3.165372475E1,-1.725585938E0,-5.521911621E0,-1.861206055E0
3.165869911E1,-1.747146606E0,-4.613250732E0,-1.921875000E0
3.166367348E1,-1.194473267E0,-3.888412476E0,-2.135375977E0
3.166864784E1,-8.025665283E-1,-3.529754639E0,-2.385101318E0
3.167362221E1,-5.411682129E-1,-3.615951538E0,-2.422439575E0
3.167859657E1,-7.505798340E-2,-3.922088623E0,-2.302505493E0
3.168357094E1,4.613494873E-1,-4.268859863E0,-2.030181885E0
3.168854530E1,8.590240479E-1,-4.642440796E0,-1.628768921E0
3.169351967E1,1.098159790E0,-5.216629028E0,-1.278640747E0
3.169849403E1,1.322982788E0,-6.071426392E0,-9.980773926E-1
3.170346840E1,1.157501221E0,-7.089569092E0,-7.846221924E-1
3.170844276E1,5.058746338E-1,-8.192886353E0,-7.096405029E-1
3.171341713E1,2.873229980E-2,-9.321014404E0,-7.984313965E-1
3.171839149E1,1.618347168E-1,-1.035595703E1,-1.217315674E0
3.172336586E1,3.820190430E-1,-1.137890625E1,-1.725585938E0
3.172834023E1,2.586059570E-1,-1.220808411E1,-2.084915161E0
3.173331459E1,-4.705810547E-2,-1.280303955E1,-2.460937500E0
3.173828896E1,-5.421600342E-1,-1.300907898E1,-2.838287354E0
3.174326332E1,-1.078933716E0,-1.280464172E1,-2.890884399E0
3.174823769E1,-1.740478516E0,-1.221362305E1,-2.589920044E0
3.175321205E1,-2.281051636E0,-1.139421082E1,-2.408325195E0
3.175818642E1,-1.873336792E0,-1.043205261E1,-2.194137573E0
3.176316078E1,-1.315444946E0,-9.581939697E0,-2.898681641E0
3.176813515E1,-1.690582275E0,-9.218429565E0,-3.550109863E0
3.177310951E1,-1.487396240E0,-8.922576904E0,-4.712448120E0
3.177808388E1,-9.961700439E-1,-8.541854858E0,-6.028976440E0
3.178305824E1,-1.085769653E0,-8.366012573E0,-6.697448730E0
3.178803261E1,-1.942855835E0,-8.113189697E0,-6.297866821E0
3.179300697E1,-1.985153198E0,-8.111785889E0,-6.170639038E0
3.179798134E1,-1.944015503E0,-7.967590332E0,-6.135635376E0
3.180295570E1,-1.789581299E0,-7.558197021E0,-6.236862183E0
3.180793007E1,-1.047927856E0,-7.265960693E0,-6.651138306E0
3.181290443E1,-2.767791748E-1,-7.210769653E0,-6.240249634E0
3.181787880E1,1.208923340E0,-7.187973022E0,-5.384979248E0
3.182285316E1,2.905822754E0,-7.469146729E0,-4.494903564E0
3.182782753E1,4.050765991E0,-7.957382202E0,-3.616424561E0
3.183280190E1,4.584289551E0,-8.377517700E0,-3.050186157E0
3.183777626E1,4.357894897E0,-8.619338989E0,-2.364776611E0
3.184275062E1,3.600708008E0,-8.699081421E0,-1.027084351E0
3.184772499E1,2.434310913E0,-8.863311768E0,1.320800781E-1
3.185269936E1,1.320632935E0,-8.910232544E0,5.431823730E-1
3.185767372E1,2.743072510E-1,-9.005950928E0,1.825561523E-1
3.186264809E1,-3.865356445E-1,-8.989288330E0,-4.734191895E-1
3.186762245E1,-1.018447876E0,-8.989654541E0,-1.149337769E0
3.187259682E1,-1.720153809E0,-9.145080566E0,-1.624145508E0
3.187757118E1,-2.159454346E0,-9.336547852E0,-1.717880249E0
3.188254555E1,-2.394058228E0,-9.511550903E0,-1.497909546E0
3.188751991E1,-2.494522095E0,-9.679534912E0,-1.169677734E0
3.189249428E1,-2.412704468E0,-9.796875000E0,-8.505249023E-1
3.189746864E1,-2.199417114E0,-9.853347778E0,-6.167297363E-1
3.190244301E1,-1.927581787E0,-9.828811646E0,-4.991607666E-1
3.190741737E1,-1.653594971E0,-9.791366577E0,-5.143280029E-1
3.191239174E1,-1.411926270E0,-9.758117676E0,-6.281890869E-1
3.191736610E1,-1.176528931E0,-9.728942871E0,-8.040313721E-1
3.192234047E1,-8.564758301E-1,-9.657989502E0,-1.048797607E0
3.192731483E1,-6.838989258E-1,-9.647979736E0,-1.285354614E0
3.193228920E1,-5.854034424E-1,-9.699005127E0,-1.487930298E0
3.193726357E1,-4.267578125E-1,-9.766433716E0,-1.610977173E0
3.194223793E1,-3.163299561E-1,-9.889465332E0,-1.677642822E0
3.194721230E1,-2.472076416E-1,-1.002420044E1,-1.736679077E0
3.195218666E1,-2.104339600E-1,-1.009814453E1,-1.819320679E0
3.195716103E1,-1.453552246E-1,-1.009387207E1,-1.861846924E0
3.196213539E1,-9.394836426E-2,-1.003404236E1,-1.951538086E0
3.196710976E1,-1.433868408E-1,-9.979644775E0,-2.126556396E0
3.197208412E1,-2.213745117E-1,-9.858993530E0,-2.416702271E0
3.197705849E1,-2.377166748E-1,-9.700622559E0,-2.789031982E0
3.198203285E1,-2.662658691E-1,-9.506912231E0,-3.164947510E0
3.198700722E1,-2.890777588E-1,-9.333541870E0,-3.635864258E0
3.199198158E1,-3.231506348E-1,-9.133758545E0,-4.112442017E0
3.199695595E1,-3.875274658E-1,-8.934066772E0,-4.515838623E0
3.200193031E1,-4.758605957E-1,-8.726638794E0,-4.753402710E0
3.200690468E1,-5.778198242E-1,-8.527099609E0,-4.897705078E0
3.201187904E1,-6.555175781E-1,-8.305389404E0,-4.936080933E0
3.201685341E1,-6.749725342E-1,-8.028488159E0,-4.820739746E0
3.202182777E1,-6.817016602E-1,-7.720855713E0,-4.671554565E0
3.202680214E1,-6.541748047E-1,-7.489318848E0,-4.406631470E0
3.203177650E1,-6.688842773E-1,-7.463241577E0,-4.138397217E0
3.203675087E1,-6.806640625E-1,-7.560592651E0,-3.828231812E0
3.204172524E1,-6.703948975E-1,-7.759246826E0,-3.558059692E0
3.204669960E1,-7.267761230E-1,-8.061447144E0,-3.294281006E0
3.205167396E1,-8.383483887E-1,-8.414733887E0,-2.986770630E0
3.205664833E1,-8.147888184E-1,-8.719680786E0,-2.733139038E0
3.206162270E1,-7.729492188E-1,-9.078842163E0,-2.502120972E0
3.206659706E1,-6.063995361E-1,-9.445541382E0,-2.416519165E0
3.207157143E1,-3.034667969E-1,-9.712295532E0,-2.492248535E0
3.207654579E1,-5.844116211E-3,-9.990158081E0,-2.602310181E0
3.208152016E1,3.386840820E-1,-1.029437256E1,-2.754989624E0
3.208649452E1,6.404876709E-1,-1.048365784E1,-2.841720581E0
3.209146889E1,7.726593018E-1,-1.059710693E1,-2.947708130E0
3.209644325E1,8.892211914E-1,-1.069841003E1,-3.140029907E0
3.210141762E1,9.505157471E-1,-1.077893066E1,-3.347518921E0
3.210639198E1,9.213256836E-1,-1.085455322E1,-3.583877563E0
3.211136635E1,8.735351562E-1,-1.089550781E1,-3.787338257E0
3.211634071E1,8.343505859E-1,-1.089408875E1,-3.890090942E0
3.212131508E1,7.440795898E-1,-1.082206726E1,-3.892013550E0
3.212628944E1,6.088409424E-1,-1.061390686E1,-3.848373413E0
3.213126381E1,4.765472412E-1,-1.035186768E1,-3.895828247E0
3.213623817E1,3.591766357E-1,-1.012280273E1,-4.133132935E0
3.214121254E1,2.955474854E-1,-9.964035034E0,-4.476821899E0
3.214618690E1,1.870422363E-1,-9.929946899E0,-4.804367065E0
3.215116127E1,4.064941406E-2,-1.002239990E1,-5.017349243E0
3.215613564E1,-9.442138672E-2,-1.016624451E1,-5.125305176E0
3.216111000E1,-1.817779541E-1,-1.026069641E1,-5.171234131E0
3.216608436E1,-2.804870605E-1,-1.018940735E1,-5.199310303E0
3.217105873E1,-3.806304932E-1,-9.846313477E0,-5.335205078E0
3.217603310E1,-5.201568604E-1,-9.271530151E0,-5.547363281E0
3.218100746E1,-7.226104736E-1,-8.582687378E0,-5.803100586E0
3.218598183E1,-9.360198975E-1,-7.868209839E0,-6.036270142E0
3.219095619E1,-1.135452271E0,-7.193420410E0,-6.181213379E0
3.219593056E1,-1.282806396E0,-6.719818115E0,-6.324890137E0
3.220090492E1,-1.555480957E0,-6.531356812E0,-6.389556885E0
3.220587929E1,-1.802368164E0,-6.554611206E0,-6.483642578E0
3.221085365E1,-2.060867310E0,-6.692245483E0,-6.489044189E0
3.221582802E1,-2.508071899E0,-6.796112061E0,-6.301406860E0
3.222080238E1,-2.971115112E0,-6.766174316E0,-6.154998779E0
3.222577675E1,-3.303451538E0,-6.654098511E0,-6.048080444E0
3.223075111E1,-3.620727539E0,-6.526260376E0,-6.050186157E0
3.223572548E1,-3.863647461E0,-6.431091309E0,-5.766799927E0
3.224069984E1,-3.730056763E0,-6.449584961E0,-5.295974731E0
3.224567421E1,-3.739547729E0,-6.555923462E0,-4.689926147E0
3.225064857E1,-3.937149048E0,-6.684082031E0,-4.072540283E0
3.225562294E1,-3.785919189E0,-6.851547241E0,-3.680603027E0
3.226059731E1,-3.244033813E0,-7.127349854E0,-2.906600952E0
3.226557167E1,-2.345504761E0,-7.732421875E0,-1.554443359E0
3.227054604E1,-1.381347656E0,-8.657485962E0,-3.093109131E-1
3.227552040E1,-4.454956055E-1,-9.447036743E0,6.955718994E-1
3.228049477E1,7.556152344E-1,-1.010470581E1,1.420486450E0
3.228546913E1,2.363037109E0,-1.088084412E1,1.693954468E0
3.229044350E1,3.971328735E0,-1.191613770E1,1.148025513E0
3.229541786E1,4.795196533E0,-1.316561890E1,-4.432220459E-1
3.230039223E1,5.011886597E0,-1.467358398E1,-2.788101196E0
3.230536659E1,5.033172607E0,-1.626602173E1,-5.008407593E0
3.231034096E1,4.602355957E0,-1.772665405E1,-6.072357178E0
3.231531532E1,3.950317383E0,-1.901835632E1,-6.465103149E0
3.232028969E1,3.972778320E0,-2.006913757E1,-6.678497314E0
3.232526405E1,3.830551147E0,-2.094505310E1,-6.180145264E0
3.233023842E1,2.649627686E0,-2.127189636E1,-5.146682739E0
3.233521278E1,1.116302490E0,-2.049348450E1,-4.046951294E0
3.234018715E1,-4.201354980E-1,-1.847554016E1,-2.914016724E0
3.234516151E1,-1.943481445E0,-1.597280884E1,-2.073577881E0
3.235013588E1,-1.850570679E0,-1.367161560E1,-1.930725098E0
3.235511024E1,-7.916107178E-1,-1.172830200E1,-2.201980591E0
3.236008461E1,1.620941162E-1,-1.037820435E1,-2.798370361E0
3.236505898E1,5.426940918E-1,-9.593444824E0,-3.318359375E0
3.237003334E1,-3.262634277E-1,-9.109100342E0,-3.187744141E0
3.237500770E1,-2.488204956E0,-8.790618896E0,-2.306808472E0
3.237998207E1,-3.895019531E0,-8.926361084E0,-7.952880859E-1
3.238495644E1,-5.849761963E0,-9.308441162E0,-1.154327393E-1
3.238993080E1,-7.521636963E0,-9.199432373E0,1.109024048E0
3.239490517E1,-7.330001831E0,-9.469070435E0,2.065979004E0
3.239987953E1,-7.114212036E0,-9.440475464E0,2.482955933E0
3.240485390E1,-7.503601074E0,-9.360137939E0,3.261627197E0
3.240982826E1,-7.532546997E0,-9.140487671E0,3.641021729E0
3.241480263E1,-7.047149658E0,-8.845947266E0,3.191711426E0
3.241977699E1,-6.568756104E0,-8.457656860E0,2.014938354E0
3.242475136E1,-6.313720703E0,-8.300613403E0,3.809204102E-1
3.242972572E1,-5.669570923E0,-8.452606201E0,-1.799804688E0
3.243470009E1,-4.610961914E0,-8.617843628E0,-3.953918457E0
3.243967445E1,-3.265426636E0,-8.766647339E0,-5.642593384E0
3.244464882E1,-1.849746704E0,-8.824050903E0,-6.739379883E0
3.244962318E1,-6.856842041E-1,-8.832519531E0,-7.244430542E0
3.245459755E1,1.661834717E-1,-8.805160522E0,-7.220321655E0
3.245957191E1,8.593597412E-1,-8.721160889E0,-6.697265625E0
3.246454628E1,1.169525146E0,-8.655731201E0,-5.826019287E0
3.246952064E1,1.058151245E0,-8.588134766E0,-4.822570801E0
3.247449501E1,8.839111328E-1,-8.491653442E0,-3.763061523E0
3.247946938E1,8.640136719E-1,-8.339157104E0,-2.642791748E0
3.248444374E1,9.685821533E-1,-8.134994507E0,-1.513931274E0
3.248941811E1,1.189117432E0,-7.914901733E0,-3.990631104E-1
3.249439247E1,1.531112671E0,-7.684082031E0,1.486053467E-1
3.249936684E1,1.931137085E0,-7.492095947E0,-2.629394531E-1
3.250434120E1,2.267471313E0,-7.399581909E0,-1.293014526E0
3.250931557E1,2.448394775E0,-7.366210938E0,-2.377182007E0
3.251428993E1,2.517593384E0,-7.343322754E0,-3.098159790E0
3.251926430E1,2.476516724E0,-7.349685669E0,-3.444412231E0
3.252423866E1,2.308181763E0,-7.369308472E0,-3.548217773E0
3.252921303E1,2.152481079E0,-7.351547241E0,-3.495590210E0
3.253418739E1,1.820983887E0,-7.365310669E0,-3.453872681E0
3.253916176E1,1.443740845E0,-7.337524414E0,-3.407012939E0
3.254413612E1,1.094833374E0,-7.277862549E0,-3.360595703E0
3.254911049E1,6.587219238E-1,-7.244659424E0,-3.367736816E0
3.255408485E1,2.436370850E-1,-7.290008545E0,-3.483001709E0
3.255905922E1,-1.626586914E-1,-7.349792480E0,-3.560775757E0
3.256403358E1,-4.440917969E-1,-7.367431641E0,-3.436935425E0
3.256900795E1,-7.738037109E-1,-7.459991455E0,-3.179885864E0
3.257398232E1,-1.378021240E0,-7.530929565E0,-2.791870117E0
3.257895668E1,-1.819335938E0,-7.563339233E0,-2.297012329E0
3.258393104E1,-2.357269287E0,-7.643768311E0,-1.703765869E0
3.258890541E1,-3.163391113E0,-7.698638916E0,-1.155151367E0
3.259387978E1,-3.786956787E0,-7.814636230E0,-7.458343506E-1
3.259885414E1,-4.233581543E0,-7.852447510E0,-6.838073730E-1
3.260382851E1,-4.454513550E0,-7.740310669E0,-1.209320068E0
3.260880287E1,-4.512344360E0,-7.517181396E0,-2.478637695E0
3.261377724E1,-4.380065918E0,-7.269073486E0,-4.033569336E0
3.261875160E1,-4.395858765E0,-7.164825439E0,-5.419967651E0
3.262372597E1,-4.374618530E0,-7.088973999E0,-6.496795654E0
3.262870033E1,-4.473541260E0,-6.959548950E0,-7.243255615E0
3.263367470E1,-4.425796509E0,-6.741912842E0,-7.683135986E0
3.263864906E1,-4.092926025E0,-6.535522461E0,-7.848449707E0
3.264362343E1,-3.792190552E0,-6.493927002E0,-7.880432129E0
3.264859779E1,-3.352722168E0,-6.570556641E0,-7.904754639E0
3.265357216E1,-2.798309326E0,-6.738647461E0,-8.027984619E0
3.265854652E1,-2.435699463E0,-6.874114990E0,-8.224731445E0
3.266352089E1,-2.342590332E0,-6.987686157E0,-8.379714966E0
3.266849525E1,-2.338851929E0,-7.070877075E0,-8.489868164E0
3.267346962E1,-2.358474731E0,-7.246200562E0,-8.587661743E0
3.267844398E1,-2.393692017E0,-7.516906738E0,-8.659973145E0
3.268341835E1,-2.467605591E0,-7.793457031E0,-8.591354370E0
3.268839272E1,-2.559860229E0,-7.981002808E0,-8.387939453E0
3.269336708E1,-2.649734497E0,-8.066680908E0,-8.124893188E0
3.269834145E1,-2.810348511E0,-8.121170044E0,-7.884674072E0
3.270331581E1,-3.044799805E0,-8.193099976E0,-7.627975464E0
3.270829018E1,-3.185272217E0,-8.285888672E0,-7.264022827E0
3.271326454E1,-3.488922119E0,-8.353652954E0,-6.799209595E0
3.271823891E1,-3.780761719E0,-8.262771606E0,-6.236831665E0
3.272321327E1,-3.799072266E0,-8.113265991E0,-5.545944214E0
3.272818764E1,-3.616210938E0,-8.065261841E0,-4.765365601E0
3.273316200E1,-3.337524414E0,-8.064483643E0,-4.039718628E0
3.273813637E1,-3.164505005E0,-8.161499023E0,-3.418106079E0
3.274311073E1,-3.058441162E0,-8.587036133E0,-2.827499390E0
3.274808510E1,-2.854675293E0,-9.568069458E0,-2.100875854E0
3.275305946E1,-2.873947144E0,-1.121504211E1,-1.115325928E0
3.275803383E1,-2.757232666E0,-1.359504700E1,1.893325806E0
3.276300819E1,-2.720581055E0,-1.656941223E1,7.695236206E0
3.276798256E1,-3.812133789E0,-1.958866882E1,1.038398743E1
3.277295692E1,-4.597961426E0,-2.003704834E1,3.816711426E0
3.277793129E1,-4.580795288E0,-1.910331726E1,-4.624771118E0
3.278290565E1,-4.186676025E0,-1.885534668E1,-8.799346924E0
3.278788002E1,-4.111022949E0,-1.871777344E1,-9.319549561E0
3.279285439E1,-4.346160889E0,-1.778776550E1,-7.960525513E0
3.279782875E1,-5.222244263E0,-1.552381897E1,-6.326248169E0
3.280280312E1,-5.747314453E0,-1.238905334E1,-5.403244019E0
3.280777748E1,-5.857955933E0,-1.015715027E1,-4.749023438E0
3.281275185E1,-5.422103882E0,-8.878479004E0,-3.784088135E0
3.281772621E1,-4.641983032E0,-7.818984985E0,-2.576919556E0
3.282270058E1,-3.661834717E0,-6.887405396E0,-1.740203857E0
3.282767494E1,-2.507705688E0,-6.076812744E0,-1.784866333E0
3.283264931E1,-1.877777100E0,-5.472320557E0,-2.080596924E0
3.283762367E1,-1.777755737E0,-5.378234863E0,-2.637374878E0
3.284259804E1,-2.255661011E0,-6.094924927E0,-3.266708374E0
3.284757240E1,-2.103057861E0,-7.060623169E0,-3.566436768E0
3.285254677E1,-1.000030518E0,-7.739181519E0,-3.402359009E0
3.285752113E1,1.298217773E-1,-8.184432983E0,-2.849777222E0
3.286249550E1,1.163070679E0,-8.563354492E0,-2.097976685E0
3.286746986E1,2.172561646E0,-8.904037476E0,-1.274230957E0
3.287244423E1,2.862335205E0,-9.392166138E0,-6.512145996E-1
3.287741859E1,3.234710693E0,-1.008703613E1,-3.779296875E-1
3.288239296E1,3.435028076E0,-1.101272583E1,-6.665496826E-1
3.288736732E1,3.537338257E0,-1.198983765E1,-1.304321289E0
3.289234169E1,3.620361328E0,-1.263664246E1,-1.692657471E0
3.289731606E1,3.389358521E0,-1.291215515E1,-1.766006470E0
3.290229042E1,2.893493652E0,-1.286836243E1,-2.012863159E0
3.290726478E1,1.996109009E0,-1.252926636E1,-2.183120728E0
3.291223915E1,1.506362915E0,-1.162409973E1,-2.121322632E0
3.291721352E1,1.402755737E0,-1.026263428E1,-2.305282593E0
3.292218788E1,1.354766846E0,-9.021560669E0,-3.011398315E0
3.292716225E1,8.576354980E-1,-8.246917725E0,-3.232696533E0
3.293213661E1,-1.875305176E-2,-7.799468994E0,-3.673629761E0
3.293711098E1,-2.864837646E-1,-7.405487061E0,-4.584320068E0
3.294208534E1,3.134460449E-1,-7.097900391E0,-5.110931396E0
3.294705971E1,5.633850098E-1,-6.940231323E0,-5.247344971E0
3.295203407E1,5.510711670E-1,-6.850067139E0,-5.459289551E0
3.295700844E1,1.574432373E0,-7.546142578E0,-6.801193237E0
3.296198280E1,2.085372925E0,-8.115432739E0,-7.576461792E0
3.296695717E1,3.481109619E0,-8.766067505E0,-7.607650757E0
3.297193153E1,4.827331543E0,-9.215408325E0,-7.364639282E0
3.297690590E1,6.172439575E0,-9.509338379E0,-6.756439209E0
3.298188026E1,6.296844482E0,-9.875732422E0,-6.084091187E0
3.298685463E1,5.006225586E0,-1.033688354E1,-5.546188354E0
3.299182899E1,2.602554321E0,-1.033775330E1,-4.930480957E0
3.299680336E1,6.787261963E-1,-9.525863647E0,-4.007751465E0
3.300177773E1,-1.455993652E-1,-8.422607422E0,-3.430603027E0
3.300675209E1,-6.329498291E-1,-7.493240356E0,-3.082992554E0
3.301172646E1,-1.138748169E0,-6.881820679E0,-3.007690430E0
3.301670082E1,-1.526336670E0,-6.636459351E0,-3.026687622E0
3.302167519E1,-1.953781128E0,-6.710067749E0,-2.800384521E0
3.302664955E1,-2.554382324E0,-7.012268066E0,-2.152206421E0
3.303162392E1,-3.275497437E0,-7.527740479E0,-7.590637207E-1
3.303659828E1,-3.973419189E0,-8.156051636E0,8.602447510E-1
3.304157265E1,-4.681274414E0,-8.918884277E0,1.749755859E0
3.304654701E1,-4.893112183E0,-9.525497437E0,1.626449585E0
3.305152138E1,-4.503906250E0,-9.901336670E0,8.325500488E-1
3.305649574E1,-3.935348511E0,-1.011940002E1,1.026611328E-1
3.306147011E1,-3.373275757E0,-1.019950867E1,-2.498016357E-1
3.306644447E1,-2.773574829E0,-1.021022034E1,-4.782257080E-1
3.307141884E1,-2.182723999E0,-1.017291260E1,-7.433013916E-1
3.307639320E1,-1.587493896E0,-1.007240295E1,-1.129821777E0
3.308136757E1,-9.872131348E-1,-9.888595581E0,-1.671096802E0
3.308634193E1,-4.588623047E-1,-9.697280884E0,-2.186721802E0
3.309131630E1,-1.072692871E-1,-9.553222656E0,-2.614776611E0
3.309629066E1,-5.636596680E-2,-9.585113525E0,-2.886596680E0
3.310126503E1,6.042480469E-3,-9.676040649E0,-2.929885864E0
3.310623940E1,1.727142334E-1,-9.712966919E0,-2.831680298E0
3.311121376E1,2.774505615E-1,-9.759002686E0,-2.626632690E0
3.311618812E1,3.874664307E-1,-9.880966187E0,-2.376586914E0
3.312116249E1,4.819030762E-1,-1.005203247E1,-2.194824219E0
3.312613686E1,5.658111572E-1,-1.015345764E1,-2.167404175E0
3.313111122E1,6.415863037E-1,-1.020462036E1,-2.247314453E0
3.313608559E1,5.698699951E-1,-1.020935059E1,-2.357604980E0
3.314105995E1,4.888458252E-1,-1.010218811E1,-2.615753174E0
3.314603432E1,4.828643799E-1,-9.858688354E0,-2.967910767E0
3.315100868E1,3.837280273E-1,-9.657562256E0,-3.294647217E0
3.315598305E1,2.387084961E-1,-9.428863525E0,-3.516479492E0
3.316095741E1,6.431579590E-2,-9.170547485E0,-3.669067383E0
3.316593178E1,-1.268920898E-1,-8.916213989E0,-3.849060059E0
3.317090614E1,-3.087463379E-1,-8.692260742E0,-3.871612549E0
3.317588051E1,-3.979949951E-1,-8.453414917E0,-3.905487061E0
3.318085487E1,-4.418334961E-1,-8.210922241E0,-3.966049194E0
3.318582924E1,-5.271453857E-1,-8.041809082E0,-4.033981323E0
3.319080360E1,-5.889587402E-1,-7.890243530E0,-4.043457031E0
3.319577797E1,-5.401611328E-1,-7.754638672E0,-4.029434204E0
3.320075233E1,-4.803009033E-1,-7.724288940E0,-3.921066284E0
3.320572670E1,-4.009399414E-1,-7.731628418E0,-3.811370850E0
3.321070106E1,-2.752685547E-1,-7.795501709E0,-3.631042480E0
3.321567543E1,-1.675567627E-1,-7.926116943E0,-3.429962158E0
3.322064980E1,-5.798339844E-2,-8.130126953E0,-3.225997925E0
3.322562416E1,3.041076660E-2,-8.363983154E0,-3.045211792E0
3.323059853E1,7.760620117E-2,-8.605911255E0,-2.900802612E0
3.323557289E1,8.824157715E-2,-8.860916138E0,-2.792953491E0
3.324054726E1,8.625793457E-2,-9.113708496E0,-2.747055054E0
3.324552162E1,6.330871582E-2,-9.368026733E0,-2.751754761E0
3.325049599E1,4.701232910E-2,-9.577239990E0,-2.819152832E0
3.325547035E1,1.153869629E-1,-9.711059570E0,-2.959030151E0
3.326044472E1,2.505798340E-1,-9.734420776E0,-3.099380493E0
3.326541908E1,3.674774170E-1,-9.636245728E0,-3.218124390E0
3.327039345E1,4.996032715E-1,-9.438674927E0,-3.317718506E0
3.327536781E1,5.591278076E-1,-9.174987793E0,-3.384384155E0
3.328034218E1,5.614776611E-1,-8.917785645E0,-3.390182495E0
3.328531654E1,5.824584961E-1,-8.708694458E0,-3.349777222E0
3.329029091E1,5.435943604E-1,-8.623001099E0,-3.312927246E0
3.329526527E1,4.960632324E-1,-8.611343384E0,-3.294525146E0
3.330023964E1,4.208679199E-1,-8.652526855E0,-3.249084473E0
3.330521400E1,3.641967773E-1,-8.728027344E0,-3.219024658E0
3.331018837E1,2.884063721E-1,-8.881622314E0,-3.249938965E0
3.331516274E1,2.662506104E-1,-9.048355103E0,-3.348495483E0
3.332013710E1,2.474212646E-1,-9.246490479E0,-3.562637329E0
3.332511146E1,2.417297363E-1,-9.358398438E0,-3.874267578E0
3.333008583E1,2.940521240E-1,-9.316772461E0,-4.267944336E0
3.333506020E1,2.183380127E-1,-9.178482056E0,-4.696762085E0
3.334003456E1,4.209899902E-2,-9.111938477E0,-5.251831055E0
3.334500893E1,-8.201599121E-2,-9.195831299E0,-5.790863037E0
3.334998329E1,-1.691284180E-1,-9.619842529E0,-6.252471924E0
3.335495766E1,-2.960510254E-1,-1.019128418E1,-6.693008423E0
3.335993202E1,-4.177398682E-1,-1.067980957E1,-7.026794434E0
3.336490639E1,-6.436157227E-1,-1.075953674E1,-7.100936890E0
3.336988075E1,-8.889312744E-1,-1.032411194E1,-7.064254761E0
3.337485512E1,-1.178771973E0,-9.404220581E0,-6.948944092E0
3.337982948E1,-1.629669189E0,-8.430908203E0,-6.981994629E0
3.338480385E1,-2.126892090E0,-7.733230591E0,-7.125915527E0
3.338977821E1,-2.551223755E0,-7.262832642E0,-7.272949219E0
3.339475258E1,-2.907119751E0,-7.064315796E0,-7.388671875E0
3.339972694E1,-3.311355591E0,-6.943298340E0,-7.207992554E0
3.340470131E1,-3.660522461E0,-6.891220093E0,-6.793151855E0
3.340967567E1,-3.900772095E0,-6.939132690E0,-6.399536133E0
3.341465004E1,-4.051437378E0,-6.998413086E0,-5.971893311E0
3.341962440E1,-4.012939453E0,-7.043701172E0,-5.309097290E0
3.342459877E1,-3.944808960E0,-7.110427856E0,-4.289398193E0
3.342957314E1,-3.999938965E0,-7.223175049E0,-3.089767456E0
3.343454750E1,-4.204208374E0,-7.362518311E0,-2.001037598E0
3.343952186E1,-4.373168945E0,-7.527252197E0,-1.089584351E0
3.344449623E1,-4.100540161E0,-7.845642090E0,-3.350219727E-1
3.344947060E1,-3.281417847E0,-8.543655396E0,4.166717529E-1
3.345444496E1,-2.364105225E0,-9.568435669E0,9.069519043E-1
3.345941933E1,-1.207260132E0,-1.072894287E1,1.240203857E0
3.346439369E1,6.581573486E-1,-1.223689270E1,1.813201904E0
3.346936806E1,3.073730469E0,-1.415802002E1,1.859481812E0
3.347434242E1,5.851791382E0,-1.626554871E1,2.911529541E-1
3.347931679E1,8.278930664E0,-1.847587585E1,-3.340713501E0
3.348429115E1,9.534301758E0,-2.030661011E1,-7.188735962E0
3.348926552E1,9.256515503E0,-2.161494446E1,-9.464492798E0
3.349423988E1,7.122421265E0,-2.224665833E1,-9.788986206E0
3.349921425E1,3.247741699E0,-2.186022949E1,-8.786895752E0
3.350418861E1,4.577484131E-1,-2.011259460E1,-7.018493652E0
3.350916298E1,-2.495117188E-1,-1.756192017E1,-4.974853516E0
3.351413734E1,-1.827392578E-1,-1.498480225E1,-3.126647949E0
3.351911171E1,-2.683563232E-1,-1.300569153E1,-1.587036133E0
3.352408607E1,-8.049163818E-1,-1.157904053E1,-5.241088867E-1
3.352906044E1,-1.324813843E0,-1.053343201E1,1.519775391E-1
3.353403481E1,-1.295364380E0,-9.794830322E0,4.721374512E-1
3.353900917E1,-4.064636230E-1,-9.178070068E0,4.919738770E-1
3.354398354E1,-1.664733887E-1,-8.557632446E0,5.324096680E-1
3.354895790E1,3.137054443E-1,-8.354003906E0,1.146697998E-1
3.355393227E1,2.724456787E-1,-8.664291382E0,-3.421325684E-1
3.355890663E1,-6.544342041E-1,-8.973602295E0,-1.071228027E0
3.356388100E1,-1.864089966E0,-9.059539795E0,-1.369094849E0
3.356885536E1,-3.109329224E0,-8.975891113E0,-1.186859131E0
3.357382973E1,-5.726013184E0,-8.775100708E0,-2.510070801E-1
3.357880409E1,-7.365524292E0,-9.062164307E0,9.730987549E-1
3.358377846E1,-7.963043213E0,-9.814086914E0,1.771209717E0
3.358875282E1,-7.838272095E0,-1.054005432E1,1.498321533E0
3.359372719E1,-7.166030884E0,-1.074208069E1,9.677581787E-1
3.359870155E1,-6.178268433E0,-1.056762695E1,8.947906494E-1
3.360367592E1,-5.301071167E0,-1.048480225E1,9.329681396E-1
3.360865028E1,-4.859664917E0,-1.053259277E1,5.395660400E-1
3.361362465E1,-3.802200317E0,-1.051800537E1,-4.333038330E-1
3.361859901E1,-2.322463989E0,-1.019261169E1,-1.887573242E0
3.362357338E1,-1.184524536E0,-9.685455322E0,-3.571212769E0
3.362854774E1,-8.753814697E-1,-9.139526367E0,-4.993087769E0
3.363352211E1,-8.552093506E-1,-8.662445068E0,-5.992172241E0
3.363849648E1,-4.530487061E-1,-8.352767944E0,-6.356124878E0
3.364347084E1,1.222839355E-1,-8.178390503E0,-6.063598633E0
3.364844520E1,5.559997559E-1,-8.053329468E0,-5.337600708E0
3.365341957E1,7.554321289E-1,-7.918014526E0,-4.398818970E0
3.365839394E1,7.539215088E-1,-7.765808105E0,-3.507431030E0
3.366336830E1,4.604797363E-1,-7.669021606E0,-2.761199951E0
3.366834267E1,1.242675781E-1,-7.649475098E0,-1.993453979E0
3.367331703E1,-1.775207520E-1,-7.683914185E0,-1.325836182E0
3.367829140E1,-5.774841309E-1,-7.715972900E0,-9.211578369E-1
3.368326576E1,-1.102844238E0,-7.740493774E0,-7.343292236E-1
3.368824013E1,-1.573135376E0,-7.809127808E0,-7.691955566E-1
3.369321449E1,-1.953506470E0,-7.932464600E0,-9.478759766E-1
3.369818886E1,-2.226562500E0,-8.061508179E0,-1.096694946E0
3.370316322E1,-2.047241211E0,-8.066055298E0,-1.251785278E0
3.370813759E1,-1.577667236E0,-8.054351807E0,-1.641738892E0
3.371311195E1,-8.607788086E-1,-7.988983154E0,-2.235885620E0
3.371808632E1,-2.299804688E-1,-7.987945557E0,-2.921676636E0
3.372306068E1,4.767456055E-1,-8.013488770E0,-3.604476929E0
3.372803505E1,1.115921021E0,-8.049804688E0,-4.204772949E0
3.373300941E1,1.547866821E0,-8.084197998E0,-4.616622925E0
3.373798378E1,1.541763306E0,-8.216781616E0,-4.708801270E0
3.374295814E1,1.481719971E0,-8.253494263E0,-4.350555420E0
3.374793251E1,1.290771484E0,-8.233520508E0,-3.607833862E0
3.375290688E1,9.542541504E-1,-8.125854492E0,-2.836441040E0
3.375788124E1,6.789398193E-1,-8.025741577E0,-2.075378418E0
3.376285561E1,3.905181885E-1,-7.960464478E0,-1.635421753E0
3.376782997E1,-1.667785645E-2,-7.891174316E0,-1.482345581E0
3.377280434E1,-3.192443848E-1,-7.830108643E0,-1.569793701E0
3.377777870E1,-7.342224121E-1,-7.700607300E0,-1.759384155E0
3.378275307E1,-1.420822144E0,-7.479446411E0,-2.067565918E0
3.378772743E1,-2.049942017E0,-7.210815430E0,-2.412704468E0
3.379270180E1,-2.432830811E0,-6.926788330E0,-2.794723511E0
3.379767616E1,-2.847030640E0,-6.694427490E0,-3.216766357E0
3.380265053E1,-3.312026978E0,-6.546218872E0,-3.643341064E0
3.380762489E1,-3.640090942E0,-6.450363159E0,-4.191772461E0
3.381259926E1,-4.008804321E0,-6.350891113E0,-4.795394897E0
3.381757362E1,-4.428298950E0,-6.265426636E0,-5.279083252E0
3.382254799E1,-4.790405273E0,-6.118927002E0,-5.544082642E0
3.382752235E1,-4.996368408E0,-5.933609009E0,-5.676330566E0
3.383249672E1,-4.952682495E0,-5.819381714E0,-5.754653931E0
3.383747108E1,-4.832702637E0,-5.768859863E0,-5.918319702E0
3.384244545E1,-4.772476196E0,-5.821182251E0,-6.344039917E0
3.384741982E1,-4.927658081E0,-5.985427856E0,-6.938003540E0
3.385239418E1,-5.150680542E0,-6.206481934E0,-7.527587891E0
3.385736854E1,-5.111053467E0,-6.439941406E0,-8.171127319E0
3.386234291E1,-4.785690308E0,-6.664108276E0,-8.985977173E0
3.386731728E1,-4.403015137E0,-6.902328491E0,-9.863388062E0
3.387229164E1,-4.100601196E0,-7.140579224E0,-1.074440002E1
3.387726601E1,-3.778518677E0,-7.343292236E0,-1.147816467E1
3.388224037E1,-3.464065552E0,-7.507537842E0,-1.194934082E1
3.388721474E1,-3.473220825E0,-7.695144653E0,-1.202134705E1
3.389218910E1,-3.655349731E0,-7.880386353E0,-1.155183411E1
3.389716347E1,-3.631958008E0,-8.084777832E0,-1.053436279E1
3.390213783E1,-3.444793701E0,-8.320877075E0,-9.362930298E0
3.390711220E1,-3.310745239E0,-8.358322144E0,-8.099822998E0
3.391208656E1,-3.259628296E0,-8.413192749E0,-6.837936401E0
3.391706093E1,-3.339813232E0,-8.709228516E0,-5.577072144E0
3.392203529E1,-3.354965210E0,-9.424499512E0,-4.358474731E0
3.392700966E1,-3.245452881E0,-1.057337952E1,-3.183166504E0
3.393198402E1,-3.273590088E0,-1.258946228E1,-1.951599121E0
3.393695839E1,-3.366790771E0,-1.541400146E1,8.966217041E-1
3.394193275E1,-4.068283081E0,-1.971980286E1,9.425109863E0
3.394690712E1,-5.265075684E0,-2.403544617E1,1.664724731E1
3.395188148E1,-5.108932495E0,-2.478358459E1,1.173376465E1
3.395685585E1,-4.068237305E0,-2.286175537E1,1.581344604E0
3.396183022E1,-3.344985962E0,-2.129035950E1,-4.956787109E0
3.396680458E1,-2.952316284E0,-2.023731995E1,-7.254089355E0
3.397177895E1,-2.404922485E0,-1.891169739E1,-6.628936768E0
3.397675331E1,-1.540725708E0,-1.678860474E1,-4.991333008E0
3.398172768E1,-8.921203613E-1,-1.437446594E1,-3.394592285E0
3.398670204E1,-9.438629150E-1,-1.250775146E1,-2.464675903E0
3.399167641E1,-1.730163574E0,-1.133505249E1,-2.165466309E0
3.399665077E1,-2.393081665E0,-1.045135498E1,-1.931640625E0
3.400162514E1,-2.471664429E0,-9.451385498E0,-1.640548706E0
3.400659950E1,-2.016769409E0,-8.271453857E0,-1.635253906E0
3.401157387E1,-1.666427612E0,-7.225158691E0,-1.809127808E0
3.401654823E1,-1.485336304E0,-6.532119751E0,-1.786895752E0
3.402152260E1,-1.233352661E0,-6.225341797E0,-1.463012695E0
3.402649696E1,-4.743347168E-1,-5.977691650E0,-9.607391357E-1
3.403147133E1,8.865051270E-1,-5.580856323E0,-6.184234619E-1
3.403644569E1,1.967758179E0,-5.263244629E0,-6.102447510E-1
3.404142006E1,2.380691528E0,-5.224288940E0,-9.086456299E-1
3.404639442E1,2.316787720E0,-5.579849243E0,-1.263671875E0
3.405136879E1,2.655624390E0,-6.208465576E0,-1.593292236E0
3.405634315E1,3.212539673E0,-7.108245850E0,-1.926223755E0
3.406131752E1,3.487548828E0,-8.198348999E0,-2.312469482E0
3.406629189E1,3.773880005E0,-9.264068604E0,-2.961441040E0
3.407126625E1,3.685028076E0,-1.016815186E1,-3.790878296E0
3.407624062E1,3.253463745E0,-1.097480774E1,-4.270065308E0
3.408121498E1,2.874572754E0,-1.162011719E1,-4.458633423E0
3.408618935E1,2.382156372E0,-1.198327637E1,-4.541976929E0
3.409116371E1,1.921112061E0,-1.192434692E1,-4.623626709E0
3.409613808E1,2.986709595E0,-1.107818604E1,-5.647552490E0
3.410111244E1,1.473709106E0,-1.027873230E1,-6.710266113E0
3.410608681E1,1.386627197E0,-9.374023438E0,-6.880844116E0
3.411106117E1,2.677597046E0,-8.709594727E0,-7.114181519E0
3.411603554E1,2.389663696E0,-8.308349609E0,-6.245834351E0
3.412100990E1,2.137771606E0,-8.253875732E0,-6.013793945E0
3.412598427E1,1.402206421E0,-8.439636230E0,-5.428894043E0
3.413095863E1,8.560638428E-1,-8.572158813E0,-4.970657349E0
3.413593300E1,6.902923584E-1,-8.653625488E0,-4.869415283E0
3.414090736E1,8.800506592E-1,-8.797744751E0,-5.182800293E0
3.414588173E1,1.081207275E0,-9.002609253E0,-5.385971069E0
3.415085609E1,9.677734375E-1,-8.836471558E0,-5.271804810E0
3.415583046E1,9.457855225E-1,-8.614868164E0,-5.154586792E0
3.416080482E1,7.915649414E-1,-8.464355469E0,-5.128677368E0
3.416577919E1,7.430267334E-1,-8.231658936E0,-5.160919189E0
3.417075356E1,7.775726318E-1,-7.900222778E0,-5.255828857E0
3.417572792E1,4.954681396E-1,-7.538146973E0,-5.198074341E0
3.418070228E1,-1.557312012E-1,-7.318161011E0,-4.798156738E0
3.418567665E1,-1.061126709E0,-7.285491943E0,-4.115783691E0
3.419065102E1,-1.950668335E0,-7.387298584E0,-3.369369507E0
3.419562538E1,-2.543792725E0,-7.537139893E0,-2.471481323E0
3.420059975E1,-3.027267456E0,-7.758056641E0,-1.137985229E0
3.420557411E1,-3.306442261E0,-8.081512451E0,5.655822754E-1
3.421054848E1,-3.081924438E0,-8.391311646E0,1.628860474E0
3.421552284E1,-2.602539062E0,-8.660751343E0,1.458099365E0
3.422049721E1,-2.212585449E0,-8.975784302E0,3.604125977E-1
3.422547157E1,-1.894729614E0,-9.271636963E0,-9.737396240E-1
3.423044594E1,-1.613845825E0,-9.498016357E0,-1.946380615E0
3.423542030E1,-1.463272095E0,-9.683715820E0,-2.259841919E0
3.424039467E1,-1.386184692E0,-9.801712036E0,-2.206909180E0
3.424536903E1,-1.406372070E0,-9.913513184E0,-2.067138672E0
3.425034340E1,-1.501907349E0,-9.972915649E0,-1.953491211E0
3.425531776E1,-1.634689331E0,-9.974609375E0,-1.923522949E0
3.426029213E1,-1.540130615E0,-9.917053223E0,-1.898422241E0
3.426526649E1,-1.403884888E0,-9.854858398E0,-1.915832520E0
3.427024086E1,-1.227920532E0,-9.774459839E0,-1.979034424E0
3.427521523E1,-1.072555542E0,-9.675979614E0,-2.097213745E0
3.428018959E1,-8.582916260E-1,-9.531387329E0,-2.337844849E0
3.428516396E1,-7.251586914E-1,-9.430938721E0,-2.475189209E0
3.429013832E1,-4.545288086E-1,-9.441711426E0,-2.562210083E0
3.429511269E1,-3.606719971E-1,-9.525146484E0,-2.566070557E0
3.430008705E1,-5.387725830E-1,-9.559799194E0,-2.619613647E0
3.430506142E1,-7.454833984E-1,-9.527236938E0,-2.788497925E0
3.431003578E1,-9.060516357E-1,-9.553100586E0,-2.789550781E0
3.431501015E1,-9.447784424E-1,-9.541931152E0,-2.822128296E0
3.431998451E1,-9.409332275E-1,-9.510711670E0,-2.833984375E0
3.432495888E1,-1.021347046E0,-9.517166138E0,-2.959808350E0
3.432993324E1,-1.005249023E0,-9.533309937E0,-3.157638550E0
3.433490761E1,-1.053405762E0,-9.522766113E0,-3.520706177E0
3.433988197E1,-9.804382324E-1,-9.490371704E0,-3.901245117E0
3.434485634E1,-1.001129150E0,-9.423202515E0,-4.219299316E0
3.434983070E1,-1.094848633E0,-9.305541992E0,-4.444259644E0
3.435480507E1,-1.103256226E0,-9.135070801E0,-4.605148315E0
3.435977943E1,-1.087158203E0,-8.888046265E0,-4.700149536E0
3.436475380E1,-1.081985474E0,-8.589050293E0,-4.699462891E0
3.436972816E1,-1.077178955E0,-8.271850586E0,-4.624832153E0
3.437470253E1,-9.205780029E-1,-7.976974487E0,-4.530426025E0
3.437967690E1,-7.102355957E-1,-7.767807007E0,-4.466079712E0
3.438465126E1,-5.093994141E-1,-7.652954102E0,-4.398712158E0
3.438962562E1,-3.397827148E-1,-7.576812744E0,-4.336441040E0
3.439459999E1,-1.863555908E-1,-7.550094604E0,-4.297851562E0
3.439957436E1,-2.984619141E-2,-7.545898438E0,-4.252716064E0
3.440454872E1,8.670043945E-2,-7.571701050E0,-4.187530518E0
3.440952309E1,1.872253418E-1,-7.660919189E0,-4.105789185E0
3.441449745E1,2.993927002E-1,-7.833648682E0,-4.080108643E0
3.441947182E1,4.090881348E-1,-8.138214111E0,-4.065475464E0
3.442444618E1,4.675750732E-1,-8.612655640E0,-4.003906250E0
3.442942055E1,5.533447266E-1,-9.116500854E0,-3.905044556E0
3.443439491E1,6.022186279E-1,-9.673553467E0,-3.772521973E0
3.443936928E1,5.139465332E-1,-1.032424927E1,-3.645553589E0
3.444434364E1,5.216674805E-1,-1.090269470E1,-3.532394409E0
3.444931801E1,4.079895020E-1,-1.141555786E1,-3.447143555E0
3.445429237E1,2.589111328E-1,-1.178991699E1,-3.388320923E0
3.445926674E1,1.051635742E-1,-1.194161987E1,-3.332473755E0
3.446424110E1,2.624511719E-2,-1.189453125E1,-3.306091309E0
3.446921547E1,-3.303527832E-2,-1.171667480E1,-3.352432251E0
3.447418983E1,1.464843750E-3,-1.153315735E1,-3.625610352E0
3.447916420E1,-4.548645020E-2,-1.141711426E1,-3.995529175E0
3.448413856E1,-5.957031250E-2,-1.141461182E1,-4.361938477E0
3.448911293E1,-1.064758301E-1,-1.144050598E1,-4.803909302E0
3.449408730E1,-1.531524658E-1,-1.141279602E1,-5.171905518E0
3.449906166E1,-2.522125244E-1,-1.129100037E1,-5.579071045E0
3.450403603E1,-2.876434326E-1,-1.091484070E1,-5.995788574E0
3.450901039E1,-2.928771973E-1,-1.035147095E1,-6.344467163E0
3.451398476E1,-3.027648926E-1,-9.737060547E0,-6.579254150E0
3.451895912E1,-3.276214600E-1,-9.180038452E0,-6.640899658E0
3.452393349E1,-4.709167480E-1,-8.719711304E0,-6.561080933E0
3.452890785E1,-6.744384766E-1,-8.441085815E0,-6.373825073E0
3.453388222E1,-8.734741211E-1,-8.286575317E0,-6.262298584E0
3.453885658E1,-1.124557495E0,-8.234710693E0,-6.199783325E0
3.454383095E1,-1.468399048E0,-8.187881470E0,-6.165252686E0
3.454880531E1,-1.882629395E0,-8.144073486E0,-6.076782227E0
3.455377968E1,-2.283370972E0,-8.067901611E0,-5.949859619E0
3.455875404E1,-2.519927979E0,-7.851303101E0,-5.678222656E0
3.456372841E1,-2.570861816E0,-7.670104980E0,-5.362274170E0
3.456870277E1,-2.492965698E0,-7.627807617E0,-5.148818970E0
3.457367714E1,-2.294509888E0,-7.700805664E0,-4.988540649E0
3.457865150E1,-2.130935669E0,-7.800338745E0,-4.613052368E0
3.458362587E1,-1.950592041E0,-7.963958740E0,-4.155624390E0
3.458860024E1,-1.733139038E0,-8.223892212E0,-3.705841064E0
3.459357460E1,-1.352935791E0,-8.714477539E0,-2.775924683E0
3.459854896E1,-1.006515503E0,-9.493484497E0,-1.251342773E0
3.460352333E1,-6.236267090E-1,-1.026296997E1,2.187194824E-1
3.460849770E1,3.259735107E-1,-1.094818115E1,1.490661621E0
3.461347206E1,1.961303711E0,-1.175184631E1,2.721435547E0
3.461844643E1,3.943267822E0,-1.249324036E1,3.215423584E0
3.462342079E1,5.901840210E0,-1.307336426E1,2.313125610E0
3.462839516E1,7.749237061E0,-1.362879944E1,-2.969818115E-1
3.463336952E1,8.179168701E0,-1.406341553E1,-3.271530151E0
3.463834389E1,6.501495361E0,-1.421673584E1,-4.665405273E0
3.464331825E1,4.375610352E0,-1.433639526E1,-4.734024048E0
3.464829262E1,1.470275879E0,-1.470632935E1,-4.915176392E0
3.465326698E1,-2.369537354E-1,-1.489418030E1,-5.037887573E0
3.465824135E1,-9.711761475E-1,-1.465620422E1,-4.524826050E0
3.466321571E1,-1.581497192E0,-1.413041687E1,-4.265533447E0
3.466819008E1,-3.108810425E0,-1.324816895E1,-3.516677856E0
3.467316444E1,-2.747467041E0,-1.287072754E1,-3.298522949E0
3.467813881E1,-3.086761475E0,-1.280926514E1,-2.733688354E0
3.468311317E1,-2.505981445E0,-1.280290222E1,-2.719024658E0
3.468808754E1,-1.845611572E0,-1.258601379E1,-3.034286499E0
3.469306190E1,-1.281402588E0,-1.237388611E1,-3.117385864E0
3.469803627E1,-2.076751709E0,-1.213710022E1,-2.955902100E0
3.470301064E1,-2.704498291E0,-1.191972351E1,-2.427032471E0
3.470798500E1,-2.764617920E0,-1.170057678E1,-9.006042480E-1
3.471295936E1,-3.966812134E0,-1.123394775E1,6.382446289E-1
3.471793373E1,-4.436050415E0,-1.098071289E1,2.665023804E0
3.472290810E1,-3.838867188E0,-1.106848145E1,4.432235718E0
3.472788246E1,-4.055267334E0,-1.056683350E1,5.156677246E0
3.473285683E1,-3.549392700E0,-9.928543091E0,5.267105103E0
3.473783119E1,-2.862228394E0,-9.596298218E0,5.285736084E0
3.474280556E1,-2.613571167E0,-9.319122314E0,4.966415405E0
3.474777992E1,-2.551025391E0,-9.095397949E0,4.143630981E0
3.475275429E1,-2.464767456E0,-9.088363647E0,2.453079224E0
3.475772865E1,-2.359893799E0,-9.274536133E0,-1.753234863E-1
3.476270302E1,-2.089523315E0,-9.461410522E0,-3.233047485E0
3.476767738E1,-1.922439575E0,-9.605911255E0,-6.203704834E0
3.477265175E1,-1.909561157E0,-9.662979126E0,-8.720596313E0
3.477762611E1,-1.921432495E0,-9.624481201E0,-1.047290039E1
3.478260048E1,-1.986160278E0,-9.575531006E0,-1.121687317E1
3.478757484E1,-2.142593384E0,-9.524642944E0,-1.090411377E1
3.479254921E1,-2.227447510E0,-9.439636230E0,-9.606628418E0
3.479752357E1,-2.476547241E0,-9.280929565E0,-7.625030518E0
3.480249794E1,-2.813507080E0,-9.025756836E0,-5.246536255E0
3.480747231E1,-2.866302490E0,-8.645019531E0,-2.654724121E0
3.481244667E1,-2.802291870E0,-8.154388428E0,8.470153809E-1
3.481742104E1,-2.041534424E0,-7.574829102E0,3.071228027E0
3.482239540E1,-6.063079834E-1,-6.980926514E0,2.250930786E0
3.482736977E1,7.354736328E-1,-6.559127808E0,-1.569976807E-1
3.483234413E1,1.364242554E0,-6.313858032E0,-2.353820801E0
3.483731850E1,1.600265503E0,-6.178222656E0,-3.460800171E0
3.484229286E1,1.762573242E0,-6.106307983E0,-3.657531738E0
3.484726723E1,2.067871094E0,-6.087646484E0,-3.607376099E0
3.485224159E1,2.449951172E0,-6.056915283E0,-3.509414673E0
3.485721596E1,2.635543823E0,-6.026870728E0,-3.488174438E0
3.486219032E1,2.577941895E0,-6.061584473E0,-3.509323120E0
3.486716469E1,2.368469238E0,-6.169860840E0,-3.392211914E0
3.487213905E1,1.894195557E0,-6.285064697E0,-3.154296875E0
3.487711342E1,1.418579102E0,-6.344635010E0,-2.854064941E0
3.488208778E1,1.017486572E0,-6.345520020E0,-2.620208740E0
3.488706215E1,6.500854492E-1,-6.298202515E0,-2.352722168E0
3.489203651E1,2.031860352E-1,-6.275680542E0,-1.960937500E0
3.489701088E1,-3.237762451E-1,-6.210433960E0,-1.610641479E0
3.490198524E1,-1.076187134E0,-6.258438110E0,-1.326278687E0
3.490695961E1,-1.864120483E0,-6.337753296E0,-1.070648193E0
3.491193398E1,-2.409545898E0,-6.365570068E0,-8.854370117E-1
3.491690834E1,-2.826309204E0,-6.367202759E0,-7.730560303E-1
3.492188270E1,-3.393692017E0,-6.329086304E0,-8.629150391E-1
3.492685707E1,-3.887847900E0,-6.263839722E0,-1.315948486E0
3.493183144E1,-4.188415527E0,-6.183410645E0,-2.257247925E0
3.493680580E1,-4.272155762E0,-6.052795410E0,-3.578765869E0
3.494178017E1,-4.163543701E0,-5.879821777E0,-4.995498657E0
3.494675453E1,-4.058166504E0,-5.625442505E0,-6.120819092E0
3.495172890E1,-3.837844849E0,-5.444473267E0,-6.976455688E0
3.495670326E1,-3.429290771E0,-5.538345337E0,-7.678848267E0
3.496167763E1,-3.118270874E0,-5.788681030E0,-8.245758057E0
3.496665199E1,-2.992721558E0,-6.084121704E0,-8.758224487E0
3.497162636E1,-3.120697021E0,-6.529266357E0,-9.256378174E0
3.497660072E1,-3.693634033E0,-7.107528687E0,-9.550704956E0
3.498157509E1,-4.184982300E0,-7.754364014E0,-9.691940308E0
3.498654945E1,-4.275558472E0,-8.369445801E0,-9.734054565E0
3.499152382E1,-3.962493896E0,-8.960571289E0,-9.665847778E0
3.499649818E1,-3.474792480E0,-9.506500244E0,-9.580718994E0
3.500147255E1,-3.117462158E0,-9.874664307E0,-9.492187500E0
3.500644691E1,-2.808303833E0,-1.007801819E1,-9.430160522E0
3.501142128E1,-2.671325684E0,-1.011569214E1,-9.308792114E0
3.501639564E1,-2.798400879E0,-9.984832764E0,-9.072296143E0
3.502137001E1,-2.781661987E0,-9.801498413E0,-8.410186768E0
3.502634438E1,-2.729385376E0,-9.634033203E0,-7.289260864E0
3.503131874E1,-3.033950806E0,-9.607086182E0,-6.065017700E0
3.503629311E1,-3.610565186E0,-9.806594849E0,-4.998703003E0
3.504126747E1,-4.140731812E0,-1.035572815E1,-4.077056885E0
3.504624184E1,-4.298767090E0,-1.133149719E1,-3.213043213E0
3.505121620E1,-4.206497192E0,-1.262762451E1,-2.185287476E0
3.505619057E1,-4.490753174E0,-1.424365234E1,2.007598877E-1
3.506116493E1,-5.546646118E0,-1.671209717E1,5.650802612E0
3.506613930E1,-6.612319946E0,-1.858451843E1,7.123916626E0
3.507111366E1,-5.374099731E0,-1.887031555E1,1.018203735E0
3.507608803E1,-3.958816528E0,-1.877682495E1,-5.172210693E0
3.508106239E1,-3.882095337E0,-1.933950806E1,-8.100555420E0
3.508603676E1,-4.512557983E0,-1.981509399E1,-8.349014282E0
3.509101112E1,-5.544418335E0,-1.985490417E1,-7.262939453E0
3.509598549E1,-6.810043335E0,-1.898689270E1,-5.951339722E0
3.510095985E1,-6.521102905E0,-1.657179260E1,-4.620376587E0
3.510593422E1,-4.987930298E0,-1.330433655E1,-2.867446899E0
3.511090858E1,-4.164611816E0,-1.102525330E1,-1.549255371E0
3.511588295E1,-3.554031372E0,-9.442626953E0,-6.998291016E-1
3.512085732E1,-2.847900391E0,-7.962539673E0,-1.849212646E-1
3.512583168E1,-2.389938354E0,-6.598770142E0,4.724121094E-2
3.513080604E1,-1.796447754E0,-5.553588867E0,-4.515075684E-2
3.513578041E1,-9.210357666E-1,-4.965164185E0,-5.047760010E-1
3.514075478E1,-1.016387939E-1,-4.750793457E0,-1.145446777E0
3.514572914E1,4.358367920E-1,-4.715469360E0,-1.559844971E0
3.515070351E1,1.129119873E0,-4.753692627E0,-1.649291992E0
3.515567787E1,1.783660889E0,-4.890975952E0,-1.600830078E0
3.516065224E1,2.396270752E0,-5.115249634E0,-1.531463623E0
3.516562660E1,2.969940186E0,-5.427352905E0,-1.284042358E0
3.517060097E1,3.190063477E0,-5.945831299E0,-9.116668701E-1
3.517557533E1,2.849670410E0,-6.675216675E0,-7.974090576E-1
3.518054970E1,2.528671265E0,-7.588882446E0,-1.048507690E0
3.518552406E1,2.666946411E0,-8.594848633E0,-1.408981323E0
3.519049843E1,3.027267456E0,-9.678451538E0,-2.034011841E0
3.519547279E1,3.475082397E0,-1.074989319E1,-2.828674316E0
3.520044716E1,3.447143555E0,-1.163215637E1,-3.589447021E0
3.520542152E1,3.253128052E0,-1.233621216E1,-3.853683472E0
3.521039589E1,2.524047852E0,-1.276916504E1,-3.923004150E0
3.521537025E1,1.899734497E0,-1.289817810E1,-3.387344360E0
3.522034462E1,2.418533325E0,-1.216505432E1,-4.241577148E0
3.522531898E1,2.404693604E0,-1.130116272E1,-5.049880981E0
3.523029335E1,2.303283691E0,-1.056620789E1,-5.036407471E0
3.523526772E1,2.281417847E0,-9.816284180E0,-5.323883057E0
3.524024208E1,2.681579590E0,-9.150222778E0,-5.402450562E0
3.524521645E1,2.672958374E0,-8.793853760E0,-4.880477905E0
3.525019081E1,2.728027344E0,-8.713165283E0,-4.855667114E0
3.525516518E1,1.562438965E0,-8.994079590E0,-4.142562866E0
3.526013954E1,1.003158569E0,-8.978851318E0,-3.638442993E0
3.526511391E1,9.281768799E-1,-8.962020874E0,-3.785629272E0
3.527008827E1,1.042846680E0,-8.900238037E0,-3.712356567E0
3.527506264E1,1.171157837E0,-8.867691040E0,-3.590179443E0
3.528003700E1,1.151947021E0,-8.845062256E0,-3.298049927E0
3.528501137E1,9.794158936E-1,-8.745620728E0,-3.254821777E0
3.528998573E1,1.370300293E0,-8.562759399E0,-3.918991089E0
3.529496010E1,1.809860229E0,-8.549758911E0,-4.744079590E0
3.529993446E1,1.571914673E0,-8.475265503E0,-5.241134644E0
3.530490883E1,1.234909058E0,-8.397048950E0,-5.442977905E0
3.530988319E1,8.318176270E-1,-8.478561401E0,-5.000854492E0
3.531485756E1,-5.604553223E-2,-8.776794434E0,-4.360321045E0
3.531983192E1,-9.468994141E-1,-8.968078613E0,-3.849807739E0
3.532480629E1,-1.644012451E0,-8.964462280E0,-3.108535767E0
3.532978065E1,-2.505264282E0,-8.925521851E0,-1.531936646E0
3.533475502E1,-2.963455200E0,-8.723632812E0,-1.559143066E-1
3.533972939E1,-3.054794312E0,-8.465164185E0,3.373870850E-1
3.534470375E1,-2.973663330E0,-8.279617310E0,-1.031799316E-1
3.534967812E1,-2.755249023E0,-8.168151855E0,-1.136810303E0
3.535465248E1,-2.510910034E0,-8.155395508E0,-2.082382202E0
3.535962685E1,-2.221496582E0,-8.243377686E0,-2.518127441E0
3.536460121E1,-1.813415527E0,-8.323379517E0,-2.522048950E0
3.536957558E1,-1.586395264E0,-8.498779297E0,-2.390151978E0
3.537454994E1,-1.670104980E0,-8.843841553E0,-2.206100464E0
3.537952431E1,-1.718383789E0,-9.116271973E0,-2.051315308E0
3.538449867E1,-1.632995605E0,-9.312530518E0,-2.064270020E0
3.538947304E1,-1.485397339E0,-9.416061401E0,-2.236206055E0
3.539444740E1,-1.570648193E0,-9.475189209E0,-2.417755127E0
3.539942177E1,-1.672775269E0,-9.503723145E0,-2.529327393E0
3.540439613E1,-1.610031128E0,-9.554214478E0,-2.555297852E0
3.540937050E1,-1.458679199E0,-9.634658813E0,-2.512420654E0
3.541434486E1,-1.483596802E0,-9.736282349E0,-2.365325928E0
3.541931923E1,-1.477523804E0,-9.827529907E0,-2.228576660E0
3.542429359E1,-1.465850830E0,-1.000051880E1,-2.009445190E0
3.542926796E1,-1.373687744E0,-1.008741760E1,-1.886749268E0
3.543424232E1,-1.408752441E0,-1.023672485E1,-1.781051636E0
3.543921669E1,-1.428070068E0,-1.036627197E1,-1.707611084E0
3.544419106E1,-1.386550903E0,-1.043513489E1,-1.760879517E0
3.544916542E1,-1.288879395E0,-1.043103027E1,-1.971466064E0
3.545413978E1,-1.101409912E0,-1.034225464E1,-2.190246582E0
3.545911415E1,-9.165191650E-1,-1.025054932E1,-2.515396118E0
3.546408852E1,-7.140350342E-1,-1.006037903E1,-2.862106323E0
3.546906288E1,-4.774169922E-1,-9.785858154E0,-3.221313477E0
3.547403725E1,-3.015899658E-1,-9.552246094E0,-3.601608276E0
3.547901161E1,-1.844940186E-1,-9.189239502E0,-3.949737549E0
3.548398598E1,-5.194091797E-2,-8.814208984E0,-4.339767456E0
3.548896034E1,-6.878662109E-2,-8.398437500E0,-4.566802979E0
3.549393471E1,-1.208801270E-1,-8.024291992E0,-4.720230103E0
3.549890907E1,-1.722564697E-1,-7.666839600E0,-4.803192139E0
3.550388344E1,-2.341003418E-1,-7.378738403E0,-4.803298950E0
3.550885780E1,-3.606414795E-1,-7.201614380E0,-4.714538574E0
3.551383217E1,-5.145263672E-1,-7.150680542E0,-4.547103882E0
3.551880653E1,-5.320434570E-1,-7.257278442E0,-4.315750122E0
3.552378090E1,-3.832855225E-1,-7.488708496E0,-4.040588379E0
3.552875526E1,-2.158355713E-1,-7.822738647E0,-3.761199951E0
3.553372963E1,6.713867188E-2,-8.209121704E0,-3.506011963E0
3.553870399E1,4.102325439E-1,-8.674743652E0,-3.288162231E0
3.554367836E1,7.631530762E-1,-9.145889282E0,-3.200820923E0
3.554865273E1,1.068130493E0,-9.575927734E0,-3.192596436E0
3.555362709E1,1.257431030E0,-9.925750732E0,-3.263778687E0
3.555860146E1,1.390289307E0,-1.021066284E1,-3.388504028E0
3.556357582E1,1.435928345E0,-1.052532959E1,-3.518569946E0
3.556855019E1,1.437805176E0,-1.080247498E1,-3.592163086E0
3.557352455E1,1.353240967E0,-1.102339172E1,-3.574935913E0
3.557849892E1,1.251373291E0,-1.119958496E1,-3.512634277E0
3.558347328E1,1.128753662E0,-1.132301331E1,-3.430221558E0
3.558844765E1,9.594268799E-1,-1.141494751E1,-3.347244263E0
3.559342201E1,7.154846191E-1,-1.146041870E1,-3.334228516E0
3.559839638E1,5.112304688E-1,-1.142214966E1,-3.344024658E0
3.560337074E1,3.463287354E-1,-1.128894043E1,-3.381240845E0
3.560834511E1,2.009887695E-1,-1.107029724E1,-3.447570801E0
3.561331947E1,5.871582031E-2,-1.078533936E1,-3.576858521E0
3.561829384E1,6.195068359E-3,-1.048028564E1,-3.785064697E0
3.562326820E1,-1.165466309E-1,-1.009896851E1,-3.974822998E0
3.562824257E1,-2.679595947E-1,-9.804336548E0,-4.205490112E0
3.563321693E1,-3.197937012E-1,-9.689987183E0,-4.450271606E0
3.563819130E1,-3.998870850E-1,-9.763961792E0,-4.671646118E0
3.564316566E1,-4.875946045E-1,-9.919448853E0,-4.803085327E0
3.564814003E1,-5.494537354E-1,-1.000561523E1,-4.896255493E0
3.565311440E1,-5.777740479E-1,-9.891784668E0,-5.043655396E0
3.565808876E1,-6.516876221E-1,-9.546371460E0,-5.277938843E0
3.566306312E1,-7.236480713E-1,-8.871948242E0,-5.430160522E0
3.566803749E1,-9.273986816E-1,-8.087326050E0,-5.557174683E0
3.567301186E1,-1.191818237E0,-7.391952515E0,-5.673233032E0
3.567798622E1,-1.430389404E0,-6.899490356E0,-5.814025879E0
3.568296059E1,-1.713378906E0,-6.660583496E0,-5.955612183E0
3.568793495E1,-2.025588989E0,-6.636825562E0,-6.096633911E0
3.569290932E1,-2.390289307E0,-6.677474976E0,-6.130706787E0
3.569788368E1,-2.734527588E0,-6.710784912E0,-6.053588867E0
3.570285805E1,-3.026489258E0,-6.656860352E0,-5.863540649E0
3.570783241E1,-3.290924072E0,-6.583816528E0,-5.492355347E0
3.571280678E1,-3.533676147E0,-6.511260986E0,-5.090270996E0
3.571778114E1,-3.698867798E0,-6.457244873E0,-4.751525879E0
3.572275551E1,-3.632095337E0,-6.375198364E0,-4.450576782E0
3.572772987E1,-3.342971802E0,-6.258926392E0,-4.082565308E0
3.573270424E1,-3.029281616E0,-6.196319580E0,-3.641769409E0
3.573767860E1,-2.629760742E0,-6.214172363E0,-3.163192749E0
3.574265297E1,-2.123641968E0,-6.324447632E0,-2.666061401E0
3.574762733E1,-1.643508911E0,-6.580917358E0,-1.956069946E0
3.575260170E1,-1.064102173E0,-7.277008057E0,-8.224945068E-1
3.575757606E1,-4.554138184E-1,-8.190216064E0,3.042144775E-1
3.576255043E1,2.603454590E-1,-8.947616577E0,1.015014648E0
3.576752480E1,1.542724609E0,-9.579177856E0,9.931488037E-1
3.577249916E1,3.588912964E0,-1.037599182E1,6.759490967E-1
3.577747353E1,5.537338257E0,-1.147584534E1,-2.207946777E-2
3.578244789E1,6.670333862E0,-1.283180237E1,-1.604019165E0
3.578742226E1,8.092422485E0,-1.426412964E1,-4.327362061E0
3.579239662E1,8.391387939E0,-1.592680359E1,-5.766983032E0
3.579737099E1,7.219268799E0,-1.763679504E1,-5.780456543E0
3.580234535E1,6.752380371E0,-1.938327026E1,-5.521301270E0
3.580731972E1,5.614242554E0,-2.131977844E1,-5.209747314E0
3.581229408E1,2.728576660E0,-2.308250427E1,-4.783233643E0
3.581726845E1,1.106460571E0,-2.328666687E1,-3.901718140E0
3.582224281E1,-7.931365967E-1,-2.131138611E1,-3.037445068E0
3.582721718E1,-2.159912109E0,-1.812034607E1,-3.741012573E0
3.583219154E1,-2.310684204E0,-1.505255127E1,-5.092880249E0
3.583716591E1,-2.739883423E0,-1.304541016E1,-5.190093994E0
3.584214027E1,-2.531799316E0,-1.202473450E1,-4.580490112E0
3.584711464E1,-2.213027954E0,-1.144824219E1,-4.501586914E0
3.585208900E1,-2.039276123E0,-1.100849915E1,-4.579040527E0
3.585706337E1,-2.720565796E0,-1.057987976E1,-4.016113281E0
3.586203774E1,-5.197357178E0,-1.032434082E1,-1.557937622E0
3.586701210E1,-7.326675415E0,-1.088597107E1,5.763092041E-1
3.587198646E1,-7.926544189E0,-1.110015869E1,2.252746582E0
3.587696083E1,-8.233596802E0,-1.098884583E1,3.728576660E0
3.588193520E1,-7.432617188E0,-1.071536255E1,4.764343262E0
3.588690956E1,-6.478088379E0,-1.026156616E1,5.851501465E0
3.589188393E1,-5.794036865E0,-9.307876587E0,6.832168579E0
3.589685829E1,-5.113708496E0,-8.210525513E0,6.894500732E0
3.590183266E1,-4.990676880E0,-7.693695068E0,5.791992188E0
3.590680702E1,-4.750854492E0,-7.929321289E0,3.358581543E0
3.591178139E1,-4.203811646E0,-8.288085938E0,8.691406250E-2
3.591675575E1,-3.682601929E0,-8.517120361E0,-3.208419800E0
3.592173012E1,-3.404037476E0,-8.666290283E0,-6.021575928E0
3.592670448E1,-3.248840332E0,-8.723876953E0,-8.242797852E0
3.593167885E1,-2.886718750E0,-8.620529175E0,-9.774047852E0
3.593665321E1,-2.162048340E0,-8.459655762E0,-1.056295776E1
3.594162758E1,-1.202835083E0,-8.327377319E0,-1.059597778E1
3.594660194E1,-3.391571045E-1,-8.267150879E0,-9.727432251E0
3.595157631E1,-3.280639648E-2,-8.229721069E0,-8.071441650E0
3.595655067E1,-1.687011719E-1,-8.112289429E0,-5.953842163E0
3.596152504E1,-5.436096191E-1,-7.890609741E0,-3.625793457E0
3.596649940E1,-9.987030029E-1,-7.637954712E0,-4.212951660E-1
3.597147377E1,-9.326934814E-1,-7.345901489E0,2.244216919E0
3.597644814E1,2.639617920E-1,-6.883773804E0,2.177413940E0
3.598142250E1,1.925735474E0,-6.529724121E0,-8.372497559E-2
3.598639686E1,3.038619995E0,-6.365890503E0,-2.455261230E0
3.599137123E1,3.421997070E0,-6.297546387E0,-3.894485474E0
3.599634560E1,3.588241577E0,-6.283279419E0,-4.353652954E0
3.600131996E1,3.761718750E0,-6.282409668E0,-4.259490967E0
3.600629433E1,3.884887695E0,-6.273498535E0,-4.072006226E0
3.601126869E1,3.759323120E0,-6.259017944E0,-4.001525879E0
3.601624306E1,3.420898438E0,-6.324630737E0,-3.977996826E0
3.602121742E1,2.912216187E0,-6.376480103E0,-3.960586548E0
3.602619179E1,2.362823486E0,-6.439620972E0,-3.935745239E0
3.603116615E1,1.818801880E0,-6.545196533E0,-4.084655762E0
3.603614052E1,1.313476562E0,-6.579803467E0,-4.045410156E0
3.604111488E1,7.028045654E-1,-6.648803711E0,-3.685684204E0
3.604608925E1,-1.102752686E-1,-6.768798828E0,-3.038070679E0
3.605106361E1,-8.628082275E-1,-6.926712036E0,-2.280090332E0
3.605603798E1,-1.682876587E0,-6.994827271E0,-1.588363647E0
3.606101234E1,-2.277572632E0,-7.007568359E0,-1.229263306E0
3.606598671E1,-2.857925415E0,-6.920211792E0,-1.117889404E0
3.607096107E1,-3.409942627E0,-6.771926880E0,-1.274078369E0
3.607593544E1,-4.036666870E0,-6.662277222E0,-1.668884277E0
3.608090981E1,-4.619201660E0,-6.583847046E0,-2.273132324E0
3.608588417E1,-5.015960693E0,-6.412231445E0,-3.218612671E0
3.609085854E1,-5.057510376E0,-6.206527710E0,-4.481491089E0
3.609583290E1,-4.940811157E0,-6.143600464E0,-5.687728882E0
3.610080727E1,-4.843170166E0,-6.138504028E0,-6.569000244E0
3.610578163E1,-4.698379517E0,-6.173095703E0,-7.129974365E0
3.611075600E1,-4.470901489E0,-6.253494263E0,-7.426559448E0
3.611573036E1,-4.235092163E0,-6.384490967E0,-7.597122192E0
3.612070473E1,-4.116348267E0,-6.611206055E0,-7.772018433E0
3.612567909E1,-4.015960693E0,-6.960723877E0,-7.948623657E0
3.613065346E1,-4.048171997E0,-7.363403320E0,-8.106536865E0
3.613562782E1,-4.192291260E0,-7.749008179E0,-8.276702881E0
3.614060219E1,-4.064712524E0,-8.080734253E0,-8.493530273E0
3.614557655E1,-3.585540771E0,-8.333862305E0,-8.723495483E0
3.615055092E1,-3.076217651E0,-8.536361694E0,-8.906127930E0
3.615552528E1,-2.707443237E0,-8.712249756E0,-8.985687256E0
3.616049965E1,-2.487594604E0,-8.848327637E0,-8.908523560E0
3.616547401E1,-2.389678955E0,-8.937850952E0,-8.582061768E0
3.617044838E1,-2.245925903E0,-9.001068115E0,-7.962142944E0
3.617542274E1,-2.053009033E0,-9.016540527E0,-7.069595337E0
3.618039711E1,-1.932739258E0,-9.083953857E0,-6.123352051E0
3.618537148E1,-1.991714478E0,-9.260437012E0,-5.280334473E0
3.619034584E1,-2.233184814E0,-9.509063721E0,-4.492431641E0
3.619532020E1,-2.444946289E0,-9.824050903E0,-3.647964478E0
3.620029457E1,-2.526016235E0,-1.061807251E1,-2.140029907E0
3.620526894E1,-2.597152710E0,-1.241534424E1,1.127548218E0
3.621024330E1,-3.259307861E0,-1.498988342E1,6.048187256E0
3.621521767E1,-4.119003296E0,-1.744859314E1,9.267089844E0
3.622019203E1,-4.482955933E0,-1.781919861E1,4.623153687E0
3.622516640E1,-3.944549561E0,-1.702758789E1,-2.900939941E0
3.623014076E1,-3.526947021E0,-1.698748779E1,-7.651550293E0
3.623511513E1,-3.353622437E0,-1.774592590E1,-9.390197754E0
3.624008949E1,-3.665481567E0,-1.842820740E1,-9.145294189E0
3.624506386E1,-4.439071655E0,-1.826913452E1,-7.788619995E0
3.625003822E1,-5.080978394E0,-1.679385376E1,-6.081283569E0
3.625501259E1,-4.930908203E0,-1.413726807E1,-4.443435669E0
3.625998695E1,-4.570724487E0,-1.150419617E1,-3.403366089E0
3.626496132E1,-4.177337646E0,-9.640396118E0,-2.700241089E0
3.626993568E1,-3.738479614E0,-8.422988892E0,-2.135375977E0
3.627491005E1,-3.285400391E0,-7.510009766E0,-1.640747070E0
3.627988441E1,-2.928771973E0,-6.834304810E0,-1.135162354E0
3.628485878E1,-2.657089233E0,-6.402679443E0,-7.463836670E-1
3.628983314E1,-2.377059937E0,-6.291534424E0,-7.705993652E-1
3.629480751E1,-2.484283447E0,-6.620117188E0,-1.236694336E0
3.629978188E1,-2.739761353E0,-7.183868408E0,-1.659942627E0
3.630475624E1,-2.344070435E0,-7.604888916E0,-1.793121338E0
3.630973061E1,-1.381805420E0,-7.721511841E0,-1.731842041E0
3.631470497E1,-3.719635010E-1,-7.659835815E0,-1.488327026E0
3.631967934E1,4.601287842E-1,-7.622512817E0,-1.011444092E0
3.632465370E1,1.182846069E0,-7.761032104E0,-4.028930664E-1
3.632962807E1,1.462417603E0,-8.151306152E0,2.153320312E-1
3.633460243E1,1.535461426E0,-8.765762329E0,4.768981934E-1
3.633957680E1,1.790206909E0,-9.496368408E0,5.335845947E-1
3.634455116E1,2.125396729E0,-1.021952820E1,2.655029297E-1
3.634952553E1,2.450897217E0,-1.099009705E1,-3.853759766E-1
3.635449989E1,2.717620850E0,-1.175755310E1,-1.096496582E0
3.635947426E1,2.395385742E0,-1.227474976E1,-2.034515381E0
3.636444862E1,2.266784668E0,-1.241783142E1,-2.678253174E0
3.636942299E1,1.785568237E0,-1.223016357E1,-2.861495972E0
3.637439735E1,8.364257812E-1,-1.177525330E1,-3.259155273E0
3.637937172E1,1.041091919E0,-1.074794006E1,-3.154907227E0
3.638434608E1,1.762390137E0,-9.483428955E0,-3.862731934E0
3.638932045E1,1.755325317E0,-8.809997559E0,-4.153213501E0
3.639429482E1,2.586196899E0,-8.192672729E0,-5.486816406E0
3.639926918E1,3.141494751E0,-7.849700928E0,-6.159988403E0
3.640424354E1,3.162429810E0,-7.836746216E0,-6.402847290E0
3.640921791E1,2.891372681E0,-7.991180420E0,-6.454818726E0
3.641419228E1,3.530075073E0,-8.156433105E0,-6.517776489E0
3.641916664E1,4.525726318E0,-8.491455078E0,-5.973007202E0
3.642414101E1,5.235656738E0,-8.863662720E0,-5.024414062E0
3.642911537E1,5.503372192E0,-9.234832764E0,-4.045242310E0
3.643408974E1,5.575790405E0,-9.524841309E0,-3.752044678E0
3.643906410E1,5.365005493E0,-9.770828247E0,-3.972946167E0
3.644403847E1,4.718521118E0,-9.883377075E0,-4.173950195E0
3.644901283E1,3.968750000E0,-9.827987671E0,-4.062881470E0
3.645398720E1,3.011093140E0,-9.654098511E0,-3.581039429E0
3.645896156E1,2.064422607E0,-9.431808472E0,-3.054855347E0
3.646393593E1,1.218444824E0,-9.239944458E0,-2.709533691E0
3.646891029E1,3.449554443E-1,-9.157592773E0,-2.342163086E0
3.647388466E1,-5.893096924E-1,-9.200485229E0,-1.726547241E0
3.647885902E1,-1.443298340E0,-9.255493164E0,-1.145828247E0
3.648383339E1,-2.203720093E0,-9.289855957E0,-9.743041992E-1
3.648880775E1,-2.930496216E0,-9.304092407E0,-1.177978516E0
3.649378212E1,-3.185867310E0,-9.165802002E0,-1.405990601E0
3.649875648E1,-3.261627197E0,-8.946548462E0,-1.778656006E0
3.650373085E1,-3.488464355E0,-8.834503174E0,-2.354431152E0
3.650870522E1,-3.733093262E0,-8.822769165E0,-2.812698364E0
3.651367958E1,-3.984100342E0,-8.871597290E0,-2.917556763E0
3.651865395E1,-4.118789673E0,-8.994613647E0,-2.664916992E0
3.652362831E1,-3.914398193E0,-9.143203735E0,-2.276565552E0
3.652860268E1,-3.494232178E0,-9.312850952E0,-1.924270630E0
3.653357704E1,-2.974395752E0,-9.483474731E0,-1.695785522E0
3.653855141E1,-2.450149536E0,-9.659927368E0,-1.605987549E0
3.654352577E1,-1.947723389E0,-9.750381470E0,-1.631729126E0
3.654850014E1,-1.578353882E0,-9.790084839E0,-1.728698730E0
3.655347450E1,-1.305511475E0,-9.807098389E0,-1.848724365E0
3.655844887E1,-1.063842773E0,-9.799499512E0,-2.086593628E0
3.656342323E1,-8.893432617E-1,-9.787231445E0,-2.281921387E0
3.656839760E1,-8.538513184E-1,-9.783386230E0,-2.539291382E0
3.657337196E1,-8.455963135E-1,-9.671890259E0,-2.917495728E0
3.657834633E1,-9.234313965E-1,-9.569137573E0,-3.231506348E0
3.658332069E1,-1.080673218E0,-9.493896484E0,-3.374649048E0
3.658829506E1,-1.089004517E0,-9.401397705E0,-3.405517578E0
3.659326942E1,-9.796905518E-1,-9.403259277E0,-3.337066650E0
3.659824379E1,-1.032928467E0,-9.451507568E0,-3.192306519E0
3.660321815E1,-9.466094971E-1,-9.480636597E0,-3.048217773E0
3.660819252E1,-9.637908936E-1,-9.536834717E0,-2.925338745E0
3.661316689E1,-9.812469482E-1,-9.582794189E0,-2.813385010E0
3.661814125E1,-1.002258301E0,-9.563568115E0,-2.807342529E0
3.662311562E1,-1.015029907E0,-9.509246826E0,-2.833557129E0
3.662808998E1,-9.517822266E-1,-9.421081543E0,-2.824050903E0
3.663306435E1,-9.465789795E-1,-9.340972900E0,-2.783523560E0
3.663803871E1,-1.025131226E0,-9.214630127E0,-2.764053345E0
3.664301308E1,-1.092300415E0,-9.091308594E0,-2.828414917E0
3.664798744E1,-1.150161743E0,-8.969100952E0,-2.933059692E0
3.665296181E1,-1.213836670E0,-8.853027344E0,-3.085037231E0
3.665793617E1,-1.258911133E0,-8.747085571E0,-3.247100830E0
3.666291054E1,-1.251647949E0,-8.660751343E0,-3.384674072E0
3.666788490E1,-1.217285156E0,-8.596069336E0,-3.434112549E0
3.667285927E1,-1.138015747E0,-8.587112427E0,-3.421371460E0
3.667783363E1,-1.018844604E0,-8.605957031E0,-3.341735840E0
3.668280800E1,-8.726043701E-1,-8.638748169E0,-3.184936523E0
3.668778236E1,-6.911926270E-1,-8.693832397E0,-2.965606689E0
3.669275673E1,-4.763946533E-1,-8.766494751E0,-2.694198608E0
3.669773109E1,-2.449035645E-1,-8.838943481E0,-2.465728760E0
3.670270546E1,-1.893615723E-2,-8.934127808E0,-2.299774170E0
3.670767982E1,2.047882080E-1,-9.073516846E0,-2.201278687E0
3.671265419E1,4.197082520E-1,-9.305725098E0,-2.209030151E0
3.671762856E1,5.755767822E-1,-9.627578735E0,-2.326690674E0
3.672260292E1,6.770324707E-1,-9.966598511E0,-2.520187378E0
3.672757728E1,7.585754395E-1,-1.025756836E1,-2.764434814E0
3.673255165E1,8.621520996E-1,-1.043493652E1,-3.054229736E0
3.673752602E1,9.064941406E-1,-1.055870056E1,-3.344848633E0
3.674250038E1,9.935455322E-1,-1.057896423E1,-3.517181396E0
3.674747475E1,1.024047852E0,-1.053051758E1,-3.589691162E0
3.675244911E1,1.064788818E0,-1.048153687E1,-3.571243286E0
3.675742348E1,1.119812012E0,-1.034075928E1,-3.543151855E0
3.676239784E1,1.191284180E0,-1.021604919E1,-3.651748657E0
3.676737221E1,1.205139160E0,-1.013566589E1,-3.876632690E0
3.677234657E1,1.123870850E0,-1.016642761E1,-4.128036499E0
3.677732094E1,1.063568115E0,-1.032463074E1,-4.296722412E0
3.678229530E1,9.611816406E-1,-1.054521179E1,-4.340835571E0
3.678726967E1,8.905792236E-1,-1.073478699E1,-4.243087769E0
3.679224403E1,8.376922607E-1,-1.078335571E1,-4.156967163E0
3.679721840E1,8.060913086E-1,-1.068693542E1,-4.073242188E0
3.680219276E1,8.081359863E-1,-1.046195984E1,-4.075149536E0
3.680716713E1,8.166503906E-1,-1.018409729E1,-4.124603271E0
3.681214149E1,7.351989746E-1,-9.940109253E0,-4.235534668E0
3.681711586E1,5.721435547E-1,-9.732818604E0,-4.298553467E0
3.682209023E1,3.884582520E-1,-9.571746826E0,-4.306594849E0
3.682706459E1,1.821594238E-1,-9.465744019E0,-4.260543823E0
3.683203896E1,-5.096435547E-2,-9.452713013E0,-4.288726807E0
3.683701332E1,-2.647705078E-1,-9.486190796E0,-4.357711792E0
3.684198769E1,-3.842315674E-1,-9.524505615E0,-4.407226562E0
3.684696205E1,-5.816040039E-1,-9.520187378E0,-4.413421631E0
3.685193642E1,-8.417816162E-1,-9.474044800E0,-4.387451172E0
3.685691078E1,-1.096389771E0,-9.419128418E0,-4.425872803E0
3.686188515E1,-1.372894287E0,-9.348602295E0,-4.458541870E0
3.686685951E1,-1.765823364E0,-9.258651733E0,-4.377410889E0
3.687183388E1,-2.105499268E0,-9.174621582E0,-4.296081543E0
3.687680824E1,-2.365249634E0,-9.068435669E0,-4.079284668E0
3.688178261E1,-2.517364502E0,-8.909500122E0,-3.557937622E0
3.688675697E1,-2.518402100E0,-8.701492310E0,-2.934448242E0
3.689173134E1,-2.689727783E0,-8.483367920E0,-2.300064087E0
3.689670570E1,-2.930740356E0,-8.334091187E0,-1.446701050E0
3.690168007E1,-3.129608154E0,-8.425659180E0,-4.730377197E-1
3.690665443E1,-3.289611816E0,-8.512435913E0,4.181976318E-1
3.691162880E1,-3.307250977E0,-8.453338623E0,1.253784180E0
3.691660316E1,-3.356430054E0,-8.345764160E0,2.273574829E0
3.692157753E1,-3.332046509E0,-8.231155396E0,3.163314819E0
3.692655190E1,-3.134765625E0,-8.075012207E0,3.515396118E0
3.693152626E1,-2.672180176E0,-7.833450317E0,3.066650391E0
3.693650062E1,-2.183898926E0,-7.610107422E0,2.536468506E0
3.694147499E1,-1.971755981E0,-7.499542236E0,1.694808960E0
3.694644936E1,-1.744522095E0,-7.724838257E0,6.178588867E-1
3.695142372E1,-1.700729370E0,-8.492019653E0,-4.350433350E-1
3.695639809E1,-1.404769897E0,-9.394683838E0,-1.840362549E0
3.696137245E1,-7.106933594E-1,-1.014422607E1,-3.561859131E0
3.696634682E1,-1.968841553E-1,-1.122766113E1,-4.295989990E0
3.697132118E1,1.026000977E-1,-1.247264099E1,-4.753005981E0
3.697629555E1,-5.975341797E-1,-1.374192810E1,-5.607543945E0
3.698126991E1,-5.080871582E-1,-1.455180359E1,-6.347259521E0
3.698624428E1,5.531158447E-1,-1.507618713E1,-5.996612549E0
3.699121864E1,1.585433960E0,-1.548744202E1,-4.776550293E0
3.699619301E1,2.473129272E0,-1.571726990E1,-3.942962646E0
3.700116737E1,3.283782959E0,-1.544325256E1,-4.293090820E0
3.700614174E1,3.562042236E0,-1.486486816E1,-4.435607910E0
3.701111610E1,3.243560791E0,-1.415122986E1,-4.300628662E0
3.701609047E1,2.798461914E0,-1.334841919E1,-3.829879761E0
3.702106483E1,2.637588501E0,-1.255635071E1,-3.533981323E0
3.702603920E1,2.773651123E0,-1.173106384E1,-3.730026245E0
3.703101356E1,2.950958252E0,-1.097218323E1,-3.864654541E0
3.703598793E1,2.754638672E0,-1.050733948E1,-3.582122803E0
3.704096230E1,1.740280151E0,-1.038772583E1,-2.912429810E0
3.704593666E1,5.991821289E-1,-1.032472229E1,-2.310073853E0
3.705091103E1,-2.163391113E-1,-1.029893494E1,-1.848831177E0
3.705588539E1,-5.721282959E-1,-1.033433533E1,-1.566864014E0
3.706085976E1,-8.472290039E-1,-1.036979675E1,-1.486877441E0
3.706583412E1,-1.145507812E0,-1.036135864E1,-1.770370483E0
3.707080849E1,-2.290481567E0,-1.021971130E1,-2.189239502E0
3.707578285E1,-4.119125366E0,-1.034057617E1,-1.678115845E0
3.708075722E1,-4.954635620E0,-1.052452087E1,-5.958404541E-1
3.708573158E1,-5.076751709E0,-1.041809082E1,3.900451660E-1
3.709070595E1,-5.578552246E0,-1.024085999E1,1.559036255E0
3.709568031E1,-5.617935181E0,-1.002122498E1,1.816604614E0
3.710065468E1,-4.448455811E0,-9.718032837E0,1.330856323E0
3.710562904E1,-3.426620483E0,-9.395660400E0,6.911621094E-1
3.711060341E1,-3.520904541E0,-9.082839966E0,-3.009338379E-1
3.711557777E1,-3.675308228E0,-8.679199219E0,-1.734390259E0
3.712055214E1,-3.558868408E0,-8.313476562E0,-3.233154297E0
3.712552650E1,-3.177719116E0,-7.981613159E0,-4.530364990E0
3.713050087E1,-2.655212402E0,-7.682708740E0,-5.504348755E0
3.713547524E1,-2.126693726E0,-7.516952515E0,-6.277114868E0
3.714044960E1,-1.684387207E0,-7.391860962E0,-6.791503906E0
3.714542396E1,-1.381668091E0,-7.347778320E0,-6.898880005E0
3.715039833E1,-1.202301025E0,-7.304458618E0,-6.534164429E0
3.715537270E1,-1.104415894E0,-7.361618042E0,-5.878448486E0
3.716034706E1,-8.576354980E-1,-7.340332031E0,-5.244110107E0
3.716532143E1,-7.149353027E-1,-7.400085449E0,-4.560806274E0
3.717029579E1,-6.720428467E-1,-7.540664673E0,-4.002441406E0
3.717527016E1,-6.573181152E-1,-7.646347046E0,-3.527481079E0
3.718024452E1,-6.188964844E-1,-7.796524048E0,-3.169815063E0
3.718521889E1,-4.032440186E-1,-8.015792847E0,-2.857406616E0
3.719019325E1,-6.017761230E-1,-8.169952393E0,-2.681320190E0
3.719516762E1,-6.910095215E-1,-8.343078613E0,-2.593734741E0
3.720014198E1,-6.880035400E-1,-8.539047241E0,-2.557769775E0
3.720511635E1,-7.048187256E-1,-8.695236206E0,-2.523666382E0
3.721009071E1,-7.829589844E-1,-8.830337524E0,-2.535568237E0
3.721506508E1,-9.084167480E-1,-8.914627075E0,-2.625244141E0
3.722003944E1,-9.596405029E-1,-8.922760010E0,-2.776947021E0
3.722501381E1,-9.414672852E-1,-8.874649048E0,-2.961578369E0
3.722998817E1,-1.044692993E0,-8.795776367E0,-3.173370361E0
3.723496254E1,-1.253204346E0,-8.686965942E0,-3.435211182E0
3.723993690E1,-1.448989868E0,-8.553024292E0,-3.704116821E0
3.724491127E1,-1.618347168E0,-8.407058716E0,-3.953475952E0
3.724988564E1,-1.761306763E0,-8.258087158E0,-4.222808838E0
3.725486000E1,-1.899475098E0,-8.102035522E0,-4.508865356E0
3.725983436E1,-2.033523560E0,-7.955734253E0,-4.791809082E0
3.726480873E1,-2.209793091E0,-7.802505493E0,-5.007415771E0
3.726978310E1,-2.301971436E0,-7.624969482E0,-5.188858032E0
3.727475746E1,-2.337890625E0,-7.517196655E0,-5.308059692E0
3.727973183E1,-2.600738525E0,-7.421463013E0,-5.355102539E0
3.728470619E1,-2.993560791E0,-7.291824341E0,-5.321609497E0
3.728968056E1,-3.205795288E0,-7.131607056E0,-5.275238037E0
3.729465492E1,-3.302703857E0,-7.008346558E0,-5.226638794E0
3.729962929E1,-3.418701172E0,-6.907775879E0,-5.187530518E0
3.730460365E1,-3.589233398E0,-6.794647217E0,-5.195037842E0
3.730957802E1,-3.776565552E0,-6.670761108E0,-5.146438599E0
3.731455238E1,-3.928573608E0,-6.564743042E0,-5.125289917E0
3.731952675E1,-3.969451904E0,-6.555480957E0,-5.072555542E0
3.732450111E1,-3.988632202E0,-6.604309082E0,-5.153091431E0
3.732947548E1,-4.096115112E0,-6.687927246E0,-5.319961548E0
3.733444984E1,-4.186477661E0,-6.778396606E0,-5.520263672E0
3.733942421E1,-4.190490723E0,-6.864715576E0,-5.701736450E0
3.734439857E1,-4.096359253E0,-6.912200928E0,-5.888717651E0
3.734937294E1,-3.941772461E0,-6.956375122E0,-6.082244873E0
3.735434731E1,-3.844909668E0,-6.942977905E0,-6.261749268E0
3.735932167E1,-3.740264893E0,-6.966003418E0,-6.470275879E0
3.736429604E1,-3.666229248E0,-6.943099976E0,-6.676742554E0
3.736927040E1,-3.669479370E0,-6.950164795E0,-6.843612671E0
3.737424477E1,-3.677474976E0,-6.988204956E0,-6.949478149E0
3.737921913E1,-3.634277344E0,-7.077041626E0,-7.009948730E0
3.738419350E1,-3.503128052E0,-7.180664062E0,-7.041366577E0
3.738916786E1,-3.494888306E0,-7.265228271E0,-7.027496338E0
3.739414223E1,-3.629165649E0,-7.367858887E0,-6.991500854E0
3.739911659E1,-3.650588989E0,-7.458831787E0,-6.923233032E0
3.740409096E1,-3.640472412E0,-7.473007202E0,-6.788360596E0
3.740906532E1,-3.610992432E0,-7.451629639E0,-6.618728638E0
3.741403969E1,-3.593856812E0,-7.421264648E0,-6.419845581E0
3.741900973E1,-3.619903564E0,-7.378875732E0,-6.127395630E0
3.742398409E1,-3.607040405E0,-7.389434814E0,-5.740081787E0
3.742895846E1,-3.567550659E0,-7.447647095E0,-5.339263916E0
3.743393282E1,-3.531448364E0,-7.510208130E0,-4.964538574E0
3.743890719E1,-3.438827515E0,-7.599822998E0,-4.663162231E0
3.744388156E1,-3.150314331E0,-7.699249268E0,-4.477645874E0
3.744885592E1,-2.878555298E0,-7.810607910E0,-4.513061523E0
3.745383029E1,-2.796875000E0,-7.958465576E0,-4.718688965E0
3.745880465E1,-2.685104370E0,-8.160293579E0,-4.866104126E0
3.746377902E1,-2.579849243E0,-8.405838013E0,-4.791198730E0
3.746875338E1,-2.533523560E0,-8.647338867E0,-4.568740845E0
3.747372775E1,-2.596817017E0,-8.826248169E0,-4.382720947E0
3.747870211E1,-2.718582153E0,-8.968688965E0,-4.313674927E0
3.748367648E1,-2.860916138E0,-9.039627075E0,-4.440063477E0
3.748865084E1,-3.053039551E0,-8.999572754E0,-4.751617432E0
3.749362521E1,-3.141159058E0,-8.845932007E0,-5.129913330E0
3.749859957E1,-3.401336670E0,-8.601379395E0,-5.601318359E0
3.750357394E1,-3.818374634E0,-8.380065918E0,-6.088470459E0
3.750854830E1,-4.214920044E0,-8.171554565E0,-6.387817383E0
3.751352267E1,-4.263275146E0,-8.098144531E0,-6.329910278E0
3.751849703E1,-3.931381226E0,-8.105911255E0,-5.943145752E0
3.752347140E1,-3.528778076E0,-8.149002075E0,-5.317321777E0
3.752844576E1,-3.104110718E0,-8.217742920E0,-4.717742920E0
3.753342013E1,-2.743164062E0,-8.407043457E0,-4.153640747E0
3.753839450E1,-2.527450562E0,-8.678070068E0,-3.643234253E0
3.754336886E1,-2.486434937E0,-9.024581909E0,-3.171356201E0
3.754834322E1,-2.587814331E0,-9.486770630E0,-2.849288940E0
3.755331759E1,-2.325897217E0,-9.895126343E0,-2.492645264E0
3.755829196E1,-1.974533081E0,-1.036267090E1,-2.049285889E0
3.756326632E1,-1.611526489E0,-1.081687927E1,-1.844604492E0
3.756824069E1,-1.211196899E0,-1.126490784E1,-1.941024780E0
3.757321505E1,-9.213104248E-1,-1.177177429E1,-2.163619995E0
3.757818942E1,-1.011016846E0,-1.215617371E1,-2.487411499E0
3.758316378E1,-8.055572510E-1,-1.240762329E1,-2.714584351E0
3.758813815E1,-6.155395508E-1,-1.251763916E1,-2.832443237E0
3.759311251E1,-4.483032227E-1,-1.246745300E1,-2.796615601E0
3.759808688E1,-3.692932129E-1,-1.223670959E1,-2.747756958E0
3.760306124E1,-3.607177734E-1,-1.174238586E1,-2.753799438E0
3.760803561E1,-4.656066895E-1,-1.102896118E1,-2.837432861E0
3.761300997E1,-5.966491699E-1,-1.026913452E1,-2.960678101E0
3.761798434E1,-7.091064453E-1,-9.644638062E0,-3.057510376E0
3.762295870E1,-8.092041016E-1,-9.255111694E0,-3.096618652E0
3.762793307E1,-8.024444580E-1,-9.030578613E0,-3.103012085E0
3.763290743E1,-7.068023682E-1,-8.896286011E0,-3.241409302E0
3.763788180E1,-6.333007812E-1,-8.822677612E0,-3.548202515E0
3.764285616E1,-6.785278320E-1,-8.808410645E0,-3.934448242E0
3.764783053E1,-7.774658203E-1,-8.845214844E0,-4.296340942E0
3.765280490E1,-8.186340332E-1,-8.969024658E0,-4.557296753E0
3.765777926E1,-9.201507568E-1,-9.190979004E0,-4.758239746E0
3.766275362E1,-1.131561279E0,-9.512176514E0,-4.943435669E0
3.766772799E1,-1.363311768E0,-9.880706787E0,-5.020675659E0
3.767270236E1,-1.551300049E0,-1.024455261E1,-4.955032349E0
3.767767672E1,-1.713058472E0,-1.059336853E1,-4.755310059E0
3.768265109E1,-1.790435791E0,-1.093504333E1,-4.432876587E0
3.768762545E1,-1.480636597E0,-1.105929565E1,-4.192764282E0
3.769259982E1,-9.058990479E-1,-1.108911133E1,-4.023925781E0
3.769757418E1,-6.103515625E-1,-1.103622437E1,-3.885009766E0
3.770254855E1,-6.962738037E-1,-1.092251587E1,-3.664337158E0
3.770752291E1,-7.370300293E-1,-1.066378784E1,-3.428054810E0
3.771249728E1,-8.224334717E-1,-1.040470886E1,-3.101318359E0
3.771747164E1,-1.029388428E0,-1.004484558E1,-2.828002930E0
3.772244601E1,-1.290512085E0,-9.752716064E0,-2.495803833E0
3.772742037E1,-1.603363037E0,-9.491958618E0,-2.037094116E0
3.773239474E1,-1.829437256E0,-9.239089966E0,-1.792144775E0
3.773736910E1,-2.162277222E0,-9.028289795E0,-1.516143799E0
3.774234347E1,-2.483703613E0,-8.841400146E0,-1.303222656E0
3.774731783E1,-2.634384155E0,-8.710220337E0,-1.379974365E0
3.775229220E1,-2.661788940E0,-8.730041504E0,-1.520523071E0
3.775726656E1,-2.671173096E0,-8.731903076E0,-1.527587891E0
3.776224093E1,-2.718231201E0,-8.770401001E0,-1.572036743E0
3.776721530E1,-2.844696045E0,-8.826675415E0,-1.681900024E0
3.777218966E1,-2.789596558E0,-8.842666626E0,-2.063583374E0
3.777716403E1,-3.047027588E0,-8.762191772E0,-2.606994629E0
3.778213839E1,-3.499633789E0,-8.611755371E0,-3.429489136E0
3.778711276E1,-3.819198608E0,-8.616226196E0,-4.458740234E0
3.779208712E1,-3.987991333E0,-8.607208252E0,-5.536727905E0
3.779706149E1,-3.874282837E0,-8.412017822E0,-7.007034302E0
3.780203585E1,-3.576705933E0,-8.252838135E0,-8.231491089E0
3.780701022E1,-2.937622070E0,-8.135574341E0,-9.034469604E0
3.781198458E1,-2.119262695E0,-8.128692627E0,-9.431060791E0
3.781695895E1,-1.343246460E0,-8.151321411E0,-9.299972534E0
3.782193331E1,-7.096557617E-1,-8.185653687E0,-8.841064453E0
3.782690768E1,-2.424163818E-1,-8.197708130E0,-8.283035278E0
3.783188204E1,4.089202881E-1,-8.251907349E0,-7.537597656E0
3.783685641E1,1.581832886E0,-8.428085327E0,-6.136489868E0
3.784183077E1,3.085510254E0,-8.622497559E0,-4.399322510E0
3.784680514E1,4.367492676E0,-8.679107666E0,-3.242736816E0
3.785177950E1,4.957321167E0,-8.603713989E0,-2.566146851E0
3.785675387E1,4.564376831E0,-8.484420776E0,-1.843597412E0
3.786172824E1,3.561325073E0,-8.256332397E0,-9.924621582E-1
3.786670260E1,2.396850586E0,-8.053634644E0,-3.406829834E-1
3.787167696E1,1.106491089E0,-8.046783447E0,-1.941528320E-1
3.787665133E1,-1.908721924E-1,-8.217666626E0,-5.256500244E-1
3.788162570E1,-1.468383789E0,-8.469985962E0,-1.013259888E0
3.788660006E1,-2.422256470E0,-8.661712646E0,-1.579162598E0
3.789157443E1,-3.208770752E0,-8.749649048E0,-2.306091309E0
3.789654879E1,-3.909530640E0,-8.838577271E0,-2.857299805E0
3.790152316E1,-4.221939087E0,-8.839752197E0,-2.959259033E0
3.790649752E1,-4.289154053E0,-8.777297974E0,-2.792083740E0
3.791147189E1,-4.223968506E0,-8.726394653E0,-2.600418091E0
3.791644625E1,-3.880294800E0,-8.750549316E0,-2.736190796E0
3.792142062E1,-3.606460571E0,-8.744750977E0,-2.843978882E0
3.792639498E1,-3.261398315E0,-8.761749268E0,-2.901443481E0
3.793136935E1,-2.818099976E0,-8.822097778E0,-2.984191895E0
3.793634371E1,-2.324310303E0,-8.851562500E0,-3.201339722E0
3.794131808E1,-1.912231445E0,-8.878540039E0,-3.420150757E0
3.794629244E1,-1.586196899E0,-8.908233643E0,-3.658447266E0
3.795126681E1,-1.333511353E0,-8.956100464E0,-3.799057007E0
3.795624117E1,-1.174224854E0,-8.984161377E0,-3.927505493E0
3.796121554E1,-1.101821899E0,-9.022644043E0,-4.035583496E0
3.796618990E1,-1.088897705E0,-9.029861450E0,-4.065063477E0
3.797116427E1,-1.148666382E0,-9.057907104E0,-4.001968384E0
3.797613864E1,-1.191146851E0,-9.087448120E0,-3.944931030E0
3.798111300E1,-1.237716675E0,-9.088485718E0,-3.934555054E0
3.798608737E1,-1.266693115E0,-9.084487915E0,-3.956008911E0
3.799106173E1,-1.293884277E0,-9.053787231E0,-3.979095459E0
3.799603610E1,-1.328948975E0,-9.012664795E0,-4.012176514E0
3.800101046E1,-1.324401855E0,-9.022659302E0,-4.041961670E0
3.800598483E1,-1.301315308E0,-9.020828247E0,-4.087753296E0
3.801095919E1,-1.311294556E0,-9.013519287E0,-4.117599487E0
3.801593356E1,-1.367202759E0,-8.999618530E0,-4.114334106E0
3.802090792E1,-1.449386597E0,-8.993469238E0,-4.079238892E0
3.802588229E1,-1.568771362E0,-8.987274170E0,-3.990997314E0
3.803085665E1,-1.695632935E0,-9.026763916E0,-3.849700928E0
3.803583102E1,-1.760864258E0,-9.115066528E0,-3.682556152E0
3.804080538E1,-1.772857666E0,-9.219497681E0,-3.492858887E0
3.804577975E1,-1.729949951E0,-9.325317383E0,-3.295333862E0
3.805075411E1,-1.668212891E0,-9.463745117E0,-3.029205322E0
3.805572848E1,-1.538040161E0,-9.614440918E0,-2.731033325E0
3.806070284E1,-1.430297852E0,-9.742752075E0,-2.560180664E0
3.806567721E1,-1.330917358E0,-9.852294922E0,-2.465530396E0
3.807065158E1,-1.252975464E0,-9.926559448E0,-2.491668701E0
3.807562594E1,-1.121719360E0,-9.912597656E0,-2.593368530E0
3.808060031E1,-1.048110962E0,-9.905136108E0,-2.683151245E0
3.808557467E1,-9.920501709E-1,-9.823867798E0,-2.762573242E0
3.809054904E1,-8.958892822E-1,-9.780151367E0,-2.799240112E0
3.809552340E1,-8.294525146E-1,-9.726425171E0,-2.781326294E0
3.810049777E1,-8.698883057E-1,-9.508529663E0,-2.913879395E0
3.810547213E1,-8.054962158E-1,-9.288940430E0,-3.047592163E0
3.811044650E1,-7.132415771E-1,-9.105606079E0,-3.077423096E0
3.811542086E1,-4.896392822E-1,-8.949371338E0,-3.176910400E0
3.812039523E1,-2.959289551E-1,-8.783782959E0,-3.303497314E0
3.812536959E1,-1.045837402E-1,-8.663269043E0,-3.403091431E0
3.813034396E1,8.851623535E-2,-8.664443970E0,-3.567535400E0
3.813531832E1,3.052520752E-1,-8.687088013E0,-3.700820923E0
3.814029269E1,5.618743896E-1,-8.760757446E0,-3.804428101E0
3.814526705E1,8.634948730E-1,-8.724700928E0,-3.948516846E0
3.815024142E1,9.771881104E-1,-8.733795166E0,-4.109054565E0
3.815521578E1,1.019332886E0,-8.800323486E0,-4.253875732E0
3.816019015E1,1.130310059E0,-8.859100342E0,-4.345794678E0
3.816516451E1,1.189254761E0,-8.951751709E0,-4.365447998E0
3.817013888E1,1.224258423E0,-9.069564819E0,-4.309783936E0
3.817511325E1,1.157867432E0,-9.268798828E0,-4.187438965E0
3.818008761E1,1.065002441E0,-9.542388916E0,-4.002639771E0
3.818506198E1,1.020309448E0,-9.816467285E0,-3.760543823E0
3.819003634E1,9.788513184E-1,-1.006317139E1,-3.523956299E0
3.819501070E1,9.226684570E-1,-1.025883484E1,-3.336044312E0
3.819998507E1,8.946685791E-1,-1.038526917E1,-3.193511963E0
3.820495944E1,8.287048340E-1,-1.046611023E1,-3.154327393E0
3.820993380E1,6.606445312E-1,-1.046166992E1,-3.210510254E0
3.821490817E1,4.888305664E-1,-1.037036133E1,-3.327224731E0
3.821988253E1,3.266143799E-1,-1.022398376E1,-3.424667358E0
3.822485690E1,2.016296387E-1,-1.008210754E1,-3.490325928E0
3.822983126E1,1.115875244E-1,-9.942764282E0,-3.573455811E0
3.823480563E1,1.296997070E-3,-9.839965820E0,-3.670318604E0
3.823977999E1,-1.521911621E-1,-9.803253174E0,-3.809799194E0
3.824475436E1,-2.702331543E-1,-9.781204224E0,-3.974151611E0
3.824972872E1,-3.466033936E-1,-9.754989624E0,-4.131774902E0
3.825470309E1,-4.571685791E-1,-9.728012085E0,-4.265365601E0
3.825967745E1,-6.361999512E-1,-9.708175659E0,-4.480102539E0
3.826465182E1,-8.421478271E-1,-9.739883423E0,-4.785964966E0
3.826962618E1,-1.106964111E0,-9.848617554E0,-5.004928589E0
3.827460055E1,-1.358566284E0,-1.006579590E1,-5.072158813E0
3.827957491E1,-1.564697266E0,-1.034085083E1,-5.028945923E0
3.828454928E1,-1.846145630E0,-1.063143921E1,-4.925506592E0
3.828952364E1,-2.080688477E0,-1.083494568E1,-4.816696167E0
3.829449801E1,-2.464492798E0,-1.095866394E1,-4.550704956E0
3.829947238E1,-2.822479248E0,-1.095356750E1,-4.308135986E0
3.830444674E1,-3.061660767E0,-1.082005310E1,-4.082000732E0
3.830942111E1,-3.247390747E0,-1.055909729E1,-3.752349854E0
3.831439547E1,-3.251754761E0,-1.021012878E1,-3.477066040E0
3.831936984E1,-3.290542603E0,-9.901901245E0,-3.412689209E0
3.832434420E1,-3.215698242E0,-9.601287842E0,-3.413055420E0
3.832931857E1,-3.091445923E0,-9.263626099E0,-3.471145630E0
3.833429293E1,-2.979324341E0,-8.958679199E0,-3.598129272E0
3.833926730E1,-2.811614990E0,-8.702636719E0,-3.739669800E0
3.834424166E1,-2.707931519E0,-8.437576294E0,-3.838638306E0
3.834921603E1,-2.673233032E0,-8.188674927E0,-3.989822388E0
3.835419039E1,-2.761978149E0,-7.909576416E0,-4.223358154E0
3.835916476E1,-2.863388062E0,-7.697021484E0,-4.472946167E0
3.836413912E1,-2.873870850E0,-7.540786743E0,-4.608551025E0
3.836911349E1,-2.791931152E0,-7.445327759E0,-4.673248291E0
3.837408785E1,-2.644134521E0,-7.428619385E0,-4.725372314E0
3.837906222E1,-2.488647461E0,-7.484298706E0,-4.735443115E0
3.838403658E1,-2.338760376E0,-7.593276978E0,-4.643981934E0
3.838901095E1,-2.170928955E0,-7.748199463E0,-4.460647583E0
3.839398532E1,-1.879867554E0,-7.982070923E0,-4.045211792E0
3.839895968E1,-1.302490234E0,-8.545349121E0,-3.125076294E0
3.840393404E1,-7.046051025E-1,-9.340988159E0,-2.030517578E0
3.840890841E1,-1.812438965E-1,-9.915115356E0,-1.157897949E0
3.841388278E1,4.618072510E-1,-1.026535034E1,-3.337249756E-1
3.841885714E1,1.331069946E0,-1.056767273E1,6.559448242E-1
3.842383151E1,2.354507446E0,-1.102073669E1,1.597671509E0
3.842880587E1,3.064285278E0,-1.148936462E1,1.711044312E0
3.843378024E1,3.357879639E0,-1.192036438E1,7.953491211E-1
3.843875460E1,3.508651733E0,-1.222821045E1,-6.494903564E-1
3.844372897E1,3.714096069E0,-1.224101257E1,-2.758026123E0
3.844870333E1,3.260894775E0,-1.202215576E1,-4.716522217E0
3.845367770E1,2.905151367E0,-1.179211426E1,-6.180831909E0
3.845865206E1,3.110076904E0,-1.176834106E1,-7.104812622E0
3.846362643E1,3.413421631E0,-1.205426025E1,-7.402389526E0
3.846860079E1,3.364334106E0,-1.260848999E1,-6.872772217E0
3.847357516E1,2.957489014E0,-1.318157959E1,-5.770233154E0
3.847854952E1,2.421340942E0,-1.368133545E1,-4.630218506E0
3.848352389E1,1.658264160E0,-1.397148132E1,-3.587997437E0
3.848849825E1,1.273605347E0,-1.391419983E1,-2.914413452E0
3.849347262E1,9.273071289E-1,-1.353041077E1,-2.823211670E0
3.849844698E1,6.808624268E-1,-1.302447510E1,-3.236434937E0
3.850342135E1,3.961944580E-1,-1.276718140E1,-3.847076416E0
3.850839572E1,-5.345611572E-1,-1.284570312E1,-4.024642944E0
3.851337008E1,-1.458023071E0,-1.303134155E1,-3.499694824E0
3.851834445E1,-2.114471436E0,-1.312231445E1,-2.526412964E0
3.852331881E1,-2.623031616E0,-1.290490723E1,-1.538085938E0
3.852829318E1,-3.139617920E0,-1.245185852E1,-6.758117676E-1
3.853326754E1,-3.714828491E0,-1.188864136E1,1.775970459E-1
3.853824191E1,-4.125717163E0,-1.132794189E1,9.681854248E-1
3.854321627E1,-4.598220825E0,-1.077171326E1,1.821975708E0
3.854819064E1,-5.135726929E0,-1.036724854E1,2.813461304E0
3.855316500E1,-5.270614624E0,-1.010974121E1,3.667221069E0
3.855813937E1,-4.851394653E0,-9.780731201E0,4.301162720E0
3.856311373E1,-3.968643188E0,-9.461151123E0,4.654678345E0
3.856808810E1,-2.965042114E0,-9.141738892E0,4.607406616E0
3.857306246E1,-2.104461670E0,-8.898345947E0,4.293792725E0
3.857803683E1,-1.249130249E0,-8.835494995E0,3.740844727E0
3.858301119E1,-4.373626709E-1,-8.894424438E0,2.884078979E0
3.858798556E1,-1.169586182E-1,-8.806503296E0,2.053115845E0
3.859295992E1,-4.360046387E-1,-8.572662354E0,1.412765503E0
3.859793429E1,-7.170715332E-1,-8.497924805E0,8.914031982E-1
3.860290866E1,-7.281951904E-1,-8.630020142E0,4.496765137E-1
3.860788302E1,-8.404846191E-1,-8.821685791E0,1.631774902E-1
3.861285739E1,-1.002761841E0,-9.034454346E0,1.504516602E-1
3.861783175E1,-1.123489380E0,-9.273254395E0,7.855834961E-1
3.862280612E1,-1.018035889E0,-9.463272095E0,1.690872192E0
3.862778048E1,-5.101013184E-1,-9.442276001E0,2.324905396E0
3.863275485E1,-4.730224609E-4,-9.234832764E0,2.382705688E0
3.863772921E1,2.608642578E-1,-8.942016602E0,1.759872437E0
3.864270358E1,6.902618408E-1,-8.579696655E0,3.671569824E-1
3.864767794E1,1.487319946E0,-8.186157227E0,-1.310333252E0
3.865265231E1,1.756927490E0,-7.922805786E0,-2.395843506E0
3.865762667E1,2.001052856E0,-7.663787842E0,-2.769714355E0
3.866260104E1,2.218597412E0,-7.334014893E0,-2.845291138E0
3.866757540E1,1.955795288E0,-7.031784058E0,-2.973373413E0
3.867254977E1,1.171371460E0,-6.765945435E0,-3.338851929E0
3.867752413E1,4.888916016E-2,-6.481338501E0,-3.877517700E0
3.868249850E1,-1.131866455E0,-6.234283447E0,-4.520935059E0
3.868747286E1,-2.292343140E0,-6.310363770E0,-5.352645874E0
3.869244723E1,-3.017044067E0,-6.990158081E0,-6.355438232E0
3.869742159E1,-3.349380493E0,-8.466262817E0,-7.017837524E0
3.870239596E1,-3.073257446E0,-1.015077209E1,-7.421875000E0
3.870737032E1,-3.397338867E0,-1.190806580E1,-7.764938354E0
3.871234469E1,-4.572875977E0,-1.336700439E1,-8.469894409E0
3.871731906E1,-5.587661743E0,-1.456072998E1,-9.664260864E0
3.872229342E1,-5.757843018E0,-1.549943542E1,-9.604843140E0
3.872726779E1,-4.447586060E0,-1.566276550E1,-8.009826660E0
3.873224215E1,-2.911865234E0,-1.478720093E1,-6.071655273E0
3.873721652E1,-1.962326050E0,-1.347209167E1,-4.507568359E0
3.874219088E1,-1.162353516E0,-1.225041199E1,-3.203262329E0
3.874716525E1,-4.185485840E-1,-1.134028625E1,-1.501922607E0
3.875213961E1,4.876251221E-1,-1.063577271E1,2.007446289E-1
3.875711398E1,1.359970093E0,-1.017230225E1,1.749145508E0
3.876208834E1,1.833450317E0,-9.823760986E0,2.951553345E0
3.876706271E1,1.822937012E0,-9.464355469E0,3.758209229E0
3.877203707E1,1.333190918E0,-9.119247437E0,4.212936401E0
3.877701144E1,4.713745117E-1,-9.013122559E0,4.097152710E0
3.878198580E1,-5.321655273E-1,-9.146011353E0,3.304382324E0
3.878696017E1,-1.451416016E0,-9.328414917E0,2.171600342E0
3.879193453E1,-2.160202026E0,-9.458724976E0,1.032180786E0
3.879690890E1,-2.473983765E0,-9.505905151E0,3.209381104E-1
3.880188326E1,-2.435150146E0,-9.353347778E0,9.986877441E-2
3.880685763E1,-2.382385254E0,-9.318115234E0,-8.018493652E-2
3.881183200E1,-2.414108276E0,-9.516830444E0,-4.555969238E-1
3.881680636E1,-2.334747314E0,-9.498855591E0,-1.064575195E0
3.882178072E1,-2.435180664E0,-9.408370972E0,-1.850723267E0
3.882675509E1,-2.706817627E0,-9.383651733E0,-2.732772827E0
3.883172946E1,-3.007125854E0,-9.199020386E0,-3.418975830E0
3.883670382E1,-3.162109375E0,-8.820159912E0,-3.892456055E0
3.884167819E1,-3.255020142E0,-8.466690063E0,-4.170822144E0
3.884665255E1,-3.299301147E0,-8.354812622E0,-4.260650635E0
3.885162692E1,-3.133651733E0,-8.485229492E0,-4.199554443E0
3.885660128E1,-2.747436523E0,-8.706329346E0,-3.959808350E0
3.886157565E1,-2.308685303E0,-9.002731323E0,-3.607086182E0
3.886655001E1,-1.790390015E0,-8.855422974E0,-3.011535645E0
3.887152438E1,-1.777633667E0,-8.872924805E0,-2.662338257E0
3.887649874E1,-1.911315918E0,-8.788238525E0,-2.545104980E0
3.888147311E1,-1.766143799E0,-8.589263916E0,-2.498474121E0
3.888644747E1,-1.632644653E0,-8.468093872E0,-2.484451294E0
3.889142184E1,-1.500686646E0,-8.375305176E0,-2.770706177E0
3.889639620E1,-1.438827515E0,-8.661132812E0,-3.597808838E0
3.890137057E1,-1.399795532E0,-8.675476074E0,-4.045120239E0
3.890634493E1,-1.405639648E0,-8.656860352E0,-4.160263062E0
3.891131930E1,-1.429992676E0,-8.972457886E0,-4.256805420E0
3.891629366E1,-1.292282104E0,-9.300399780E0,-4.390335083E0
3.892126803E1,-1.121185303E0,-9.642364502E0,-4.449127197E0
3.892624240E1,-1.070144653E0,-9.893325806E0,-4.354721069E0
3.893121676E1,-9.969177246E-1,-9.928527832E0,-3.955017090E0
3.893619112E1,-1.089477539E0,-1.001710510E1,-3.427246094E0
3.894116549E1,-1.208663940E0,-1.010458374E1,-2.689407349E0
3.894613986E1,-1.226119995E0,-1.012399292E1,-1.877120972E0
3.895111422E1,-1.281707764E0,-1.015432739E1,-1.196640015E0
3.895608859E1,-1.284378052E0,-1.020220947E1,-5.983428955E-1
3.896106295E1,-1.233657837E0,-1.022253418E1,-1.556549072E-1
3.896603732E1,-1.212722778E0,-1.020161438E1,6.451416016E-2
3.897101168E1,-1.207214355E0,-1.009866333E1,1.203002930E-1
3.897598605E1,-1.322738647E0,-9.921005249E0,-4.003906250E-2
3.898096041E1,-1.532730103E0,-9.724273682E0,-3.926849365E-1
3.898593478E1,-1.735931396E0,-9.532379150E0,-9.164581299E-1
3.899090914E1,-1.871719360E0,-9.331848145E0,-1.440658569E0
3.899588351E1,-1.934509277E0,-9.169952393E0,-1.829696655E0
3.900085787E1,-1.907501221E0,-9.065704346E0,-2.103149414E0
3.900583224E1,-1.827316284E0,-9.059295654E0,-2.274139404E0
3.901080660E1,-1.723846436E0,-9.113876343E0,-2.384536743E0
3.901578097E1,-1.589035034E0,-9.144485474E0,-2.444244385E0
3.902075533E1,-1.462356567E0,-9.210418701E0,-2.437835693E0
3.902572970E1,-1.375747681E0,-9.241561890E0,-2.381591797E0
3.903070406E1,-1.347854614E0,-9.331420898E0,-2.321121216E0
3.903567843E1,-1.305328369E0,-9.437820435E0,-2.234436035E0
3.904065280E1,-1.346328735E0,-9.616989136E0,-2.182159424E0
3.904562716E1,-1.344100952E0,-9.692779541E0,-2.034774780E0
3.905060153E1,-1.418518066E0,-9.729690552E0,-1.859588623E0
3.905557589E1,-1.502151489E0,-9.748458862E0,-1.723052979E0
3.906055026E1,-1.539794922E0,-9.674118042E0,-1.581451416E0
3.906552462E1,-1.583801270E0,-9.533630371E0,-1.438308716E0
3.907049899E1,-1.774246216E0,-9.514678955E0,-1.423263550E0
3.907547335E1,-1.839431763E0,-9.668075562E0,-1.510147095E0
3.908044772E1,-1.754989624E0,-9.667541504E0,-1.563110352E0
3.908542208E1,-1.769363403E0,-9.736923218E0,-1.670684814E0
3.909039645E1,-1.787643433E0,-9.824493408E0,-1.709152222E0
3.909537081E1,-1.670776367E0,-9.787841797E0,-1.641174316E0
3.910034518E1,-1.644149780E0,-9.762435913E0,-1.567962646E0
3.910531954E1,-1.642288208E0,-9.769470215E0,-1.509109497E0
3.911029391E1,-1.636703491E0,-9.700195312E0,-1.436004639E0
3.911526827E1,-1.668228149E0,-9.625595093E0,-1.322647095E0
3.912024264E1,-1.698638916E0,-9.761123657E0,-1.234741211E0
3.912521700E1,-1.590621948E0,-9.778274536E0,-1.122680664E0
3.913019137E1,-1.678741455E0,-9.725585938E0,-1.071044922E0
3.913516574E1,-1.838226318E0,-9.590835571E0,-1.113052368E0
3.914014010E1,-1.909088135E0,-9.397949219E0,-1.169860840E0
3.914511446E1,-2.024032593E0,-9.313949585E0,-1.264190674E0
3.915008883E1,-2.018783569E0,-9.477890015E0,-1.442367554E0
3.915506320E1,-1.828796387E0,-9.514083862E0,-1.488784790E0
3.916003756E1,-1.756256104E0,-9.384567261E0,-1.293334961E0
3.916501193E1,-1.830749512E0,-9.474349976E0,-1.256408691E0
3.916998629E1,-1.820266724E0,-9.595352173E0,-1.441558838E0
3.917496066E1,-1.690719604E0,-9.648712158E0,-1.604110718E0
3.917993502E1,-1.524307251E0,-9.705291748E0,-1.704299927E0
3.918490939E1,-1.467681885E0,-9.723495483E0,-1.738250732E0
3.918988375E1,-1.532104492E0,-9.725006104E0,-1.784286499E0
3.919485812E1,-1.613067627E0,-9.619598389E0,-1.840942383E0
3.919983248E1,-1.732070923E0,-9.532989502E0,-1.925552368E0
3.920480685E1,-1.742492676E0,-9.544952393E0,-1.954071045E0
3.920978121E1,-1.696350098E0,-9.595108032E0,-1.865844727E0
3.921475558E1,-1.638565063E0,-9.632492065E0,-1.825057983E0
3.921972994E1,-1.634582520E0,-9.652923584E0,-1.913543701E0
3.922470431E1,-1.727676392E0,-9.662216187E0,-2.021423340E0
3.922967867E1,-1.801910400E0,-9.734573364E0,-2.035476685E0
3.923465304E1,-1.767730713E0,-9.763961792E0,-1.969909668E0
3.923962740E1,-1.763580322E0,-9.794509888E0,-1.780822754E0
3.924460177E1,-1.799438477E0,-9.846466064E0,-1.583786011E0
3.924957614E1,-1.802078247E0,-9.813507080E0,-1.440155029E0
3.925455050E1,-1.846694946E0,-9.760177612E0,-1.366073608E0
3.925952487E1,-1.890670776E0,-9.753982544E0,-1.323822021E0
3.926449923E1,-1.902984619E0,-9.685592651E0,-1.281692505E0
3.926947360E1,-1.986816406E0,-9.626144409E0,-1.306106567E0
3.927444796E1,-1.956085205E0,-9.555587769E0,-1.368560791E0
3.927942233E1,-1.971298218E0,-9.480850220E0,-1.417587280E0
3.928439669E1,-2.018585205E0,-9.481658936E0,-1.494979858E0
3.928937106E1,-2.004898071E0,-9.397262573E0,-1.501159668E0
3.929434542E1,-2.061782837E0,-9.363281250E0,-1.518310547E0
3.929931979E1,-2.088287354E0,-9.440933228E0,-1.602386475E0
3.930429415E1,-2.018569946E0,-9.447402954E0,-1.649917603E0
3.930926852E1,-2.020355225E0,-9.489913940E0,-1.701324463E0
3.931424288E1,-1.971862793E0,-9.522720337E0,-1.752944946E0
3.931921725E1,-1.876419067E0,-9.420211792E0,-1.719192505E0
3.932419161E1,-1.821731567E0,-9.333847046E0,-1.645080566E0
3.932916598E1,-1.865097046E0,-9.334564209E0,-1.613327026E0
3.933414034E1,-1.786422729E0,-9.392898560E0,-1.641342163E0
3.933911471E1,-1.668457031E0,-9.443969727E0,-1.625946045E0
3.934408908E1,-1.638305664E0,-9.488327026E0,-1.591522217E0
3.934906344E1,-1.611022949E0,-9.485229492E0,-1.571365356E0
3.935403781E1,-1.592651367E0,-9.487442017E0,-1.550247192E0
3.935901217E1,-1.648742676E0,-9.549179077E0,-1.539199829E0
3.936398654E1,-1.709487915E0,-9.605957031E0,-1.513473511E0
3.936896090E1,-1.740753174E0,-9.637649536E0,-1.418838501E0
3.937393527E1,-1.847198486E0,-9.694396973E0,-1.278579712E0
3.937890963E1,-1.966949463E0,-9.775344849E0,-1.164901733E0
3.938388400E1,-2.030624390E0,-9.873947144E0,-1.106643677E0
3.938885836E1,-1.911651611E0,-9.811508179E0,-1.209213257E0
3.939383273E1,-1.856750488E0,-9.859893799E0,-1.355407715E0
3.939880709E1,-1.868316650E0,-9.978958130E0,-1.425170898E0
3.940378146E1,-1.873306274E0,-1.001896667E1,-1.416519165E0
3.940875582E1,-1.855072021E0,-9.975372314E0,-1.406463623E0
3.941373019E1,-1.649993896E0,-9.731552124E0,-1.345260620E0
3.941870455E1,-1.557159424E0,-9.579132080E0,-1.212417603E0
3.942367892E1,-1.596221924E0,-9.543960571E0,-1.173477173E0
3.942865328E1,-1.639816284E0,-9.562805176E0,-1.141021729E0
3.943362765E1,-1.617797852E0,-9.571960449E0,-1.183578491E0
3.943860201E1,-1.739608765E0,-9.608657837E0,-1.153839111E0
3.944357638E1,-1.747055054E0,-9.664123535E0,-1.174972534E0
3.944855075E1,-1.869079590E0,-9.735244751E0,-1.158996582E0
3.945352511E1,-1.908447266E0,-9.733993530E0,-1.203842163E0
3.945849948E1,-1.856155396E0,-9.686813354E0,-1.180999756E0
3.946347384E1,-1.882049561E0,-9.694351196E0,-1.187377930E0
3.946844820E1,-2.380172729E0,-9.339294434E0,-1.170806885E0
3.947342257E1,-1.932449341E0,-9.152709961E0,-1.325653076E0
3.947839694E1,-1.439147949E0,-9.727981567E0,-1.365402222E0
3.948337130E1,-1.648498535E0,-9.861267090E0,-1.331008911E0
3.948834567E1,-1.952484131E0,-9.961303711E0,-1.270767212E0
3.949332003E1,-1.996673584E0,-9.910964966E0,-1.234329224E0
3.949829440E1,-1.723220825E0,-9.153396606E0,-1.204513550E0
3.950326876E1,-1.272079468E0,-8.594680786E0,-1.347747803E0
3.950824313E1,-1.758178711E0,-9.703582764E0,-1.569458008E0
3.951321749E1,-1.974334717E0,-9.316467285E0,-1.551940918E0
3.951819186E1,-2.039367676E0,-9.076156616E0,-1.448318481E0
3.952316622E1,-2.062637329E0,-8.910003662E0,-1.437149048E0
3.952814059E1,-2.137084961E0,-9.021286011E0,-1.391723633E0
3.953311495E1,-2.078094482E0,-9.513717651E0,-1.636169434E0
3.953808932E1,-1.916793823E0,-9.995315552E0,-1.960723877E0
3.954306368E1,-1.583435059E0,-1.036715698E1,-1.842864990E0
3.954803805E1,-9.728240967E-1,-1.060221863E1,-1.528717041E0
3.955301241E1,-4.500122070E-1,-1.062503052E1,-1.189590454E0
3.955798678E1,-3.391113281E-1,-1.046112061E1,-8.886718750E-1
3.956296114E1,-7.876892090E-1,-1.046560669E1,-7.088775635E-1
3.956793551E1,-1.252807617E0,-1.038813782E1,-8.006744385E-1
3.957290988E1,-1.643524170E0,-1.034149170E1,-9.893188477E-1
3.957788424E1,-1.930664062E0,-1.019476318E1,-9.709014893E-1
3.958285861E1,-1.908264160E0,-9.955581665E0,-7.435913086E-1
3.958783297E1,-1.789443970E0,-9.790634155E0,-7.265167236E-1
3.959280734E1,-1.690399170E0,-9.683975220E0,-1.082092285E0
3.959778170E1,-1.399551392E0,-9.634780884E0,-1.498062134E0
3.960275607E1,-1.168670654E0,-9.579040527E0,-1.669876099E0
3.960773043E1,-1.112213135E0,-9.520019531E0,-1.678253174E0
3.961270480E1,-1.370147705E0,-9.389572144E0,-1.618530273E0
3.961767916E1,-1.667282104E0,-9.364944458E0,-1.598297119E0
3.962265353E1,-1.721084595E0,-9.240844727E0,-1.473342896E0
3.962762789E1,-1.662597656E0,-9.340042114E0,-1.238586426E0
3.963260226E1,-1.564117432E0,-9.690689087E0,-9.956359863E-1
3.963757662E1,-1.321777344E0,-9.829376221E0,-8.543853760E-1
3.964255099E1,-1.288070679E0,-9.782775879E0,-8.928222656E-1
3.964752535E1,-1.513427734E0,-9.753982544E0,-1.039749146E0
3.965249972E1,-1.596008301E0,-9.649749756E0,-1.115966797E0
3.965747408E1,-1.572097778E0,-9.168792725E0,-1.200790405E0
3.966244845E1,-1.391174316E0,-9.239105225E0,-1.321044922E0
3.966742282E1,-1.440551758E0,-9.383636475E0,-1.278930664E0
3.967239718E1,-1.483215332E0,-9.486862183E0,-1.257720947E0
3.967737154E1,-1.376388550E0,-9.720657349E0,-1.192550659E0
3.968234591E1,-1.160903931E0,-9.765533447E0,-1.143173218E0
3.968732028E1,-1.122909546E0,-9.795120239E0,-1.232254028E0
3.969229464E1,-1.300567627E0,-9.803375244E0,-9.991302490E-1
3.969726901E1,-1.272293091E0,-9.731918335E0,-7.971191406E-1
3.970224337E1,-1.246398926E0,-9.675674438E0,-8.826141357E-1
3.970721774E1,-1.263610840E0,-9.808578491E0,-9.607238770E-1
3.971219210E1,-1.354476929E0,-9.952514648E0,-1.045547485E0
3.971716647E1,-1.308242798E0,-9.977127075E0,-1.200439453E0
3.972214083E1,-1.141815186E0,-1.003697205E1,-1.348281860E0
3.972711520E1,-1.132934570E0,-1.008778381E1,-1.315917969E0
3.973208956E1,-1.382080078E0,-1.006932068E1,-1.250076294E0
3.973706393E1,-1.604660034E0,-1.007652283E1,-1.024749756E0
3.974203829E1,-1.661834717E0,-1.008535767E1,-7.804565430E-1
3.974701266E1,-1.677490234E0,-1.005273438E1,-6.523895264E-1
3.975198702E1,-1.631195068E0,-1.003479004E1,-6.451873779E-1
3.975696139E1,-1.515396118E0,-9.946792603E0,-7.739257812E-1
3.976193575E1,-1.487915039E0,-9.916885376E0,-1.038925171E0
3.976691012E1,-1.708770752E0,-1.001760864E1,-9.795227051E-1
3.977188448E1,-1.646850586E0,-9.964660645E0,-8.725891113E-1
3.977685885E1,-1.684600830E0,-1.013424683E1,-7.068939209E-1
3.978183322E1,-1.754776001E0,-9.985198975E0,-8.922729492E-1
3.978680758E1,-1.922988892E0,-9.976028442E0,-1.061737061E0
3.979178195E1,-2.034561157E0,-1.010882568E1,-1.073806763E0
3.979675631E1,-1.786773682E0,-1.033439636E1,-1.226196289E0
3.980173068E1,-1.344299316E0,-1.071582031E1,-1.231033325E0
3.980670504E1,-6.546783447E-1,-1.070455933E1,-1.232299805E0
3.981167941E1,-3.227386475E-1,-1.059725952E1,-1.118316650E0
3.981665377E1,5.267333984E-2,-1.052473450E1,-1.173156738E0
3.982162814E1,4.606781006E-1,-1.033023071E1,-1.445770264E0
3.982660250E1,2.247161865E-1,-1.039662170E1,-1.382949829E0
3.983157687E1,1.079101562E-1,-1.063311768E1,-1.275878906E0
3.983655123E1,1.930236816E-1,-1.072831726E1,-1.214202881E0
3.984152560E1,2.400360107E-1,-1.093872070E1,-1.096466064E0
3.984649996E1,2.348022461E-1,-1.135690308E1,-1.084609985E0
3.985147433E1,3.929901123E-1,-1.165821838E1,-1.004440308E0
3.985644869E1,3.737487793E-1,-1.174324036E1,-9.810333252E-1
3.986142306E1,4.226684570E-2,-1.171354675E1,-1.024520874E0
3.986639742E1,-2.929229736E-1,-1.154907227E1,-1.071701050E0
3.987137179E1,-6.363525391E-1,-1.118943787E1,-1.183624268E0
3.987634616E1,-9.474945068E-1,-1.100755310E1,-1.212219238E0
3.988132052E1,-1.278305054E0,-1.089537048E1,-1.281967163E0
3.988629489E1,-1.819580078E0,-1.071282959E1,-1.479400635E0
3.989126925E1,-2.030212402E0,-1.033074951E1,-1.554565430E0
3.989624362E1,-2.210769653E0,-9.985900879E0,-1.669647217E0
3.990121798E1,-2.312026978E0,-9.800613403E0,-1.814514160E0
3.990619235E1,-2.303268433E0,-9.581604004E0,-2.036071777E0
3.991116671E1,-2.222549438E0,-9.296249390E0,-2.106643677E0
3.991614108E1,-1.914016724E0,-9.106460571E0,-2.024688721E0
3.992111544E1,-1.441497803E0,-9.149993896E0,-1.959808350E0
3.992608981E1,-1.127883911E0,-9.244979858E0,-1.883590698E0
3.993106417E1,-9.875030518E-1,-9.401702881E0,-1.763916016E0
3.993603854E1,-8.734283447E-1,-9.641952515E0,-1.580108643E0
3.994101290E1,-9.111480713E-1,-9.909835815E0,-1.470062256E0
3.994598727E1,-1.093536377E0,-1.013458252E1,-1.501846313E0
3.995096163E1,-1.058074951E0,-1.026419067E1,-1.612045288E0
3.995593600E1,-8.519134521E-1,-1.034181213E1,-1.741302490E0
3.996091036E1,-5.368347168E-1,-1.048759460E1,-1.895950317E0
3.996588473E1,-3.360900879E-1,-1.053892517E1,-1.994537354E0
3.997085909E1,-2.747497559E-1,-1.035548401E1,-2.002655029E0
3.997583346E1,-8.015441895E-2,-1.007368469E1,-2.029815674E0
3.998080782E1,1.230163574E-1,-9.832580566E0,-2.165588379E0
3.998578219E1,3.382415771E-1,-9.760116577E0,-2.319030762E0
3.999075656E1,3.051757812E-1,-9.744323730E0,-2.370025635E0
3.999573092E1,2.791748047E-1,-9.819274902E0,-2.347549438E0
4.000070529E1,3.477935791E-1,-9.890808105E0,-2.234451294E0
4.000567965E1,5.188293457E-1,-1.009571838E1,-2.043426514E0
4.001065402E1,5.513610840E-1,-1.008848572E1,-1.792816162E0
4.001562838E1,3.938446045E-1,-1.004968262E1,-1.741409302E0
4.002060275E1,1.887512207E-1,-1.006306458E1,-1.553802490E0
4.002557711E1,5.993652344E-2,-1.047009277E1,-1.349990845E0
4.003055148E1,-4.130859375E-1,-1.085041809E1,-1.341125488E0
4.003552584E1,-9.275817871E-1,-1.083067322E1,-1.493209839E0
4.004050021E1,-1.407943726E0,-1.055084229E1,-1.653381348E0
4.004547457E1,-1.409927368E0,-1.042190552E1,-1.877914429E0
4.005044894E1,-1.680236816E0,-1.013632202E1,-2.002929688E0
4.005542330E1,-1.752227783E0,-1.005201721E1,-1.963195801E0
4.006039767E1,-1.674545288E0,-1.011236572E1,-1.951095581E0
4.006537203E1,-1.724258423E0,-1.023205566E1,-1.819427490E0
4.007034640E1,-1.662826538E0,-1.055288696E1,-1.665527344E0
4.007532076E1,-1.219894409E0,-1.084683228E1,-1.551376343E0
4.008029513E1,-1.075454712E0,-1.084725952E1,-1.322189331E0
4.008526950E1,-9.091644287E-1,-1.065437317E1,-1.177398682E0
4.009024386E1,-6.814575195E-1,-1.037652588E1,-1.344985962E0
4.009521822E1,-3.181610107E-1,-9.985565186E0,-1.365264893E0
4.010019259E1,-7.400512695E-2,-9.667037964E0,-1.143112183E0
4.010516696E1,3.894042969E-1,-9.555023193E0,-1.098999023E0
4.011014132E1,6.980895996E-1,-9.596832275E0,-1.194335938E0
4.011511569E1,9.115295410E-1,-9.704895020E0,-1.403411865E0
4.012009005E1,1.061492920E0,-9.850875854E0,-1.590759277E0
4.012506442E1,1.106674194E0,-1.018789673E1,-1.803604126E0
4.013003878E1,9.817962646E-1,-1.062777710E1,-2.064453125E0
4.013501315E1,6.083374023E-1,-1.093978882E1,-2.278137207E0
4.013998751E1,1.386566162E-1,-1.122145081E1,-2.451095581E0
4.014496188E1,-3.329010010E-1,-1.137426758E1,-2.657958984E0
4.014993624E1,-6.550598145E-1,-1.131375122E1,-2.887771606E0
4.015491061E1,-1.156265259E0,-1.115078735E1,-3.116821289E0
4.015988497E1,-1.670394897E0,-1.096214294E1,-3.276412964E0
4.016485934E1,-2.003753662E0,-1.064120483E1,-3.419387817E0
4.016983370E1,-2.152862549E0,-1.039044189E1,-3.517654419E0
4.017480807E1,-2.148193359E0,-1.029495239E1,-3.571929932E0
4.017978243E1,-2.048385620E0,-1.007833862E1,-3.560623169E0
4.018475680E1,-1.630310059E0,-9.825942993E0,-3.192276001E0
4.018973116E1,-1.170562744E0,-9.762725830E0,-2.734176636E0
4.019470553E1,-4.371185303E-1,-9.844284058E0,-2.567550659E0
4.019967990E1,1.647338867E-1,-9.765045166E0,-2.587783813E0
4.020465426E1,8.868560791E-1,-9.399993896E0,-2.361938477E0
4.020962862E1,1.610778809E0,-8.847198486E0,-2.192337036E0
4.021460299E1,1.999511719E0,-8.394851685E0,-2.085845947E0
4.021957736E1,2.531768799E0,-7.784790039E0,-1.764602661E0
4.022455172E1,2.928176880E0,-7.453506470E0,-1.420639038E0
4.022952609E1,3.219589233E0,-7.173492432E0,-7.309722900E-1
4.023450045E1,3.298568726E0,-7.168670654E0,-1.363983154E-1
4.023947482E1,3.410552979E0,-7.463134766E0,2.672271729E-1
4.024444918E1,3.256378174E0,-7.907363892E0,6.977996826E-1
4.024942355E1,3.149871826E0,-8.518615723E0,1.007843018E0
4.025439791E1,3.016921997E0,-9.199584961E0,9.266662598E-1
4.025937228E1,2.625061035E0,-9.841430664E0,3.802490234E-1
4.026434664E1,2.111007690E0,-1.034550476E1,-3.699035645E-1
4.026932101E1,1.670349121E0,-1.046664429E1,-1.202728271E0
4.027429537E1,1.427795410E0,-1.018406677E1,-2.236389160E0
4.027926974E1,9.466247559E-1,-1.001539612E1,-3.205703735E0
4.028424410E1,3.923034668E-1,-9.956542969E0,-3.806457520E0
4.028921847E1,-1.352539062E-1,-9.960815430E0,-3.980987549E0
4.029419283E1,-5.318603516E-1,-1.005725098E1,-3.846572876E0
4.029916720E1,-7.528991699E-1,-1.021446228E1,-3.466598511E0
4.030414156E1,-7.890625000E-1,-1.042330933E1,-2.956085205E0
4.030911593E1,-6.025390625E-1,-1.061903381E1,-2.380325317E0
4.031409030E1,-2.662353516E-1,-1.073339844E1,-1.853652954E0
4.031906466E1,1.011505127E-1,-1.083866882E1,-1.519805908E0
4.032403903E1,5.865325928E-1,-1.099763489E1,-1.447647095E0
4.032901339E1,1.063262939E0,-1.102087402E1,-1.546386719E0
4.033398776E1,1.494995117E0,-1.097460938E1,-1.845535278E0
4.033896212E1,1.713394165E0,-1.111445618E1,-2.104904175E0
4.034393649E1,2.242599487E0,-1.098890686E1,-2.289260864E0
4.034891085E1,2.794601440E0,-1.098602295E1,-2.315734863E0
4.035388522E1,3.323089600E0,-1.096945190E1,-2.208435059E0
4.035885958E1,3.836807251E0,-1.107536316E1,-2.053771973E0
4.036383395E1,3.905822754E0,-1.122962952E1,-1.618560791E0
4.036880831E1,3.742462158E0,-1.128924561E1,-1.343322754E0
4.037378268E1,3.801025391E0,-1.147547913E1,-9.962310791E-1
4.037875704E1,3.734085083E0,-1.161759949E1,-9.057006836E-1
4.038373141E1,3.189834595E0,-1.178230286E1,-9.460754395E-1
4.038870577E1,2.969482422E0,-1.195822144E1,-1.062164307E0
4.039368014E1,2.486022949E0,-1.198616028E1,-1.102478027E0
4.039865450E1,2.615509033E0,-1.214753723E1,-9.314727783E-1
4.040362887E1,2.349319458E0,-1.211488342E1,-7.281799316E-1
4.040860324E1,2.346069336E0,-1.201512146E1,-3.389129639E-1
4.041357760E1,2.562561035E0,-1.193164062E1,-1.740417480E-1
4.041855197E1,2.576538086E0,-1.178421021E1,-1.573638916E-1
4.042352633E1,3.104904175E0,-1.176052856E1,1.419372559E-1
4.042850070E1,3.411087036E0,-1.169172668E1,7.286071777E-2
4.043347506E1,3.601760864E0,-1.153442383E1,3.468780518E-1
4.043844943E1,3.594787598E0,-1.129817200E1,5.949249268E-1
4.044342379E1,3.485122681E0,-1.092497253E1,-1.349334717E-1
4.044839816E1,3.392272949E0,-1.059468079E1,-3.018035889E-1
4.045337252E1,3.198669434E0,-1.041065979E1,-3.723754883E-1
4.045834689E1,2.955215454E0,-1.030795288E1,-3.301391602E-1
4.046332125E1,2.834899902E0,-1.013293457E1,2.214965820E-1
4.046829562E1,2.726638794E0,-9.894607544E0,-1.155090332E-2
4.047326998E1,2.505081177E0,-9.686996460E0,-2.717590332E-1
4.047824435E1,2.314834595E0,-9.494216919E0,-3.969879150E-1
4.048321871E1,2.305038452E0,-9.332580566E0,-5.714263916E-1
4.048819308E1,2.465484619E0,-9.195739746E0,-7.479248047E-1
4.049316744E1,2.815521240E0,-8.991485596E0,-9.387817383E-1
4.049814181E1,3.326217651E0,-8.647705078E0,-1.224655151E0
4.050311617E1,3.960327148E0,-8.245101929E0,-1.576782227E0
4.050809054E1,4.586944580E0,-7.819763184E0,-1.796066284E0
4.051306490E1,5.081787109E0,-7.427429199E0,-1.839553833E0
4.051803927E1,5.545440674E0,-7.169723511E0,-1.869064331E0
4.052301364E1,6.035797119E0,-7.007171631E0,-1.976943970E0
4.052798800E1,6.457199097E0,-6.920028687E0,-2.046539307E0
4.053296237E1,6.780838013E0,-6.916915894E0,-2.039886475E0
4.053793673E1,6.973922729E0,-6.969604492E0,-2.047668457E0
4.054291110E1,6.983764648E0,-7.078094482E0,-2.115524292E0
4.054788546E1,6.842285156E0,-7.247756958E0,-2.155960083E0
4.055285983E1,6.711486816E0,-7.354263306E0,-2.235519409E0
4.055783419E1,6.523300171E0,-7.230285645E0,-2.348800659E0
4.056280856E1,6.188186646E0,-6.928634644E0,-2.516967773E0
4.056778292E1,5.769073486E0,-6.691314697E0,-2.604660034E0
4.057275729E1,5.275054932E0,-6.576858521E0,-2.579421997E0
4.057773165E1,4.827438354E0,-6.509628296E0,-2.469345093E0
4.058270602E1,4.767654419E0,-6.389053345E0,-2.387954712E0
4.058768038E1,4.864181519E0,-6.182312012E0,-2.227828979E0
4.059265475E1,5.039001465E0,-5.928268433E0,-2.228576660E0
4.059762911E1,5.336318970E0,-5.690246582E0,-2.124221802E0
4.060260348E1,5.854354858E0,-5.352600098E0,-1.968521118E0
4.060757784E1,6.478088379E0,-5.035766602E0,-1.842254639E0
4.061255221E1,7.112075806E0,-4.763626099E0,-1.768661499E0
4.061752658E1,7.653350830E0,-4.489425659E0,-1.675476074E0
4.062250094E1,8.050994873E0,-4.372863770E0,-1.431747437E0
4.062747531E1,8.326446533E0,-4.486160278E0,-1.094848633E0
4.063244967E1,8.583679199E0,-4.723968506E0,-8.073272705E-1
4.063742404E1,8.782272339E0,-5.087463379E0,-5.907592773E-1
4.064239840E1,8.874145508E0,-5.423248291E0,-3.842010498E-1
4.064737277E1,8.770507812E0,-5.638854980E0,-2.821502686E-1
4.065234713E1,8.512161255E0,-5.703948975E0,-2.894439697E-1
4.065732150E1,8.300231934E0,-5.553146362E0,-4.019012451E-1
4.066229586E1,8.221084595E0,-5.226989746E0,-6.277923584E-1
4.066727023E1,8.240524292E0,-4.911071777E0,-8.386688232E-1
4.067224459E1,8.127426147E0,-4.697662354E0,-1.036743164E0
4.067721896E1,7.913345337E0,-4.565856934E0,-1.186340332E0
4.068219332E1,7.702301025E0,-4.515472412E0,-1.282638550E0
4.068716769E1,7.638626099E0,-4.445007324E0,-1.347839355E0
4.069214205E1,7.740005493E0,-4.308074951E0,-1.407958984E0
4.069711642E1,7.982711792E0,-4.079650879E0,-1.431274414E0
4.070209078E1,8.435852051E0,-3.852005005E0,-1.404830933E0
4.070706515E1,8.929000854E0,-3.604751587E0,-1.381469727E0
4.071203951E1,9.312072754E0,-3.341278076E0,-1.354156494E0
4.071701388E1,9.545730591E0,-3.156799316E0,-1.201538086E0
4.072198825E1,9.681365967E0,-2.995910645E0,-1.042831421E0
4.072696261E1,9.852996826E0,-2.716552734E0,-8.963165283E-1
4.073193698E1,1.025701904E1,-2.405456543E0,-6.325988770E-1
4.073691134E1,1.070993042E1,-2.199615479E0,-3.551177979E-1
4.074188570E1,1.101039124E1,-2.097503662E0,-1.479339600E-1
4.074686007E1,1.114566040E1,-2.043731689E0,2.059631348E-1
4.075183444E1,1.110493469E1,-2.082885742E0,5.615539551E-1
4.075680880E1,1.092393494E1,-2.185256958E0,8.907470703E-1
4.076178317E1,1.075445557E1,-2.189636230E0,1.253036499E0
4.076675753E1,1.057481384E1,-2.186111450E0,1.666809082E0
4.077173190E1,1.013992310E1,-2.345092773E0,2.173721313E0
4.077670626E1,9.685806274E0,-2.533081055E0,2.647399902E0
4.078168063E1,9.456451416E0,-2.620361328E0,3.047515869E0
4.078665499E1,9.222778320E0,-2.451461792E0,3.192886353E0
4.079162936E1,8.896804810E0,-2.058654785E0,3.420104980E0
4.079660372E1,8.648605347E0,-1.661636353E0,3.735733032E0
4.080157809E1,8.652648926E0,-1.307327271E0,4.024093628E0
4.080655245E1,8.865921021E0,-9.918060303E-1,4.146011353E0
4.081152682E1,9.065750122E0,-6.838836670E-1,4.213943481E0
4.081650118E1,9.178985596E0,-4.172058105E-1,4.456283569E0
4.082147555E1,9.221694946E0,-3.698883057E-1,4.813461304E0
4.082644991E1,9.259567261E0,-5.046539307E-1,5.160736084E0
4.083142428E1,9.303680420E0,-7.175903320E-1,5.474349976E0
4.083639864E1,9.381011963E0,-8.799896240E-1,5.707366943E0
4.084137301E1,9.505203247E0,-9.425659180E-1,5.781265259E0
4.084634738E1,9.579772949E0,-9.041442871E-1,5.754684448E0
4.085132174E1,9.623596191E0,-7.867736816E-1,5.741195679E0
4.085629611E1,9.578231812E0,-6.509399414E-1,5.653915405E0
4.086127047E1,9.523269653E0,-4.744415283E-1,5.451354980E0
4.086624484E1,9.474288940E0,-2.129974365E-1,5.259201050E0
4.087121920E1,9.418563843E0,7.278442383E-3,5.191940308E0
4.087619357E1,9.326965332E0,5.766296387E-2,5.243438721E0
4.088116793E1,9.254989624E0,-5.813598633E-2,5.325607300E0
4.088614230E1,9.308593750E0,-2.904815674E-1,5.445388794E0
4.089111666E1,9.332305908E0,-4.635620117E-1,5.473968506E0
4.089609103E1,9.004180908E0,-3.816528320E-1,5.339538574E0
4.090106539E1,8.298187256E0,-8.482360840E-2,5.281494141E0
4.090603976E1,7.548553467E0,2.193603516E-1,5.350128174E0
4.091101412E1,6.987777710E0,4.096069336E-1,5.413589478E0
4.091598849E1,6.596405029E0,4.490966797E-1,5.545394897E0
4.092096285E1,6.261917114E0,3.423614502E-1,5.782867432E0
4.092593722E1,6.019165039E0,1.719055176E-1,6.035263062E0
4.093091158E1,5.932235718E0,5.763244629E-2,6.199707031E0
4.093588595E1,5.927703857E0,-2.642822266E-2,6.295440674E0
4.094086032E1,5.978790283E0,-8.959960938E-2,6.414718628E0
4.094583468E1,6.074905396E0,-9.934997559E-2,6.480865479E0
4.095080904E1,6.298019409E0,-1.351776123E-1,6.564331055E0
4.095578341E1,6.655731201E0,-2.375640869E-1,6.529113770E0
4.096075778E1,7.044174194E0,-3.457031250E-1,6.404098511E0
4.096573214E1,7.289184570E0,-4.105529785E-1,6.139648438E0
4.097070651E1,7.451385498E0,-3.324890137E-1,5.881469727E0
4.097568087E1,7.535995483E0,-2.012176514E-1,5.648010254E0
4.098065524E1,7.443862915E0,-1.235046387E-1,5.405975342E0
4.098562960E1,7.319915771E0,-1.973571777E-1,5.186264038E0
4.099060397E1,7.260528564E0,-3.127136230E-1,4.980422974E0
4.099557833E1,7.286270142E0,-4.086303711E-1,4.734146118E0
4.100055270E1,7.188735962E0,-3.394012451E-1,4.360946655E0
4.100552706E1,6.978576660E0,-1.735382080E-1,3.982788086E0
4.101050143E1,6.807647705E0,8.415222168E-2,3.569320679E0
4.101547579E1,6.736694336E0,3.592987061E-1,3.060119629E0
4.102045016E1,6.638656616E0,7.688446045E-1,2.532913208E0
4.102542452E1,6.337509155E0,1.290328979E0,2.048614502E0
4.103039889E1,5.777465820E0,1.800674438E0,1.712356567E0
4.103537325E1,5.223419189E0,2.198837280E0,1.621902466E0
4.104034762E1,4.890869141E0,2.456115723E0,1.628585815E0
4.104532198E1,4.690277100E0,2.599349976E0,1.576095581E0
4.105029635E1,4.610931396E0,2.728439331E0,1.476272583E0
4.105527072E1,4.656600952E0,3.079452515E0,1.263061523E0
4.106024508E1,4.628097534E0,3.349746704E0,1.067108154E0
4.106521945E1,4.567260742E0,3.432189941E0,7.906341553E-1
4.107019381E1,4.271072388E0,3.319778442E0,6.647338867E-1
4.107516818E1,4.142379761E0,3.233062744E0,5.816955566E-1
4.108014254E1,4.083328247E0,3.022583008E0,3.583984375E-1
4.108511691E1,4.110031128E0,2.702331543E0,5.544128418E-1
4.109009127E1,5.514724731E0,1.799865723E0,3.479324341E0
4.109506564E1,1.164828491E1,5.500335693E-1,1.421725464E1
4.110004000E1,1.420721436E1,-4.362792969E-1,1.774713135E1
4.110501437E1,1.095745850E1,-4.025115967E-1,1.120495605E1
4.110998873E1,7.625549316E0,1.339401245E0,6.508392334E0
4.111496310E1,5.056167603E0,2.287765503E0,5.947860718E0
4.111993746E1,1.043548584E-1,1.338821411E0,5.172607422E0
4.112491183E1,-1.453277588E0,4.027343750E0,4.837158203E0
4.112988619E1,-2.397720337E0,2.377822876E0,5.681060791E0
4.113486056E1,-5.001953125E0,-2.055999756E0,8.269256592E0
4.113983492E1,-4.105239868E0,-1.504760742E0,1.102555847E1
4.114480929E1,-2.255264282E0,2.026718140E0,1.319595337E1
4.114978366E1,-2.516967773E0,3.730697632E0,1.341239929E1
4.115475802E1,-2.373916626E0,5.245864868E0,1.034097290E1
4.115973239E1,-2.737625122E0,5.189758301E0,7.451385498E0
4.116470675E1,-2.761611938E0,4.399154663E0,5.296844482E0
4.116968112E1,-1.674179077E0,3.638366699E0,5.300994873E0
4.117465548E1,-4.900054932E-1,3.080383301E0,6.129196167E0
4.117962985E1,1.659545898E-1,2.915206909E0,6.480514526E0
4.118460421E1,7.413177490E-1,2.916198730E0,5.935394287E0
4.118957858E1,1.477264404E0,2.993942261E0,5.228363037E0
4.119455294E1,2.134490967E0,3.262969971E0,4.905059814E0
4.119952731E1,2.939147949E0,3.557403564E0,4.742156982E0
4.120450167E1,2.975296021E0,3.611541748E0,4.748718262E0
4.120947604E1,2.808090210E0,3.684860229E0,4.753067017E0
4.121445040E1,3.022781372E0,3.858551025E0,4.805282593E0
4.121942477E1,3.452423096E0,3.934906006E0,5.184890747E0
4.122439913E1,3.757705688E0,3.667358398E0,5.519744873E0
4.122937350E1,3.787506104E0,3.296905518E0,5.614822388E0
4.123434786E1,3.619827271E0,2.989898682E0,5.568771362E0
4.123932223E1,3.797210693E0,2.720428467E0,5.418441772E0
4.124429659E1,4.285720825E0,2.649002075E0,5.287048340E0
4.124927096E1,4.691909790E0,2.511520386E0,5.077346802E0
4.125424532E1,4.924453735E0,2.244750977E0,5.099105835E0
4.125921969E1,5.241195679E0,2.141525269E0,5.185592651E0
4.126419406E1,5.425186157E0,2.125518799E0,5.339065552E0
4.126916842E1,5.186935425E0,2.139251709E0,5.925201416E0
4.127414279E1,4.386825562E0,2.259399414E0,6.780242920E0
4.127911715E1,3.592681885E0,2.428466797E0,7.377761841E0
4.128409152E1,3.105667114E0,2.601394653E0,7.648788452E0
4.128906588E1,2.713287354E0,2.783355713E0,7.978210449E0
4.129404025E1,2.638214111E0,2.870956421E0,8.486312866E0
4.129901461E1,3.015625000E0,2.830078125E0,9.081527710E0
4.130398898E1,3.262115479E0,2.577270508E0,9.339096069E0
4.130896334E1,3.279388428E0,2.321472168E0,9.247436523E0
4.131393771E1,3.361511230E0,2.428924561E0,9.054855347E0
4.131891207E1,3.250747681E0,2.668289185E0,8.743301392E0
4.132388644E1,3.028060913E0,2.670135498E0,8.648635864E0
4.132886080E1,2.941253662E0,2.484664917E0,8.850250244E0
4.133383517E1,2.846298218E0,2.316131592E0,8.907028198E0
4.133880953E1,2.573333740E0,2.125854492E0,8.779083252E0
4.134378390E1,2.314849854E0,1.907409668E0,8.746261597E0
4.134875826E1,2.345550537E0,1.733978271E0,9.150405884E0
4.135373263E1,2.675186157E0,1.676452637E0,9.689147949E0
4.135870700E1,2.919540405E0,1.666091919E0,1.025474548E1
4.136368136E1,2.948257446E0,1.781585693E0,1.090043640E1
4.136865572E1,2.905731201E0,2.121917725E0,1.144544983E1
4.137363009E1,2.809341431E0,2.441375732E0,1.116514587E1
4.137860446E1,2.271362305E0,2.260314941E0,1.069789124E1
4.138357882E1,1.534729004E0,1.727172852E0,1.017573547E1
4.138855319E1,7.254638672E-1,1.206268311E0,9.897232056E0
4.139352755E1,3.238830566E-1,9.004364014E-1,1.003834534E1
4.139850192E1,4.965209961E-2,9.376373291E-1,1.018177795E1
4.140347628E1,-3.333892822E-1,9.200592041E-1,9.753723145E0
4.140845065E1,-4.738311768E-1,8.505859375E-1,9.220626831E0
4.141342501E1,1.611785889E-1,2.548217773E-1,9.192443848E0
4.141839938E1,1.074874878E0,-2.492980957E-1,9.342315674E0
4.142337374E1,1.257461548E0,3.975830078E-1,8.888442993E0
4.142834811E1,1.389266968E0,9.085845947E-1,8.915603638E0
4.143332247E1,1.156219482E0,1.203704834E0,8.921386719E0
4.143829684E1,6.565093994E-1,1.262222290E0,8.858505249E0
4.144327120E1,1.047210693E-1,1.047592163E0,9.049392700E0
4.144824557E1,-3.137054443E-1,6.768646240E-1,9.364028931E0
4.145321993E1,-6.193695068E-1,3.989715576E-1,9.580429077E0
4.145819430E1,-3.802490234E-1,2.828369141E-1,9.678146362E0
4.146316866E1,3.867034912E-1,3.201904297E-1,9.186492920E0
4.146814303E1,1.080047607E0,4.431457520E-1,7.988327026E0
4.147311740E1,1.735351562E0,6.290588379E-1,6.869354248E0
4.147809176E1,2.348327637E0,8.768310547E-1,6.365280151E0
4.148306612E1,2.974792480E0,1.009704590E0,6.659500122E0
4.148804049E1,3.384292603E0,9.598999023E-1,7.308685303E0
4.149301486E1,3.402465820E0,7.582244873E-1,7.788848877E0
4.149798922E1,3.028152466E0,4.583892822E-1,7.967544556E0
4.150296359E1,2.382324219E0,3.050994873E-1,7.974380493E0
4.150793795E1,1.725585938E0,2.507476807E-1,8.171890259E0
4.151291232E1,1.207595825E0,2.547454834E-1,8.316223145E0
4.151788668E1,8.606567383E-1,3.001556396E-1,8.221130371E0
4.152286105E1,6.702728271E-1,4.338378906E-1,8.127990723E0
4.152783541E1,5.371551514E-1,6.232757568E-1,8.170333862E0
4.153280978E1,3.041381836E-1,8.777160645E-1,8.218017578E0
4.153778414E1,-1.321258545E-1,1.130828857E0,8.340621948E0
4.154275851E1,-5.479431152E-1,1.348052979E0,8.591033936E0
4.154773287E1,-1.079971313E0,1.553802490E0,9.055938721E0
4.155270724E1,-1.509628296E0,1.726089478E0,9.647888184E0
4.155768160E1,-1.881698608E0,1.910308838E0,1.053680420E1
4.156265597E1,-2.201599121E0,2.049484253E0,1.170695496E1
4.156763033E1,-2.469528198E0,2.198760986E0,1.290065002E1
4.157260470E1,-2.958908081E0,2.281555176E0,1.388002014E1
4.157757906E1,-3.150070190E0,2.310226440E0,1.466741943E1
4.158255343E1,-3.146041870E0,2.302703857E0,1.505947876E1
4.158752780E1,-3.100357056E0,2.262176514E0,1.503591919E1
4.159250216E1,-3.023422241E0,2.216217041E0,1.480961609E1
4.159747653E1,-2.853881836E0,2.154113770E0,1.446614075E1
4.160245089E1,-2.552261353E0,2.100189209E0,1.402410889E1
4.160742526E1,-2.173690796E0,2.119689941E0,1.341349792E1
4.161239962E1,-1.813293457E0,2.099197388E0,1.269010925E1
4.161737399E1,-1.550186157E0,2.046234131E0,1.193598938E1
4.162234835E1,-1.408432007E0,1.978454590E0,1.123522949E1
4.162732272E1,-1.273086548E0,1.951293945E0,1.066540527E1
4.163229708E1,-1.067260742E0,1.937210083E0,1.020005798E1
4.163727145E1,-8.384552002E-1,1.889312744E0,9.777465820E0
4.164224581E1,-6.060485840E-1,1.830307007E0,9.469268799E0
4.164722018E1,-3.785095215E-1,1.770996094E0,9.383880615E0
4.165219454E1,-1.529083252E-1,1.755462646E0,9.494018555E0
4.165716891E1,6.860351562E-2,1.792236328E0,9.603439331E0
4.166214327E1,2.297973633E-1,1.855377197E0,9.646316528E0
4.166711764E1,2.212524414E-1,1.958786011E0,9.690017700E0
4.167209200E1,1.464843750E-3,2.082122803E0,9.732925415E0
4.167706637E1,-2.339324951E-1,2.250686646E0,9.852401733E0
4.168204074E1,-2.146606445E-1,2.393600464E0,9.952117920E0
4.168701510E1,2.917480469E-2,2.404373169E0,1.017665100E1
4.169198947E1,1.760406494E-1,2.328430176E0,1.057807922E1
4.169696383E1,2.195739746E-2,2.205429077E0,1.101773071E1
4.170193820E1,-3.255157471E-1,2.145355225E0,1.140791321E1
4.170691256E1,-8.046722412E-1,2.089218140E0,1.169834900E1
4.171188693E1,-1.349121094E0,2.061676025E0,1.187640381E1
4.171686129E1,-1.625595093E0,2.104156494E0,1.178866577E1
4.172183566E1,-1.474182129E0,2.171157837E0,1.142486572E1
4.172681002E1,-1.159957886E0,2.192123413E0,1.089622498E1
4.173178439E1,-1.013427734E0,2.211624146E0,1.035656738E1
4.173675875E1,-1.016601562E0,2.154022217E0,9.812484741E0
4.174173312E1,-2.868423462E0,2.051803589E0,9.081802368E0
4.174670748E1,-4.687805176E0,2.173919678E0,8.082275391E0
4.175168185E1,-2.136749268E0,3.066345215E0,7.606292725E0
4.175665621E1,-4.080810547E-1,4.170944214E0,7.119140625E0
4.176163058E1,-1.024551392E0,4.620315552E0,6.889480591E0
4.176660494E1,-2.713027954E0,4.372726440E0,7.373886108E0
4.177157931E1,-4.368515015E0,3.777786255E0,7.913558960E0
4.177655367E1,-3.781921387E0,3.396697998E0,7.949111938E0
4.178152804E1,-1.778442383E0,3.474212646E0,7.716705322E0
4.178650240E1,-8.961944580E-1,3.469650269E0,8.029815674E0
4.179147677E1,-1.531311035E0,3.260772705E0,8.836563110E0
4.179645114E1,-2.404815674E0,3.102783203E0,9.568847656E0
4.180142550E1,-2.878295898E0,3.119049072E0,9.694000244E0
4.180639987E1,-2.845367432E0,3.243316650E0,9.372253418E0
4.181137423E1,-2.579925537E0,3.284317017E0,9.019546509E0
4.181634860E1,-2.301101685E0,3.174591064E0,8.880554199E0
4.182132296E1,-2.102600098E0,2.978897095E0,8.977478027E0
4.182629733E1,-1.951324463E0,2.777175903E0,9.237014771E0
4.183127169E1,-1.808868408E0,2.599212646E0,9.555877686E0
4.183624606E1,-1.696624756E0,2.424972534E0,9.918930054E0
4.184122042E1,-1.598114014E0,2.278823853E0,1.028149414E1
4.184619479E1,-1.539382935E0,2.164169312E0,1.046759033E1
4.185116915E1,-1.543746948E0,2.081222534E0,1.040783691E1
4.185614352E1,-1.578979492E0,2.018722534E0,1.021786499E1
4.186111788E1,-1.630249023E0,1.988861084E0,9.984313965E0
4.186609225E1,-1.632553101E0,1.999557495E0,9.738998413E0
4.187106661E1,-1.556991577E0,2.028442383E0,9.447784424E0
4.187604098E1,-1.423660278E0,2.106109619E0,9.108078003E0
4.188101534E1,-1.283767700E0,2.174453735E0,8.786422729E0
4.188598971E1,-1.102188110E0,2.233612061E0,8.564254761E0
4.189096408E1,-9.629364014E-1,2.306259155E0,8.442611694E0
4.189593844E1,-9.727478027E-1,2.389938354E0,8.398223877E0
4.190091281E1,-1.088241577E0,2.469512939E0,8.461196899E0
4.190588717E1,-1.173675537E0,2.548004150E0,8.561248779E0
4.191086154E1,-1.250000000E0,2.602508545E0,8.598815918E0
4.191583590E1,-1.315185547E0,2.647552490E0,8.644226074E0
4.192081027E1,-1.332641602E0,2.705612183E0,8.764999390E0
4.192578463E1,-1.278411865E0,2.781143188E0,8.742675781E0
4.193075900E1,-1.307678223E0,2.839660645E0,8.639801025E0
4.193573336E1,-1.358642578E0,2.871688843E0,8.522766113E0
4.194070773E1,-1.451400757E0,2.850891113E0,8.480468750E0
4.194568209E1,-1.530273438E0,2.814849854E0,8.499664307E0
4.195065646E1,-1.539184570E0,2.788467407E0,8.528640747E0
4.195563082E1,-1.542709351E0,2.765655518E0,8.485031128E0
4.196060519E1,-1.551696777E0,2.742889404E0,8.349853516E0
4.196557955E1,-1.567672729E0,2.741409302E0,8.244720459E0
4.197055392E1,-1.642166138E0,2.748214722E0,8.174850464E0
4.197552828E1,-1.774658203E0,2.769180298E0,8.092239380E0
4.198050265E1,-1.938079834E0,2.783645630E0,7.936859131E0
4.198547701E1,-2.053543091E0,2.795410156E0,7.800247192E0
4.199045138E1,-2.048553467E0,2.820678711E0,7.701644897E0
4.199542575E1,-1.955734253E0,2.833709717E0,7.671066284E0
4.200040011E1,-1.842666626E0,2.813430786E0,7.736618042E0
4.200537448E1,-1.819381714E0,2.806121826E0,7.910263062E0
4.201034884E1,-1.867767334E0,2.811370850E0,8.153854370E0
4.201532320E1,-1.914840698E0,2.816055298E0,8.446838379E0
4.202029757E1,-1.914825439E0,2.797592163E0,8.770645142E0
4.202527194E1,-1.916244507E0,2.794158936E0,9.047546387E0
4.203024630E1,-1.957351685E0,2.821823120E0,9.232009888E0
4.203522067E1,-2.029830933E0,2.858215332E0,9.332244873E0
4.204019503E1,-2.209243774E0,2.838241577E0,9.344146729E0
4.204516940E1,-2.262878418E0,2.905670166E0,9.279907227E0
4.205014376E1,-2.217437744E0,3.096771240E0,9.131149292E0
4.205511813E1,-2.246734619E0,3.161193848E0,8.003555298E0
4.206009249E1,-2.954544067E0,3.431228638E0,3.717697144E0
4.206506686E1,-2.583358765E0,3.615875244E0,4.843292236E0
4.207004122E1,-2.414566040E0,3.559356689E0,7.876266479E0
4.207501559E1,-3.157562256E0,3.346328735E0,8.172607422E0
4.207998995E1,-3.257720947E0,3.249359131E0,8.149581909E0
4.208496432E1,-3.099914551E0,3.171096802E0,9.016479492E0
4.208993868E1,-3.150466919E0,3.052886963E0,9.781478882E0
4.209491305E1,-3.034271240E0,2.893173218E0,1.033099365E1
4.209988741E1,-2.718688965E0,2.781082153E0,1.071829224E1
4.210486178E1,-2.483535767E0,2.736145020E0,1.080390930E1
4.210983614E1,-2.561798096E0,2.733749390E0,1.079141235E1
4.211481051E1,-2.919815063E0,2.776275635E0,1.076242065E1
4.211978488E1,-3.304595947E0,2.910400391E0,1.041549683E1
4.212475924E1,-3.473266602E0,3.069427490E0,1.005607605E1
4.212973361E1,-3.380493164E0,3.194000244E0,9.665908813E0
4.213470797E1,-3.226409912E0,3.268386841E0,9.297821045E0
4.213968234E1,-3.081634521E0,3.255950928E0,8.834625244E0
4.214465670E1,-2.956741333E0,3.252212524E0,8.403808594E0
4.214963107E1,-2.742263794E0,3.207992554E0,8.010131836E0
4.215460543E1,-2.604507446E0,3.212738037E0,7.535781860E0
4.215957980E1,-2.511489868E0,3.169372559E0,7.393814087E0
4.216455416E1,-2.463638306E0,3.124847412E0,7.605972290E0
4.216952853E1,-2.430084229E0,3.039459229E0,8.019485474E0
